 SVX cage parameters:
     2.20000
     0.50000     0.20000
     0.00000
           6
   -40.00000   -26.50000   -26.50000    26.50000    26.50000    40.00000
    53.00000    53.00000    22.14782    22.14782    53.00000    53.00000
     0.00000     0.00000     0.00000
 SVX barrel parameters:
           4
     2.63000     5.19260    11.76500    16.68700     1.14100
     0.00000     0.00000     0.00000     0.00000
           4           4           5           6
     0.69600     0.69600     1.74500     1.74500
     0.01000     0.01000     0.03125     0.03125
     2.83600     2.83600     3.18770     3.18770
     0.01900     0.01900     0.00000     0.00000
     0.02000     0.02000     0.00000     0.00000
    26.70000    13.62600    17.00000    12.00000
   -13.00000   -12.98000     0.00000     0.00000
           2
           5           5
     0.00000   180.00000
           2
          10          10
     0.00000   180.00000
           2
           8           8
     0.00000   180.00000
           2
          12          12
     0.00000   180.00000
 SVX barrel sensor rotation matrices and translation vectors:
           0           1           1           1
     1.60445    -2.11293     8.68574
     0.63652     0.77126     0.00000
    -0.77126     0.63652     0.00000
     0.00000     0.00000     1.00000
           0           1           1           2
     1.60445    -2.11293     2.99375
     0.63652     0.77126     0.00000
    -0.77126     0.63652     0.00000
     0.00000     0.00000     1.00000
           0           1           1           3
     1.60445    -2.11293    -2.69827
     0.63652     0.77126     0.00000
    -0.77126     0.63652     0.00000
     0.00000     0.00000     1.00000
           0           1           1           4
     1.60445    -2.11293    -8.39027
     0.63652     0.77126     0.00000
    -0.77126     0.63652     0.00000
     0.00000     0.00000     1.00000
           0           1           2           1
     2.35481    -1.16422     8.68662
     0.22206     0.97503     0.00000
    -0.97503     0.22206     0.00000
     0.00000     0.00000     1.00000
           0           1           2           2
     2.35481    -1.16422     2.99463
     0.22206     0.97503     0.00000
    -0.97503     0.22206     0.00000
     0.00000     0.00000     1.00000
           0           1           2           3
     2.35481    -1.16422    -2.69738
     0.22206     0.97503     0.00000
    -0.97503     0.22206     0.00000
     0.00000     0.00000     1.00000
           0           1           2           4
     2.35481    -1.16422    -8.38938
     0.22206     0.97503     0.00000
    -0.97503     0.22206     0.00000
     0.00000     0.00000     1.00000
           0           1           3           1
     2.61479     0.01316     8.67900
    -0.23978     0.97083     0.00000
    -0.97083    -0.23978     0.00000
     0.00000     0.00000     1.00000
           0           1           3           2
     2.61479     0.01316     2.98701
    -0.23978     0.97083     0.00000
    -0.97083    -0.23978     0.00000
     0.00000     0.00000     1.00000
           0           1           3           3
     2.61479     0.01316    -2.70500
    -0.23978     0.97083     0.00000
    -0.97083    -0.23978     0.00000
     0.00000     0.00000     1.00000
           0           1           3           4
     2.61479     0.01316    -8.39700
    -0.23978     0.97083     0.00000
    -0.97083    -0.23978     0.00000
     0.00000     0.00000     1.00000
           0           1           4           1
     2.34237     1.19510     8.68545
    -0.65046     0.75954     0.00000
    -0.75954    -0.65046     0.00000
     0.00000     0.00000     1.00000
           0           1           4           2
     2.34237     1.19510     2.99346
    -0.65046     0.75954     0.00000
    -0.75954    -0.65046     0.00000
     0.00000     0.00000     1.00000
           0           1           4           3
     2.34237     1.19510    -2.69855
    -0.65046     0.75954     0.00000
    -0.75954    -0.65046     0.00000
     0.00000     0.00000     1.00000
           0           1           4           4
     2.34237     1.19510    -8.39055
    -0.65046     0.75954     0.00000
    -0.75954    -0.65046     0.00000
     0.00000     0.00000     1.00000
           0           1           5           1
     1.52831     2.09056     8.66883
    -0.92239     0.38625     0.00000
    -0.38625    -0.92239     0.00000
     0.00000     0.00000     1.00000
           0           1           5           2
     1.52831     2.09056     2.97684
    -0.92239     0.38625     0.00000
    -0.38625    -0.92239     0.00000
     0.00000     0.00000     1.00000
           0           1           5           3
     1.52831     2.09056    -2.71517
    -0.92239     0.38625     0.00000
    -0.38625    -0.92239     0.00000
     0.00000     0.00000     1.00000
           0           1           5           4
     1.52831     2.09056    -8.40717
    -0.92239     0.38625     0.00000
    -0.38625    -0.92239     0.00000
     0.00000     0.00000     1.00000
           0           1           6           1
    -1.53962     2.08107    -8.51931
     0.92149     0.38839     0.00000
     0.38839    -0.92149     0.00000
     0.00000    -0.00000    -1.00000
           0           1           6           2
    -1.53962     2.08107    -2.82731
     0.92149     0.38839     0.00000
     0.38839    -0.92149     0.00000
     0.00000    -0.00000    -1.00000
           0           1           6           3
    -1.53962     2.08107     2.86469
     0.92149     0.38839     0.00000
     0.38839    -0.92149     0.00000
     0.00000    -0.00000    -1.00000
           0           1           6           4
    -1.53962     2.08107     8.55669
     0.92149     0.38839     0.00000
     0.38839    -0.92149     0.00000
     0.00000    -0.00000    -1.00000
           0           1           7           1
    -2.33029     1.17163    -8.51829
     0.64868     0.76106     0.00000
     0.76106    -0.64868     0.00000
     0.00000    -0.00000    -1.00000
           0           1           7           2
    -2.33029     1.17163    -2.82629
     0.64868     0.76106     0.00000
     0.76106    -0.64868     0.00000
     0.00000    -0.00000    -1.00000
           0           1           7           3
    -2.33029     1.17163     2.86571
     0.64868     0.76106     0.00000
     0.76106    -0.64868     0.00000
     0.00000    -0.00000    -1.00000
           0           1           7           4
    -2.33029     1.17163     8.55771
     0.64868     0.76106     0.00000
     0.76106    -0.64868     0.00000
     0.00000    -0.00000    -1.00000
           0           1           8           1
    -2.64403     0.00841    -8.52921
     0.23750     0.97139     0.00000
     0.97139    -0.23750    -0.00000
    -0.00000     0.00000    -1.00000
           0           1           8           2
    -2.64403     0.00841    -2.83721
     0.23750     0.97139     0.00000
     0.97139    -0.23750    -0.00000
    -0.00000     0.00000    -1.00000
           0           1           8           3
    -2.64403     0.00841     2.85479
     0.23750     0.97139     0.00000
     0.97139    -0.23750    -0.00000
    -0.00000     0.00000    -1.00000
           0           1           8           4
    -2.64403     0.00841     8.54679
     0.23750     0.97139     0.00000
     0.97139    -0.23750    -0.00000
    -0.00000     0.00000    -1.00000
           0           1           9           1
    -2.36950    -1.17282    -8.51251
    -0.22432     0.97451     0.00000
     0.97451     0.22432    -0.00000
    -0.00000    -0.00000    -1.00000
           0           1           9           2
    -2.36950    -1.17282    -2.82051
    -0.22432     0.97451     0.00000
     0.97451     0.22432    -0.00000
    -0.00000    -0.00000    -1.00000
           0           1           9           3
    -2.36950    -1.17282     2.87149
    -0.22432     0.97451     0.00000
     0.97451     0.22432    -0.00000
    -0.00000    -0.00000    -1.00000
           0           1           9           4
    -2.36950    -1.17282     8.56349
    -0.22432     0.97451     0.00000
     0.97451     0.22432    -0.00000
    -0.00000    -0.00000    -1.00000
           0           1          10           1
    -1.63305    -2.13163    -8.51058
    -0.63828     0.76980     0.00000
     0.76980     0.63828    -0.00000
    -0.00000    -0.00000    -1.00000
           0           1          10           2
    -1.63305    -2.13163    -2.81858
    -0.63828     0.76980     0.00000
     0.76980     0.63828    -0.00000
    -0.00000    -0.00000    -1.00000
           0           1          10           3
    -1.63305    -2.13163     2.87342
    -0.63828     0.76980     0.00000
     0.76980     0.63828    -0.00000
    -0.00000    -0.00000    -1.00000
           0           1          10           4
    -1.63305    -2.13163     8.56542
    -0.63828     0.76980     0.00000
     0.76980     0.63828    -0.00000
    -0.00000    -0.00000    -1.00000
           0           2           1           1
     2.54910    -4.54467     8.68067
     0.74304     0.66925     0.00000
    -0.66925     0.74304     0.00000
     0.00000     0.00000     1.00000
           0           2           1           2
     2.54910    -4.54467     2.98868
     0.74304     0.66925     0.00000
    -0.66925     0.74304     0.00000
     0.00000     0.00000     1.00000
           0           2           1           3
     2.54910    -4.54467    -2.70332
     0.74304     0.66925     0.00000
    -0.66925     0.74304     0.00000
     0.00000     0.00000     1.00000
           0           2           1           4
     2.54910    -4.54467    -8.39533
     0.74304     0.66925     0.00000
    -0.66925     0.74304     0.00000
     0.00000     0.00000     1.00000
           0           2           2           1
     3.54090    -3.83046     8.68541
     0.56446     0.82546     0.00000
    -0.82546     0.56446     0.00000
     0.00000     0.00000     1.00000
           0           2           2           2
     3.54090    -3.83046     2.99341
     0.56446     0.82546     0.00000
    -0.82546     0.56446     0.00000
     0.00000     0.00000     1.00000
           0           2           2           3
     3.54090    -3.83046    -2.69859
     0.56446     0.82546     0.00000
    -0.82546     0.56446     0.00000
     0.00000     0.00000     1.00000
           0           2           2           4
     3.54090    -3.83046    -8.39059
     0.56446     0.82546     0.00000
    -0.82546     0.56446     0.00000
     0.00000     0.00000     1.00000
           0           2           3           1
     4.31587    -2.88122     8.67455
     0.35411     0.93520     0.00000
    -0.93520     0.35411     0.00000
     0.00000     0.00000     1.00000
           0           2           3           2
     4.31587    -2.88122     2.98255
     0.35411     0.93520     0.00000
    -0.93520     0.35411     0.00000
     0.00000     0.00000     1.00000
           0           2           3           3
     4.31587    -2.88122    -2.70945
     0.35411     0.93520     0.00000
    -0.93520     0.35411     0.00000
     0.00000     0.00000     1.00000
           0           2           3           4
     4.31587    -2.88122    -8.40145
     0.35411     0.93520     0.00000
    -0.93520     0.35411     0.00000
     0.00000     0.00000     1.00000
           0           2           4           1
     4.86196    -1.78341     8.67643
     0.12383     0.99230     0.00000
    -0.99230     0.12383     0.00000
     0.00000     0.00000     1.00000
           0           2           4           2
     4.86196    -1.78341     2.98443
     0.12383     0.99230     0.00000
    -0.99230     0.12383     0.00000
     0.00000     0.00000     1.00000
           0           2           4           3
     4.86196    -1.78341    -2.70757
     0.12383     0.99230     0.00000
    -0.99230     0.12383     0.00000
     0.00000     0.00000     1.00000
           0           2           4           4
     4.86196    -1.78341    -8.39957
     0.12383     0.99230     0.00000
    -0.99230     0.12383     0.00000
     0.00000     0.00000     1.00000
           0           2           5           1
     5.16425    -0.59428     8.67243
    -0.11344     0.99355     0.00000
    -0.99355    -0.11344     0.00000
     0.00000     0.00000     1.00000
           0           2           5           2
     5.16425    -0.59428     2.98043
    -0.11344     0.99355     0.00000
    -0.99355    -0.11344     0.00000
     0.00000     0.00000     1.00000
           0           2           5           3
     5.16425    -0.59428    -2.71157
    -0.11344     0.99355     0.00000
    -0.99355    -0.11344     0.00000
     0.00000     0.00000     1.00000
           0           2           5           4
     5.16425    -0.59428    -8.40358
    -0.11344     0.99355     0.00000
    -0.99355    -0.11344     0.00000
     0.00000     0.00000     1.00000
           0           2           6           1
     5.09225     0.61974     8.65714
    -0.34430     0.93886     0.00000
    -0.93886    -0.34430     0.00000
     0.00000     0.00000     1.00000
           0           2           6           2
     5.09225     0.61974     2.96514
    -0.34430     0.93886     0.00000
    -0.93886    -0.34430     0.00000
     0.00000     0.00000     1.00000
           0           2           6           3
     5.09225     0.61974    -2.72686
    -0.34430     0.93886     0.00000
    -0.93886    -0.34430     0.00000
     0.00000     0.00000     1.00000
           0           2           6           4
     5.09225     0.61974    -8.41886
    -0.34430     0.93886     0.00000
    -0.93886    -0.34430     0.00000
     0.00000     0.00000     1.00000
           0           2           7           1
     4.89618     1.84267     8.67667
    -0.55580     0.83131     0.00000
    -0.83131    -0.55580     0.00000
     0.00000     0.00000     1.00000
           0           2           7           2
     4.89618     1.84267     2.98467
    -0.55580     0.83131     0.00000
    -0.83131    -0.55580     0.00000
     0.00000     0.00000     1.00000
           0           2           7           3
     4.89618     1.84267    -2.70733
    -0.55580     0.83131     0.00000
    -0.83131    -0.55580     0.00000
     0.00000     0.00000     1.00000
           0           2           7           4
     4.89618     1.84267    -8.39933
    -0.55580     0.83131     0.00000
    -0.83131    -0.55580     0.00000
     0.00000     0.00000     1.00000
           0           2           8           1
     4.31251     2.91752     8.67356
    -0.73600     0.67698     0.00000
    -0.67698    -0.73600     0.00000
     0.00000     0.00000     1.00000
           0           2           8           2
     4.31251     2.91752     2.98156
    -0.73600     0.67698     0.00000
    -0.67698    -0.73600     0.00000
     0.00000     0.00000     1.00000
           0           2           8           3
     4.31251     2.91752    -2.71044
    -0.73600     0.67698     0.00000
    -0.67698    -0.73600     0.00000
     0.00000     0.00000     1.00000
           0           2           8           4
     4.31251     2.91752    -8.40244
    -0.73600     0.67698     0.00000
    -0.67698    -0.73600     0.00000
     0.00000     0.00000     1.00000
           0           2           9           1
     3.46995     3.81178     8.66071
    -0.87477     0.48454     0.00000
    -0.48454    -0.87477     0.00000
     0.00000     0.00000     1.00000
           0           2           9           2
     3.46995     3.81178     2.96871
    -0.87477     0.48454     0.00000
    -0.48454    -0.87477     0.00000
     0.00000     0.00000     1.00000
           0           2           9           3
     3.46995     3.81178    -2.72329
    -0.87477     0.48454     0.00000
    -0.48454    -0.87477     0.00000
     0.00000     0.00000     1.00000
           0           2           9           4
     3.46995     3.81178    -8.41529
    -0.87477     0.48454     0.00000
    -0.48454    -0.87477     0.00000
     0.00000     0.00000     1.00000
           0           2          10           1
     2.46886     4.50901     8.67152
    -0.96430     0.26482     0.00000
    -0.26482    -0.96430     0.00000
     0.00000     0.00000     1.00000
           0           2          10           2
     2.46886     4.50901     2.97952
    -0.96430     0.26482     0.00000
    -0.26482    -0.96430     0.00000
     0.00000     0.00000     1.00000
           0           2          10           3
     2.46886     4.50901    -2.71248
    -0.96430     0.26482     0.00000
    -0.26482    -0.96430     0.00000
     0.00000     0.00000     1.00000
           0           2          10           4
     2.46886     4.50901    -8.40448
    -0.96430     0.26482     0.00000
    -0.26482    -0.96430     0.00000
     0.00000     0.00000     1.00000
           0           2          11           1
    -2.46283     4.50570    -8.53335
     0.96424     0.26505     0.00000
     0.26505    -0.96424     0.00000
     0.00000    -0.00000    -1.00000
           0           2          11           2
    -2.46283     4.50570    -2.84135
     0.96424     0.26505     0.00000
     0.26505    -0.96424     0.00000
     0.00000    -0.00000    -1.00000
           0           2          11           3
    -2.46283     4.50570     2.85064
     0.96424     0.26505     0.00000
     0.26505    -0.96424     0.00000
     0.00000    -0.00000    -1.00000
           0           2          11           4
    -2.46283     4.50570     8.54265
     0.96424     0.26505     0.00000
     0.26505    -0.96424     0.00000
     0.00000    -0.00000    -1.00000
           0           2          12           1
    -3.50268     3.84286    -8.52961
     0.87466     0.48474     0.00000
     0.48474    -0.87466     0.00000
     0.00000    -0.00000    -1.00000
           0           2          12           2
    -3.50268     3.84286    -2.83761
     0.87466     0.48474     0.00000
     0.48474    -0.87466     0.00000
     0.00000    -0.00000    -1.00000
           0           2          12           3
    -3.50268     3.84286     2.85439
     0.87466     0.48474     0.00000
     0.48474    -0.87466     0.00000
     0.00000    -0.00000    -1.00000
           0           2          12           4
    -3.50268     3.84286     8.54639
     0.87466     0.48474     0.00000
     0.48474    -0.87466     0.00000
     0.00000    -0.00000    -1.00000
           0           2          13           1
    -4.28717     2.89858    -8.53213
     0.73584     0.67716     0.00000
     0.67716    -0.73584     0.00000
     0.00000    -0.00000    -1.00000
           0           2          13           2
    -4.28717     2.89858    -2.84013
     0.73584     0.67716     0.00000
     0.67716    -0.73584     0.00000
     0.00000    -0.00000    -1.00000
           0           2          13           3
    -4.28717     2.89858     2.85187
     0.73584     0.67716     0.00000
     0.67716    -0.73584     0.00000
     0.00000    -0.00000    -1.00000
           0           2          13           4
    -4.28717     2.89858     8.54387
     0.73584     0.67716     0.00000
     0.67716    -0.73584     0.00000
     0.00000    -0.00000    -1.00000
           0           2          14           1
    -4.84311     1.80903    -8.53283
     0.55559     0.83146     0.00000
     0.83146    -0.55559     0.00000
     0.00000    -0.00000    -1.00000
           0           2          14           2
    -4.84311     1.80903    -2.84083
     0.55559     0.83146     0.00000
     0.83146    -0.55559     0.00000
     0.00000    -0.00000    -1.00000
           0           2          14           3
    -4.84311     1.80903     2.85117
     0.55559     0.83146     0.00000
     0.83146    -0.55559     0.00000
     0.00000    -0.00000    -1.00000
           0           2          14           4
    -4.84311     1.80903     8.54317
     0.55559     0.83146     0.00000
     0.83146    -0.55559     0.00000
     0.00000    -0.00000    -1.00000
           0           2          15           1
    -5.18936     0.63142    -8.53100
     0.34407     0.93894     0.00000
     0.93894    -0.34407    -0.00000
    -0.00000     0.00000    -1.00000
           0           2          15           2
    -5.18936     0.63142    -2.83900
     0.34407     0.93894     0.00000
     0.93894    -0.34407    -0.00000
    -0.00000     0.00000    -1.00000
           0           2          15           3
    -5.18936     0.63142     2.85300
     0.34407     0.93894     0.00000
     0.93894    -0.34407    -0.00000
    -0.00000     0.00000    -1.00000
           0           2          15           4
    -5.18936     0.63142     8.54500
     0.34407     0.93894     0.00000
     0.93894    -0.34407    -0.00000
    -0.00000     0.00000    -1.00000
           0           2          16           1
    -5.16679    -0.59396    -8.52468
     0.11319     0.99357     0.00000
     0.99357    -0.11319    -0.00000
    -0.00000     0.00000    -1.00000
           0           2          16           2
    -5.16679    -0.59396    -2.83268
     0.11319     0.99357     0.00000
     0.99357    -0.11319    -0.00000
    -0.00000     0.00000    -1.00000
           0           2          16           3
    -5.16679    -0.59396     2.85932
     0.11319     0.99357     0.00000
     0.99357    -0.11319    -0.00000
    -0.00000     0.00000    -1.00000
           0           2          16           4
    -5.16679    -0.59396     8.55132
     0.11319     0.99357     0.00000
     0.99357    -0.11319    -0.00000
    -0.00000     0.00000    -1.00000
           0           2          17           1
    -4.86848    -1.78375    -8.52613
    -0.12407     0.99227     0.00000
     0.99227     0.12407    -0.00000
    -0.00000    -0.00000    -1.00000
           0           2          17           2
    -4.86848    -1.78375    -2.83413
    -0.12407     0.99227     0.00000
     0.99227     0.12407    -0.00000
    -0.00000    -0.00000    -1.00000
           0           2          17           3
    -4.86848    -1.78375     2.85787
    -0.12407     0.99227     0.00000
     0.99227     0.12407    -0.00000
    -0.00000    -0.00000    -1.00000
           0           2          17           4
    -4.86848    -1.78375     8.54987
    -0.12407     0.99227     0.00000
     0.99227     0.12407    -0.00000
    -0.00000    -0.00000    -1.00000
           0           2          18           1
    -4.33202    -2.88586    -8.52871
    -0.35434     0.93512     0.00000
     0.93512     0.35434    -0.00000
    -0.00000    -0.00000    -1.00000
           0           2          18           2
    -4.33202    -2.88586    -2.83671
    -0.35434     0.93512     0.00000
     0.93512     0.35434    -0.00000
    -0.00000    -0.00000    -1.00000
           0           2          18           3
    -4.33201    -2.88586     2.85529
    -0.35434     0.93512     0.00000
     0.93512     0.35434    -0.00000
    -0.00000    -0.00000    -1.00000
           0           2          18           4
    -4.33201    -2.88586     8.54729
    -0.35434     0.93512     0.00000
     0.93512     0.35434    -0.00000
    -0.00000    -0.00000    -1.00000
           0           2          19           1
    -3.55922    -3.83743    -8.52087
    -0.56467     0.82532     0.00000
     0.82532     0.56467    -0.00000
    -0.00000    -0.00000    -1.00000
           0           2          19           2
    -3.55922    -3.83743    -2.82887
    -0.56467     0.82532     0.00000
     0.82532     0.56467    -0.00000
    -0.00000    -0.00000    -1.00000
           0           2          19           3
    -3.55922    -3.83743     2.86313
    -0.56467     0.82532     0.00000
     0.82532     0.56467    -0.00000
    -0.00000    -0.00000    -1.00000
           0           2          19           4
    -3.55922    -3.83743     8.55513
    -0.56467     0.82532     0.00000
     0.82532     0.56467    -0.00000
    -0.00000    -0.00000    -1.00000
           0           2          20           1
    -2.58463    -4.57386    -8.52107
    -0.74320     0.66907     0.00000
     0.66907     0.74320    -0.00000
    -0.00000    -0.00000    -1.00000
           0           2          20           2
    -2.58463    -4.57386    -2.82907
    -0.74320     0.66907     0.00000
     0.66907     0.74320    -0.00000
    -0.00000    -0.00000    -1.00000
           0           2          20           3
    -2.58463    -4.57386     2.86293
    -0.74320     0.66907     0.00000
     0.66907     0.74320    -0.00000
    -0.00000    -0.00000    -1.00000
           0           2          20           4
    -2.58463    -4.57386     8.55493
    -0.74320     0.66907     0.00000
     0.66907     0.74320    -0.00000
    -0.00000    -0.00000    -1.00000
           0           3           1           1
     5.71852   -10.30902    12.84341
    -0.87599    -0.48233     0.00000
    -0.48233     0.87599     0.00000
    -0.00000     0.00000    -1.00000
           0           3           1           2
     5.71852   -10.30902     6.46801
    -0.87599    -0.48233     0.00000
    -0.48233     0.87599     0.00000
    -0.00000     0.00000    -1.00000
           0           3           1           3
     5.71852   -10.30902     0.09261
    -0.87599    -0.48233     0.00000
    -0.48233     0.87599     0.00000
    -0.00000     0.00000    -1.00000
           0           3           1           4
     5.71852   -10.30902    -6.28279
    -0.87599    -0.48233     0.00000
    -0.48233     0.87599     0.00000
    -0.00000     0.00000    -1.00000
           0           3           1           5
     5.71852   -10.30902   -12.65819
    -0.87599    -0.48233     0.00000
    -0.48233     0.87599     0.00000
    -0.00000     0.00000    -1.00000
           0           3           2           1
     7.60574    -7.11185    12.83378
    -0.68358    -0.72988     0.00000
    -0.72988     0.68358     0.00000
    -0.00000     0.00000    -1.00000
           0           3           2           2
     7.60574    -7.11185     6.45838
    -0.68358    -0.72988     0.00000
    -0.72988     0.68358     0.00000
    -0.00000     0.00000    -1.00000
           0           3           2           3
     7.60574    -7.11185     0.08298
    -0.68358    -0.72988     0.00000
    -0.72988     0.68358     0.00000
    -0.00000     0.00000    -1.00000
           0           3           2           4
     7.60574    -7.11185    -6.29242
    -0.68358    -0.72988     0.00000
    -0.72988     0.68358     0.00000
    -0.00000     0.00000    -1.00000
           0           3           2           5
     7.60574    -7.11185   -12.66782
    -0.68358    -0.72988     0.00000
    -0.72988     0.68358     0.00000
    -0.00000     0.00000    -1.00000
           0           3           3           1
    11.51425    -5.59288    12.83071
    -0.43777    -0.89909     0.00000
    -0.89909     0.43777     0.00000
    -0.00000     0.00000    -1.00000
           0           3           3           2
    11.51425    -5.59288     6.45531
    -0.43777    -0.89909     0.00000
    -0.89909     0.43777     0.00000
    -0.00000     0.00000    -1.00000
           0           3           3           3
    11.51424    -5.59288     0.07991
    -0.43777    -0.89909     0.00000
    -0.89909     0.43777     0.00000
    -0.00000     0.00000    -1.00000
           0           3           3           4
    11.51424    -5.59288    -6.29549
    -0.43777    -0.89909     0.00000
    -0.89909     0.43777     0.00000
    -0.00000     0.00000    -1.00000
           0           3           3           5
    11.51424    -5.59288   -12.67089
    -0.43777    -0.89909     0.00000
    -0.89909     0.43777     0.00000
    -0.00000     0.00000    -1.00000
           0           3           4           1
    11.56596    -2.01144    12.84825
    -0.17197    -0.98510     0.00000
    -0.98510     0.17197     0.00000
    -0.00000     0.00000    -1.00000
           0           3           4           2
    11.56596    -2.01144     6.47284
    -0.17197    -0.98510     0.00000
    -0.98510     0.17197     0.00000
    -0.00000     0.00000    -1.00000
           0           3           4           3
    11.56596    -2.01144     0.09744
    -0.17197    -0.98510     0.00000
    -0.98510     0.17197     0.00000
    -0.00000     0.00000    -1.00000
           0           3           4           4
    11.56596    -2.01144    -6.27796
    -0.17197    -0.98510     0.00000
    -0.98510     0.17197     0.00000
    -0.00000     0.00000    -1.00000
           0           3           4           5
    11.56596    -2.01144   -12.65336
    -0.17197    -0.98510     0.00000
    -0.98510     0.17197     0.00000
    -0.00000     0.00000    -1.00000
           0           3           5           1
    10.10755     1.44276    12.81977
     0.14153    -0.98993     0.00000
    -0.98993    -0.14153     0.00000
    -0.00000    -0.00000    -1.00000
           0           3           5           2
    10.10755     1.44276     6.44437
     0.14153    -0.98993     0.00000
    -0.98993    -0.14153     0.00000
    -0.00000    -0.00000    -1.00000
           0           3           5           3
    10.10755     1.44276     0.06897
     0.14153    -0.98993     0.00000
    -0.98993    -0.14153     0.00000
    -0.00000    -0.00000    -1.00000
           0           3           5           4
    10.10755     1.44276    -6.30643
     0.14153    -0.98993     0.00000
    -0.98993    -0.14153     0.00000
    -0.00000    -0.00000    -1.00000
           0           3           5           5
    10.10755     1.44276   -12.68183
     0.14153    -0.98993     0.00000
    -0.98993    -0.14153     0.00000
    -0.00000    -0.00000    -1.00000
           0           3           6           1
    11.70825     5.53177    12.87058
     0.42733    -0.90410     0.00000
    -0.90410    -0.42733     0.00000
    -0.00000    -0.00000    -1.00000
           0           3           6           2
    11.70825     5.53177     6.49518
     0.42733    -0.90410     0.00000
    -0.90410    -0.42733     0.00000
    -0.00000    -0.00000    -1.00000
           0           3           6           3
    11.70825     5.53177     0.11978
     0.42733    -0.90410     0.00000
    -0.90410    -0.42733     0.00000
    -0.00000    -0.00000    -1.00000
           0           3           6           4
    11.70825     5.53177    -6.25562
     0.42733    -0.90410     0.00000
    -0.90410    -0.42733     0.00000
    -0.00000    -0.00000    -1.00000
           0           3           6           5
    11.70825     5.53177   -12.63102
     0.42733    -0.90410     0.00000
    -0.90410    -0.42733     0.00000
    -0.00000    -0.00000    -1.00000
           0           3           7           1
     8.83308     7.73660    12.85115
     0.66075    -0.75060     0.00000
    -0.75060    -0.66075     0.00000
    -0.00000    -0.00000    -1.00000
           0           3           7           2
     8.83308     7.73660     6.47575
     0.66075    -0.75060     0.00000
    -0.75060    -0.66075     0.00000
    -0.00000    -0.00000    -1.00000
           0           3           7           3
     8.83308     7.73660     0.10034
     0.66075    -0.75060     0.00000
    -0.75060    -0.66075     0.00000
    -0.00000    -0.00000    -1.00000
           0           3           7           4
     8.83308     7.73660    -6.27506
     0.66075    -0.75060     0.00000
    -0.75060    -0.66075     0.00000
    -0.00000    -0.00000    -1.00000
           0           3           7           5
     8.83308     7.73660   -12.65045
     0.66075    -0.75060     0.00000
    -0.75060    -0.66075     0.00000
    -0.00000    -0.00000    -1.00000
           0           3           8           1
     5.28718     8.89781    12.84196
     0.86071    -0.50909     0.00000
    -0.50909    -0.86071     0.00000
    -0.00000    -0.00000    -1.00000
           0           3           8           2
     5.28718     8.89781     6.46656
     0.86071    -0.50909     0.00000
    -0.50909    -0.86071     0.00000
    -0.00000    -0.00000    -1.00000
           0           3           8           3
     5.28718     8.89781     0.09116
     0.86071    -0.50909     0.00000
    -0.50909    -0.86071     0.00000
    -0.00000    -0.00000    -1.00000
           0           3           8           4
     5.28718     8.89781    -6.28424
     0.86071    -0.50909     0.00000
    -0.50909    -0.86071     0.00000
    -0.00000    -0.00000    -1.00000
           0           3           8           5
     5.28718     8.89781   -12.65964
     0.86071    -0.50909     0.00000
    -0.50909    -0.86071     0.00000
    -0.00000    -0.00000    -1.00000
           0           3           9           1
    -5.30299     8.91169   -12.78088
    -0.85915    -0.51173     0.00000
     0.51173    -0.85915     0.00000
     0.00000     0.00000     1.00000
           0           3           9           2
    -5.30299     8.91169    -6.40548
    -0.85915    -0.51173     0.00000
     0.51173    -0.85915     0.00000
     0.00000     0.00000     1.00000
           0           3           9           3
    -5.30299     8.91169    -0.03007
    -0.85915    -0.51173     0.00000
     0.51173    -0.85915     0.00000
     0.00000     0.00000     1.00000
           0           3           9           4
    -5.30299     8.91169     6.34533
    -0.85915    -0.51173     0.00000
     0.51173    -0.85915     0.00000
     0.00000     0.00000     1.00000
           0           3           9           5
    -5.30299     8.91169    12.72073
    -0.85915    -0.51173     0.00000
     0.51173    -0.85915     0.00000
     0.00000     0.00000     1.00000
           0           3          10           1
    -8.81357     7.73442   -12.75474
    -0.65853    -0.75255     0.00000
     0.75255    -0.65853    -0.00000
     0.00000    -0.00000     1.00000
           0           3          10           2
    -8.81357     7.73442    -6.37934
    -0.65853    -0.75255     0.00000
     0.75255    -0.65853    -0.00000
     0.00000    -0.00000     1.00000
           0           3          10           3
    -8.81357     7.73442    -0.00394
    -0.65853    -0.75255     0.00000
     0.75255    -0.65853    -0.00000
     0.00000    -0.00000     1.00000
           0           3          10           4
    -8.81357     7.73442     6.37146
    -0.65853    -0.75255     0.00000
     0.75255    -0.65853    -0.00000
     0.00000    -0.00000     1.00000
           0           3          10           5
    -8.81357     7.73442    12.74686
    -0.65853    -0.75255     0.00000
     0.75255    -0.65853    -0.00000
     0.00000    -0.00000     1.00000
           0           3          11           1
   -11.59954     5.46401   -12.76412
    -0.42472    -0.90532     0.00000
     0.90532    -0.42472    -0.00000
     0.00000    -0.00000     1.00000
           0           3          11           2
   -11.59954     5.46401    -6.38872
    -0.42472    -0.90532     0.00000
     0.90532    -0.42472    -0.00000
     0.00000    -0.00000     1.00000
           0           3          11           3
   -11.59954     5.46401    -0.01332
    -0.42472    -0.90532     0.00000
     0.90532    -0.42472    -0.00000
     0.00000    -0.00000     1.00000
           0           3          11           4
   -11.59954     5.46401     6.36208
    -0.42472    -0.90532     0.00000
     0.90532    -0.42472    -0.00000
     0.00000    -0.00000     1.00000
           0           3          11           5
   -11.59954     5.46401    12.73748
    -0.42472    -0.90532     0.00000
     0.90532    -0.42472    -0.00000
     0.00000    -0.00000     1.00000
           0           3          12           1
   -10.28236     1.45457   -12.74821
    -0.13849    -0.99036     0.00000
     0.99036    -0.13849    -0.00000
     0.00000    -0.00000     1.00000
           0           3          12           2
   -10.28236     1.45457    -6.37281
    -0.13849    -0.99036     0.00000
     0.99036    -0.13849    -0.00000
     0.00000    -0.00000     1.00000
           0           3          12           3
   -10.28236     1.45457     0.00259
    -0.13849    -0.99036     0.00000
     0.99036    -0.13849    -0.00000
     0.00000    -0.00000     1.00000
           0           3          12           4
   -10.28236     1.45457     6.37799
    -0.13849    -0.99036     0.00000
     0.99036    -0.13849    -0.00000
     0.00000    -0.00000     1.00000
           0           3          12           5
   -10.28236     1.45457    12.75339
    -0.13849    -0.99036     0.00000
     0.99036    -0.13849    -0.00000
     0.00000    -0.00000     1.00000
           0           3          13           1
   -11.50119    -1.99774   -12.75629
     0.17489    -0.98459    -0.00000
     0.98459     0.17489     0.00000
     0.00000     0.00000     1.00000
           0           3          13           2
   -11.50119    -1.99774    -6.38089
     0.17489    -0.98459    -0.00000
     0.98459     0.17489     0.00000
     0.00000     0.00000     1.00000
           0           3          13           3
   -11.50119    -1.99774    -0.00549
     0.17489    -0.98459    -0.00000
     0.98459     0.17489     0.00000
     0.00000     0.00000     1.00000
           0           3          13           4
   -11.50119    -1.99774     6.36991
     0.17489    -0.98459    -0.00000
     0.98459     0.17489     0.00000
     0.00000     0.00000     1.00000
           0           3          13           5
   -11.50119    -1.99774    12.74531
     0.17489    -0.98459    -0.00000
     0.98459     0.17489     0.00000
     0.00000     0.00000     1.00000
           0           3          14           1
   -11.52107    -5.60436   -12.78343
     0.44036    -0.89782    -0.00000
     0.89782     0.44036     0.00000
     0.00000     0.00000     1.00000
           0           3          14           2
   -11.52107    -5.60436    -6.40803
     0.44036    -0.89782    -0.00000
     0.89782     0.44036     0.00000
     0.00000     0.00000     1.00000
           0           3          14           3
   -11.52107    -5.60436    -0.03263
     0.44036    -0.89782    -0.00000
     0.89782     0.44036     0.00000
     0.00000     0.00000     1.00000
           0           3          14           4
   -11.52107    -5.60436     6.34277
     0.44036    -0.89782    -0.00000
     0.89782     0.44036     0.00000
     0.00000     0.00000     1.00000
           0           3          14           5
   -11.52107    -5.60436    12.71817
     0.44036    -0.89782    -0.00000
     0.89782     0.44036     0.00000
     0.00000     0.00000     1.00000
           0           3          15           1
    -7.53947    -7.05998   -12.75699
     0.68582    -0.72777    -0.00000
     0.72777     0.68582     0.00000
     0.00000     0.00000     1.00000
           0           3          15           2
    -7.53947    -7.05998    -6.38159
     0.68582    -0.72777    -0.00000
     0.72777     0.68582     0.00000
     0.00000     0.00000     1.00000
           0           3          15           3
    -7.53947    -7.05998    -0.00619
     0.68582    -0.72777    -0.00000
     0.72777     0.68582     0.00000
     0.00000     0.00000     1.00000
           0           3          15           4
    -7.53947    -7.05998     6.36921
     0.68582    -0.72777    -0.00000
     0.72777     0.68582     0.00000
     0.00000     0.00000     1.00000
           0           3          15           5
    -7.53947    -7.05998    12.74461
     0.68582    -0.72777    -0.00000
     0.72777     0.68582     0.00000
     0.00000     0.00000     1.00000
           0           3          16           1
    -5.77981   -10.39002   -12.74932
     0.87741    -0.47974    -0.00000
     0.47974     0.87741     0.00000
     0.00000     0.00000     1.00000
           0           3          16           2
    -5.77981   -10.39002    -6.37392
     0.87741    -0.47974    -0.00000
     0.47974     0.87741     0.00000
     0.00000     0.00000     1.00000
           0           3          16           3
    -5.77981   -10.39002     0.00148
     0.87741    -0.47974    -0.00000
     0.47974     0.87741     0.00000
     0.00000     0.00000     1.00000
           0           3          16           4
    -5.77981   -10.39002     6.37688
     0.87741    -0.47974    -0.00000
     0.47974     0.87741     0.00000
     0.00000     0.00000     1.00000
           0           3          16           5
    -5.77981   -10.39002    12.75228
     0.87741    -0.47974    -0.00000
     0.47974     0.87741     0.00000
     0.00000     0.00000     1.00000
           0           4           1           1
     6.64360   -14.03343   -15.85038
     0.90552     0.42431     0.00000
    -0.42431     0.90552     0.00000
     0.00000     0.00000     1.00000
           0           4           1           2
     6.64360   -14.03343    -9.47498
     0.90552     0.42431     0.00000
    -0.42431     0.90552     0.00000
     0.00000     0.00000     1.00000
           0           4           1           3
     6.64360   -14.03343    -3.09958
     0.90552     0.42431     0.00000
    -0.42431     0.90552     0.00000
     0.00000     0.00000     1.00000
           0           4           1           4
     6.64360   -14.03343     3.27582
     0.90552     0.42431     0.00000
    -0.42431     0.90552     0.00000
     0.00000     0.00000     1.00000
           0           4           1           5
     6.64360   -14.03343     9.65122
     0.90552     0.42431     0.00000
    -0.42431     0.90552     0.00000
     0.00000     0.00000     1.00000
           0           4           1           6
     6.64360   -14.03343    16.02662
     0.90552     0.42431     0.00000
    -0.42431     0.90552     0.00000
     0.00000     0.00000     1.00000
           0           4           2           1
    10.28551   -13.30823   -15.87426
     0.79285     0.60941     0.00000
    -0.60941     0.79285     0.00000
     0.00000     0.00000     1.00000
           0           4           2           2
    10.28551   -13.30823    -9.49886
     0.79285     0.60941     0.00000
    -0.60941     0.79285     0.00000
     0.00000     0.00000     1.00000
           0           4           2           3
    10.28551   -13.30823    -3.12346
     0.79285     0.60941     0.00000
    -0.60941     0.79285     0.00000
     0.00000     0.00000     1.00000
           0           4           2           4
    10.28551   -13.30823     3.25194
     0.79285     0.60941     0.00000
    -0.60941     0.79285     0.00000
     0.00000     0.00000     1.00000
           0           4           2           5
    10.28551   -13.30823     9.62734
     0.79285     0.60941     0.00000
    -0.60941     0.79285     0.00000
     0.00000     0.00000     1.00000
           0           4           2           6
    10.28551   -13.30823    16.00274
     0.79285     0.60941     0.00000
    -0.60941     0.79285     0.00000
     0.00000     0.00000     1.00000
           0           4           3           1
    13.53858   -11.67440   -15.82425
     0.65450     0.75606     0.00000
    -0.75606     0.65450     0.00000
     0.00000     0.00000     1.00000
           0           4           3           2
    13.53858   -11.67440    -9.44885
     0.65450     0.75606     0.00000
    -0.75606     0.65450     0.00000
     0.00000     0.00000     1.00000
           0           4           3           3
    13.53858   -11.67440    -3.07345
     0.65450     0.75606     0.00000
    -0.75606     0.65450     0.00000
     0.00000     0.00000     1.00000
           0           4           3           4
    13.53858   -11.67440     3.30195
     0.65450     0.75606     0.00000
    -0.75606     0.65450     0.00000
     0.00000     0.00000     1.00000
           0           4           3           5
    13.53858   -11.67440     9.67735
     0.65450     0.75606     0.00000
    -0.75606     0.65450     0.00000
     0.00000     0.00000     1.00000
           0           4           3           6
    13.53858   -11.67440    16.05275
     0.65450     0.75606     0.00000
    -0.75606     0.65450     0.00000
     0.00000     0.00000     1.00000
           0           4           4           1
    13.52273    -7.42473   -15.86480
     0.48242     0.87594     0.00000
    -0.87594     0.48242     0.00000
     0.00000     0.00000     1.00000
           0           4           4           2
    13.52273    -7.42473    -9.48940
     0.48242     0.87594     0.00000
    -0.87594     0.48242     0.00000
     0.00000     0.00000     1.00000
           0           4           4           3
    13.52273    -7.42473    -3.11400
     0.48242     0.87594     0.00000
    -0.87594     0.48242     0.00000
     0.00000     0.00000     1.00000
           0           4           4           4
    13.52273    -7.42473     3.26140
     0.48242     0.87594     0.00000
    -0.87594     0.48242     0.00000
     0.00000     0.00000     1.00000
           0           4           4           5
    13.52273    -7.42473     9.63680
     0.48242     0.87594     0.00000
    -0.87594     0.48242     0.00000
     0.00000     0.00000     1.00000
           0           4           4           6
    13.52273    -7.42473    16.01220
     0.48242     0.87594     0.00000
    -0.87594     0.48242     0.00000
     0.00000     0.00000     1.00000
           0           4           5           1
    15.96720    -4.67365   -15.85194
     0.28239     0.95930     0.00000
    -0.95930     0.28239     0.00000
     0.00000     0.00000     1.00000
           0           4           5           2
    15.96720    -4.67365    -9.47654
     0.28239     0.95930     0.00000
    -0.95930     0.28239     0.00000
     0.00000     0.00000     1.00000
           0           4           5           3
    15.96720    -4.67365    -3.10114
     0.28239     0.95930     0.00000
    -0.95930     0.28239     0.00000
     0.00000     0.00000     1.00000
           0           4           5           4
    15.96720    -4.67365     3.27426
     0.28239     0.95930     0.00000
    -0.95930     0.28239     0.00000
     0.00000     0.00000     1.00000
           0           4           5           5
    15.96720    -4.67365     9.64966
     0.28239     0.95930     0.00000
    -0.95930     0.28239     0.00000
     0.00000     0.00000     1.00000
           0           4           5           6
    15.96720    -4.67365    16.02506
     0.28239     0.95930     0.00000
    -0.95930     0.28239     0.00000
     0.00000     0.00000     1.00000
           0           4           6           1
    17.86701    -1.48909   -15.84188
     0.08422     0.99645     0.00000
    -0.99645     0.08422     0.00000
     0.00000     0.00000     1.00000
           0           4           6           2
    17.86701    -1.48909    -9.46648
     0.08422     0.99645     0.00000
    -0.99645     0.08422     0.00000
     0.00000     0.00000     1.00000
           0           4           6           3
    17.86701    -1.48909    -3.09108
     0.08422     0.99645     0.00000
    -0.99645     0.08422     0.00000
     0.00000     0.00000     1.00000
           0           4           6           4
    17.86701    -1.48909     3.28432
     0.08422     0.99645     0.00000
    -0.99645     0.08422     0.00000
     0.00000     0.00000     1.00000
           0           4           6           5
    17.86701    -1.48909     9.65972
     0.08422     0.99645     0.00000
    -0.99645     0.08422     0.00000
     0.00000     0.00000     1.00000
           0           4           6           6
    17.86701    -1.48909    16.03512
     0.08422     0.99645     0.00000
    -0.99645     0.08422     0.00000
     0.00000     0.00000     1.00000
           0           4           7           1
    15.10364     1.91521   -15.89542
    -0.12544     0.99210     0.00000
    -0.99210    -0.12544     0.00000
     0.00000     0.00000     1.00000
           0           4           7           2
    15.10364     1.91521    -9.52002
    -0.12544     0.99210     0.00000
    -0.99210    -0.12544     0.00000
     0.00000     0.00000     1.00000
           0           4           7           3
    15.10364     1.91521    -3.14462
    -0.12544     0.99210     0.00000
    -0.99210    -0.12544     0.00000
     0.00000     0.00000     1.00000
           0           4           7           4
    15.10364     1.91521     3.23078
    -0.12544     0.99210     0.00000
    -0.99210    -0.12544     0.00000
     0.00000     0.00000     1.00000
           0           4           7           5
    15.10364     1.91521     9.60618
    -0.12544     0.99210     0.00000
    -0.99210    -0.12544     0.00000
     0.00000     0.00000     1.00000
           0           4           7           6
    15.10364     1.91521    15.98158
    -0.12544     0.99210     0.00000
    -0.99210    -0.12544     0.00000
     0.00000     0.00000     1.00000
           0           4           8           1
    15.82305     5.67605   -15.82000
    -0.33624     0.94178     0.00000
    -0.94178    -0.33624     0.00000
     0.00000     0.00000     1.00000
           0           4           8           2
    15.82305     5.67605    -9.44460
    -0.33624     0.94178     0.00000
    -0.94178    -0.33624     0.00000
     0.00000     0.00000     1.00000
           0           4           8           3
    15.82305     5.67605    -3.06920
    -0.33624     0.94178     0.00000
    -0.94178    -0.33624     0.00000
     0.00000     0.00000     1.00000
           0           4           8           4
    15.82305     5.67605     3.30620
    -0.33624     0.94178     0.00000
    -0.94178    -0.33624     0.00000
     0.00000     0.00000     1.00000
           0           4           8           5
    15.82305     5.67605     9.68160
    -0.33624     0.94178     0.00000
    -0.94178    -0.33624     0.00000
     0.00000     0.00000     1.00000
           0           4           8           6
    15.82305     5.67605    16.05700
    -0.33624     0.94178     0.00000
    -0.94178    -0.33624     0.00000
     0.00000     0.00000     1.00000
           0           4           9           1
    15.44693     9.36409   -15.81347
    -0.51831     0.85519     0.00000
    -0.85519    -0.51831     0.00000
     0.00000     0.00000     1.00000
           0           4           9           2
    15.44693     9.36409    -9.43807
    -0.51831     0.85519     0.00000
    -0.85519    -0.51831     0.00000
     0.00000     0.00000     1.00000
           0           4           9           3
    15.44693     9.36409    -3.06267
    -0.51831     0.85519     0.00000
    -0.85519    -0.51831     0.00000
     0.00000     0.00000     1.00000
           0           4           9           4
    15.44693     9.36409     3.31273
    -0.51831     0.85519     0.00000
    -0.85519    -0.51831     0.00000
     0.00000     0.00000     1.00000
           0           4           9           5
    15.44693     9.36409     9.68813
    -0.51831     0.85519     0.00000
    -0.85519    -0.51831     0.00000
     0.00000     0.00000     1.00000
           0           4           9           6
    15.44693     9.36409    16.06353
    -0.51831     0.85519     0.00000
    -0.85519    -0.51831     0.00000
     0.00000     0.00000     1.00000
           0           4          10           1
    11.26285    10.54925   -15.86973
    -0.68525     0.72830     0.00000
    -0.72830    -0.68525     0.00000
     0.00000     0.00000     1.00000
           0           4          10           2
    11.26285    10.54925    -9.49433
    -0.68525     0.72830     0.00000
    -0.72830    -0.68525     0.00000
     0.00000     0.00000     1.00000
           0           4          10           3
    11.26285    10.54925    -3.11893
    -0.68525     0.72830     0.00000
    -0.72830    -0.68525     0.00000
     0.00000     0.00000     1.00000
           0           4          10           4
    11.26285    10.54925     3.25647
    -0.68525     0.72830     0.00000
    -0.72830    -0.68525     0.00000
     0.00000     0.00000     1.00000
           0           4          10           5
    11.26285    10.54925     9.63187
    -0.68525     0.72830     0.00000
    -0.72830    -0.68525     0.00000
     0.00000     0.00000     1.00000
           0           4          10           6
    11.26285    10.54925    16.00727
    -0.68525     0.72830     0.00000
    -0.72830    -0.68525     0.00000
     0.00000     0.00000     1.00000
           0           4          11           1
     9.40900    13.80200   -15.85512
    -0.82607     0.56356     0.00000
    -0.56356    -0.82607     0.00000
     0.00000     0.00000     1.00000
           0           4          11           2
     9.40900    13.80200    -9.47972
    -0.82607     0.56356     0.00000
    -0.56356    -0.82607     0.00000
     0.00000     0.00000     1.00000
           0           4          11           3
     9.40900    13.80200    -3.10432
    -0.82607     0.56356     0.00000
    -0.56356    -0.82607     0.00000
     0.00000     0.00000     1.00000
           0           4          11           4
     9.40900    13.80200     3.27108
    -0.82607     0.56356     0.00000
    -0.56356    -0.82607     0.00000
     0.00000     0.00000     1.00000
           0           4          11           5
     9.40900    13.80200     9.64648
    -0.82607     0.56356     0.00000
    -0.56356    -0.82607     0.00000
     0.00000     0.00000     1.00000
           0           4          11           6
     9.40900    13.80200    16.02188
    -0.82607     0.56356     0.00000
    -0.56356    -0.82607     0.00000
     0.00000     0.00000     1.00000
           0           4          12           1
     7.00046    16.60571   -15.84601
    -0.92232     0.38642     0.00000
    -0.38642    -0.92232     0.00000
     0.00000     0.00000     1.00000
           0           4          12           2
     7.00046    16.60571    -9.47061
    -0.92232     0.38642     0.00000
    -0.38642    -0.92232     0.00000
     0.00000     0.00000     1.00000
           0           4          12           3
     7.00046    16.60571    -3.09521
    -0.92232     0.38642     0.00000
    -0.38642    -0.92232     0.00000
     0.00000     0.00000     1.00000
           0           4          12           4
     7.00046    16.60571     3.28019
    -0.92232     0.38642     0.00000
    -0.38642    -0.92232     0.00000
     0.00000     0.00000     1.00000
           0           4          12           5
     7.00046    16.60571     9.65559
    -0.92232     0.38642     0.00000
    -0.38642    -0.92232     0.00000
     0.00000     0.00000     1.00000
           0           4          12           6
     7.00046    16.60571    16.03099
    -0.92232     0.38642     0.00000
    -0.38642    -0.92232     0.00000
     0.00000     0.00000     1.00000
           0           4          13           1
    -7.23190    16.73316    15.92372
     0.92159     0.38817     0.00000
     0.38817    -0.92159     0.00000
     0.00000    -0.00000    -1.00000
           0           4          13           2
    -7.23190    16.73316     9.54832
     0.92159     0.38817     0.00000
     0.38817    -0.92159     0.00000
     0.00000    -0.00000    -1.00000
           0           4          13           3
    -7.23190    16.73316     3.17292
     0.92159     0.38817     0.00000
     0.38817    -0.92159     0.00000
     0.00000    -0.00000    -1.00000
           0           4          13           4
    -7.23190    16.73316    -3.20248
     0.92159     0.38817     0.00000
     0.38817    -0.92159     0.00000
     0.00000    -0.00000    -1.00000
           0           4          13           5
    -7.23190    16.73316    -9.57788
     0.92159     0.38817     0.00000
     0.38817    -0.92159     0.00000
     0.00000    -0.00000    -1.00000
           0           4          13           6
    -7.23190    16.73316   -15.95328
     0.92159     0.38817     0.00000
     0.38817    -0.92159     0.00000
     0.00000    -0.00000    -1.00000
           0           4          14           1
    -9.45755    13.76752    15.89999
     0.82501     0.56512     0.00000
     0.56512    -0.82501     0.00000
     0.00000    -0.00000    -1.00000
           0           4          14           2
    -9.45755    13.76752     9.52460
     0.82501     0.56512     0.00000
     0.56512    -0.82501     0.00000
     0.00000    -0.00000    -1.00000
           0           4          14           3
    -9.45755    13.76752     3.14919
     0.82501     0.56512     0.00000
     0.56512    -0.82501     0.00000
     0.00000    -0.00000    -1.00000
           0           4          14           4
    -9.45755    13.76752    -3.22621
     0.82501     0.56512     0.00000
     0.56512    -0.82501     0.00000
     0.00000    -0.00000    -1.00000
           0           4          14           5
    -9.45755    13.76752    -9.60161
     0.82501     0.56512     0.00000
     0.56512    -0.82501     0.00000
     0.00000    -0.00000    -1.00000
           0           4          14           6
    -9.45755    13.76752   -15.97700
     0.82501     0.56512     0.00000
     0.56512    -0.82501     0.00000
     0.00000    -0.00000    -1.00000
           0           4          15           1
   -11.23989    10.52280    15.92313
     0.68389     0.72958     0.00000
     0.72958    -0.68389     0.00000
     0.00000    -0.00000    -1.00000
           0           4          15           2
   -11.23989    10.52280     9.54774
     0.68389     0.72958     0.00000
     0.72958    -0.68389     0.00000
     0.00000    -0.00000    -1.00000
           0           4          15           3
   -11.23989    10.52280     3.17234
     0.68389     0.72958     0.00000
     0.72958    -0.68389     0.00000
     0.00000    -0.00000    -1.00000
           0           4          15           4
   -11.23990    10.52280    -3.20306
     0.68389     0.72958     0.00000
     0.72958    -0.68389     0.00000
     0.00000    -0.00000    -1.00000
           0           4          15           5
   -11.23990    10.52280    -9.57845
     0.68389     0.72958     0.00000
     0.72958    -0.68389     0.00000
     0.00000    -0.00000    -1.00000
           0           4          15           6
   -11.23990    10.52280   -15.95386
     0.68389     0.72958     0.00000
     0.72958    -0.68389     0.00000
     0.00000    -0.00000    -1.00000
           0           4          16           1
   -15.37479     9.27218    15.92877
     0.51667     0.85618     0.00000
     0.85618    -0.51667     0.00000
     0.00000    -0.00000    -1.00000
           0           4          16           2
   -15.37479     9.27218     9.55337
     0.51667     0.85618     0.00000
     0.85618    -0.51667     0.00000
     0.00000    -0.00000    -1.00000
           0           4          16           3
   -15.37479     9.27218     3.17797
     0.51667     0.85618     0.00000
     0.85618    -0.51667     0.00000
     0.00000    -0.00000    -1.00000
           0           4          16           4
   -15.37479     9.27218    -3.19743
     0.51667     0.85618     0.00000
     0.85618    -0.51667     0.00000
     0.00000    -0.00000    -1.00000
           0           4          16           5
   -15.37479     9.27218    -9.57283
     0.51667     0.85618     0.00000
     0.85618    -0.51667     0.00000
     0.00000    -0.00000    -1.00000
           0           4          16           6
   -15.37479     9.27218   -15.94823
     0.51667     0.85618     0.00000
     0.85618    -0.51667     0.00000
     0.00000    -0.00000    -1.00000
           0           4          17           1
   -15.75358     5.58135    15.90087
     0.33445     0.94241     0.00000
     0.94241    -0.33445     0.00000
     0.00000    -0.00000    -1.00000
           0           4          17           2
   -15.75358     5.58135     9.52547
     0.33445     0.94241     0.00000
     0.94241    -0.33445     0.00000
     0.00000    -0.00000    -1.00000
           0           4          17           3
   -15.75358     5.58135     3.15007
     0.33445     0.94241     0.00000
     0.94241    -0.33445     0.00000
     0.00000    -0.00000    -1.00000
           0           4          17           4
   -15.75358     5.58135    -3.22533
     0.33445     0.94241     0.00000
     0.94241    -0.33445     0.00000
     0.00000    -0.00000    -1.00000
           0           4          17           5
   -15.75358     5.58135    -9.60073
     0.33445     0.94241     0.00000
     0.94241    -0.33445     0.00000
     0.00000    -0.00000    -1.00000
           0           4          17           6
   -15.75358     5.58135   -15.97613
     0.33445     0.94241     0.00000
     0.94241    -0.33445     0.00000
     0.00000    -0.00000    -1.00000
           0           4          18           1
   -15.45405     1.92049    15.89977
     0.12358     0.99233     0.00000
     0.99233    -0.12358     0.00000
     0.00000    -0.00000    -1.00000
           0           4          18           2
   -15.45405     1.92049     9.52437
     0.12358     0.99233     0.00000
     0.99233    -0.12358     0.00000
     0.00000    -0.00000    -1.00000
           0           4          18           3
   -15.45405     1.92049     3.14897
     0.12358     0.99233     0.00000
     0.99233    -0.12358     0.00000
     0.00000    -0.00000    -1.00000
           0           4          18           4
   -15.45405     1.92049    -3.22643
     0.12358     0.99233     0.00000
     0.99233    -0.12358     0.00000
     0.00000    -0.00000    -1.00000
           0           4          18           5
   -15.45405     1.92049    -9.60183
     0.12358     0.99233     0.00000
     0.99233    -0.12358     0.00000
     0.00000    -0.00000    -1.00000
           0           4          18           6
   -15.45405     1.92049   -15.97723
     0.12358     0.99233     0.00000
     0.99233    -0.12358     0.00000
     0.00000    -0.00000    -1.00000
           0           4          19           1
   -17.74080    -1.49107    15.89332
    -0.08612     0.99628     0.00000
     0.99628     0.08612    -0.00000
    -0.00000    -0.00000    -1.00000
           0           4          19           2
   -17.74080    -1.49107     9.51792
    -0.08612     0.99628     0.00000
     0.99628     0.08612    -0.00000
    -0.00000    -0.00000    -1.00000
           0           4          19           3
   -17.74080    -1.49107     3.14252
    -0.08612     0.99628     0.00000
     0.99628     0.08612    -0.00000
    -0.00000    -0.00000    -1.00000
           0           4          19           4
   -17.74080    -1.49107    -3.23288
    -0.08612     0.99628     0.00000
     0.99628     0.08612    -0.00000
    -0.00000    -0.00000    -1.00000
           0           4          19           5
   -17.74080    -1.49107    -9.60828
    -0.08612     0.99628     0.00000
     0.99628     0.08612    -0.00000
    -0.00000    -0.00000    -1.00000
           0           4          19           6
   -17.74080    -1.49107   -15.98368
    -0.08612     0.99628     0.00000
     0.99628     0.08612    -0.00000
    -0.00000    -0.00000    -1.00000
           0           4          20           1
   -15.92833    -4.69507    15.89932
    -0.28420     0.95876     0.00000
     0.95876     0.28420    -0.00000
    -0.00000    -0.00000    -1.00000
           0           4          20           2
   -15.92833    -4.69507     9.52392
    -0.28420     0.95876     0.00000
     0.95876     0.28420    -0.00000
    -0.00000    -0.00000    -1.00000
           0           4          20           3
   -15.92833    -4.69507     3.14852
    -0.28420     0.95876     0.00000
     0.95876     0.28420    -0.00000
    -0.00000    -0.00000    -1.00000
           0           4          20           4
   -15.92833    -4.69507    -3.22688
    -0.28420     0.95876     0.00000
     0.95876     0.28420    -0.00000
    -0.00000    -0.00000    -1.00000
           0           4          20           5
   -15.92833    -4.69507    -9.60228
    -0.28420     0.95876     0.00000
     0.95876     0.28420    -0.00000
    -0.00000    -0.00000    -1.00000
           0           4          20           6
   -15.92833    -4.69507   -15.97768
    -0.28420     0.95876     0.00000
     0.95876     0.28420    -0.00000
    -0.00000    -0.00000    -1.00000
           0           4          21           1
   -13.53104    -7.46716    15.88878
    -0.48407     0.87503     0.00000
     0.87503     0.48407    -0.00000
    -0.00000    -0.00000    -1.00000
           0           4          21           2
   -13.53104    -7.46716     9.51338
    -0.48407     0.87503     0.00000
     0.87503     0.48407    -0.00000
    -0.00000    -0.00000    -1.00000
           0           4          21           3
   -13.53104    -7.46716     3.13798
    -0.48407     0.87503     0.00000
     0.87503     0.48407    -0.00000
    -0.00000    -0.00000    -1.00000
           0           4          21           4
   -13.53104    -7.46716    -3.23742
    -0.48407     0.87503     0.00000
     0.87503     0.48407    -0.00000
    -0.00000    -0.00000    -1.00000
           0           4          21           5
   -13.53104    -7.46716    -9.61282
    -0.48407     0.87503     0.00000
     0.87503     0.48407    -0.00000
    -0.00000    -0.00000    -1.00000
           0           4          21           6
   -13.53104    -7.46716   -15.98822
    -0.48407     0.87503     0.00000
     0.87503     0.48407    -0.00000
    -0.00000    -0.00000    -1.00000
           0           4          22           1
   -13.58918   -11.74294    15.92008
    -0.65594     0.75482     0.00000
     0.75482     0.65594    -0.00000
    -0.00000    -0.00000    -1.00000
           0           4          22           2
   -13.58918   -11.74294     9.54468
    -0.65594     0.75482     0.00000
     0.75482     0.65594    -0.00000
    -0.00000    -0.00000    -1.00000
           0           4          22           3
   -13.58918   -11.74294     3.16928
    -0.65594     0.75482     0.00000
     0.75482     0.65594    -0.00000
    -0.00000    -0.00000    -1.00000
           0           4          22           4
   -13.58918   -11.74294    -3.20612
    -0.65594     0.75482     0.00000
     0.75482     0.65594    -0.00000
    -0.00000    -0.00000    -1.00000
           0           4          22           5
   -13.58918   -11.74294    -9.58152
    -0.65594     0.75482     0.00000
     0.75482     0.65594    -0.00000
    -0.00000    -0.00000    -1.00000
           0           4          22           6
   -13.58918   -11.74294   -15.95692
    -0.65594     0.75482     0.00000
     0.75482     0.65594    -0.00000
    -0.00000    -0.00000    -1.00000
           0           4          23           1
   -10.38976   -13.45582    15.92786
    -0.79400     0.60791     0.00000
     0.60791     0.79400    -0.00000
    -0.00000    -0.00000    -1.00000
           0           4          23           2
   -10.38976   -13.45582     9.55246
    -0.79400     0.60791     0.00000
     0.60791     0.79400    -0.00000
    -0.00000    -0.00000    -1.00000
           0           4          23           3
   -10.38976   -13.45582     3.17706
    -0.79400     0.60791     0.00000
     0.60791     0.79400    -0.00000
    -0.00000    -0.00000    -1.00000
           0           4          23           4
   -10.38976   -13.45582    -3.19834
    -0.79400     0.60791     0.00000
     0.60791     0.79400    -0.00000
    -0.00000    -0.00000    -1.00000
           0           4          23           5
   -10.38976   -13.45582    -9.57374
    -0.79400     0.60791     0.00000
     0.60791     0.79400    -0.00000
    -0.00000    -0.00000    -1.00000
           0           4          23           6
   -10.38976   -13.45582   -15.94914
    -0.79400     0.60791     0.00000
     0.60791     0.79400    -0.00000
    -0.00000    -0.00000    -1.00000
           0           4          24           1
    -6.59722   -14.08923    15.90087
    -0.90632     0.42260     0.00000
     0.42260     0.90632    -0.00000
    -0.00000    -0.00000    -1.00000
           0           4          24           2
    -6.59722   -14.08923     9.52547
    -0.90632     0.42260     0.00000
     0.42260     0.90632    -0.00000
    -0.00000    -0.00000    -1.00000
           0           4          24           3
    -6.59722   -14.08923     3.15007
    -0.90632     0.42260     0.00000
     0.42260     0.90632    -0.00000
    -0.00000    -0.00000    -1.00000
           0           4          24           4
    -6.59722   -14.08923    -3.22533
    -0.90632     0.42260     0.00000
     0.42260     0.90632    -0.00000
    -0.00000    -0.00000    -1.00000
           0           4          24           5
    -6.59722   -14.08923    -9.60073
    -0.90632     0.42260     0.00000
     0.42260     0.90632    -0.00000
    -0.00000    -0.00000    -1.00000
           0           4          24           6
    -6.59722   -14.08923   -15.97613
    -0.90632     0.42260     0.00000
     0.42260     0.90632    -0.00000
    -0.00000    -0.00000    -1.00000
