 SVX cage parameters:
     2.20000
     0.50000     0.20000
     0.00000
           6
   -40.00000   -26.50000   -26.50000    26.50000    26.50000    40.00000
    53.00000    53.00000    22.14782    22.14782    53.00000    53.00000
     0.00000     0.00000     0.00000
 SVX barrel parameters:
           4
     2.63000     5.19260    11.76500    16.68700     1.14100
     0.00000     0.00000     0.00000     0.00000
           4           4           5           6
     0.69600     0.69600     1.74500     1.74500
     0.01000     0.01000     0.03125     0.03125
     2.83600     2.83600     3.18770     3.18770
     0.01900     0.01900     0.00000     0.00000
     0.02000     0.02000     0.00000     0.00000
    26.70000    13.62600    17.00000    12.00000
   -13.00000   -12.98000     0.00000     0.00000
           2
           5           5
     0.00000   180.00000
           2
          10          10
     0.00000   180.00000
           2
           8           8
     0.00000   180.00000
           2
          12          12
     0.00000   180.00000
 SVX barrel sensor rotation matrices and translation vectors:
           0           1           1           1
     1.58622    -2.13137     8.67501
     0.63958     0.76872     0.00131
    -0.76872     0.63958    -0.00033
    -0.00109    -0.00079     1.00000
           0           1           1           2
     1.59243    -2.12686     2.98302
     0.63958     0.76872     0.00131
    -0.76872     0.63958    -0.00033
    -0.00109    -0.00079     1.00000
           0           1           1           3
     1.59864    -2.12236    -2.70898
     0.63958     0.76872     0.00131
    -0.76872     0.63958    -0.00033
    -0.00109    -0.00079     1.00000
           0           1           1           4
     1.60484    -2.11785    -8.40097
     0.63958     0.76872     0.00131
    -0.76872     0.63958    -0.00033
    -0.00109    -0.00079     1.00000
           0           1           2           1
     2.33102    -1.18057     8.67682
     0.22594     0.97414     0.00102
    -0.97414     0.22594    -0.00088
    -0.00109    -0.00079     1.00000
           0           1           2           2
     2.33723    -1.17606     2.98483
     0.22594     0.97414     0.00102
    -0.97414     0.22594    -0.00088
    -0.00109    -0.00079     1.00000
           0           1           2           3
     2.34343    -1.17156    -2.70717
     0.22594     0.97414     0.00102
    -0.97414     0.22594    -0.00088
    -0.00109    -0.00079     1.00000
           0           1           2           4
     2.34964    -1.16705    -8.39916
     0.22594     0.97414     0.00102
    -0.97414     0.22594    -0.00088
    -0.00109    -0.00079     1.00000
           0           1           3           1
     2.60317    -0.00856     8.67336
    -0.23591     0.97178     0.00051
    -0.97177    -0.23591    -0.00125
    -0.00109    -0.00079     1.00000
           0           1           3           2
     2.60937    -0.00406     2.98136
    -0.23591     0.97178     0.00051
    -0.97177    -0.23591    -0.00125
    -0.00109    -0.00079     1.00000
           0           1           3           3
     2.61558     0.00045    -2.71063
    -0.23591     0.97178     0.00051
    -0.97177    -0.23591    -0.00125
    -0.00109    -0.00079     1.00000
           0           1           3           4
     2.62178     0.00495    -8.40263
    -0.23591     0.97178     0.00051
    -0.97177    -0.23591    -0.00125
    -0.00109    -0.00079     1.00000
           0           1           4           1
     2.33661     1.17367     8.67575
    -0.64743     0.76212    -0.00010
    -0.76212    -0.64743    -0.00134
    -0.00109    -0.00079     1.00000
           0           1           4           2
     2.34282     1.17818     2.98376
    -0.64743     0.76212    -0.00010
    -0.76212    -0.64743    -0.00134
    -0.00109    -0.00079     1.00000
           0           1           4           3
     2.34902     1.18268    -2.70824
    -0.64743     0.76212    -0.00010
    -0.76212    -0.64743    -0.00134
    -0.00109    -0.00079     1.00000
           0           1           4           4
     2.35523     1.18719    -8.40023
    -0.64743     0.76212    -0.00010
    -0.76212    -0.64743    -0.00134
    -0.00109    -0.00079     1.00000
           0           1           5           1
     1.53543     2.08563     8.66589
    -0.92085     0.38992    -0.00070
    -0.38992    -0.92085    -0.00115
    -0.00109    -0.00079     1.00000
           0           1           5           2
     1.54164     2.09013     2.97390
    -0.92085     0.38992    -0.00070
    -0.38992    -0.92085    -0.00115
    -0.00109    -0.00079     1.00000
           0           1           5           3
     1.54784     2.09464    -2.71810
    -0.92085     0.38992    -0.00070
    -0.38992    -0.92085    -0.00115
    -0.00109    -0.00079     1.00000
           0           1           5           4
     1.55405     2.09914    -8.41009
    -0.92085     0.38992    -0.00070
    -0.38992    -0.92085    -0.00115
    -0.00109    -0.00079     1.00000
           0           1           6           1
    -1.56329     2.10477    -8.54572
     0.92117     0.38915    -0.00017
     0.38915    -0.92117    -0.00089
    -0.00051     0.00075    -1.00000
           0           1           6           2
    -1.56041     2.10048    -2.85372
     0.92117     0.38915    -0.00017
     0.38915    -0.92117    -0.00089
    -0.00051     0.00075    -1.00000
           0           1           6           3
    -1.55753     2.09620     2.83828
     0.92117     0.38915    -0.00017
     0.38915    -0.92117    -0.00089
    -0.00051     0.00075    -1.00000
           0           1           6           4
    -1.55465     2.09191     8.53028
     0.92117     0.38915    -0.00017
     0.38915    -0.92117    -0.00089
    -0.00051     0.00075    -1.00000
           0           1           7           1
    -2.36056     1.18651    -8.54508
     0.64805     0.76160     0.00025
     0.76160    -0.64805    -0.00087
    -0.00051     0.00075    -1.00000
           0           1           7           2
    -2.35768     1.18223    -2.85308
     0.64805     0.76160     0.00025
     0.76160    -0.64805    -0.00087
    -0.00051     0.00075    -1.00000
           0           1           7           3
    -2.35480     1.17794     2.83892
     0.64805     0.76160     0.00025
     0.76160    -0.64805    -0.00087
    -0.00051     0.00075    -1.00000
           0           1           7           4
    -2.35192     1.17366     8.53092
     0.64805     0.76160     0.00025
     0.76160    -0.64805    -0.00087
    -0.00051     0.00075    -1.00000
           0           1           8           1
    -2.66239     0.01178    -8.55785
     0.23668     0.97159     0.00061
     0.97159    -0.23668    -0.00067
    -0.00051     0.00075    -1.00000
           0           1           8           2
    -2.65951     0.00750    -2.86585
     0.23668     0.97159     0.00061
     0.97159    -0.23668    -0.00067
    -0.00051     0.00075    -1.00000
           0           1           8           3
    -2.65663     0.00321     2.82615
     0.23668     0.97159     0.00061
     0.97159    -0.23668    -0.00067
    -0.00051     0.00075    -1.00000
           0           1           8           4
    -2.65375    -0.00107     8.51815
     0.23668     0.97159     0.00061
     0.97159    -0.23668    -0.00067
    -0.00051     0.00075    -1.00000
           0           1           9           1
    -2.38893    -1.17698    -8.54392
    -0.22514     0.97433     0.00085
     0.97433     0.22514    -0.00032
    -0.00051     0.00075    -1.00000
           0           1           9           2
    -2.38605    -1.18126    -2.85192
    -0.22514     0.97433     0.00085
     0.97433     0.22514    -0.00032
    -0.00051     0.00075    -1.00000
           0           1           9           3
    -2.38317    -1.18555     2.84007
    -0.22514     0.97433     0.00085
     0.97433     0.22514    -0.00032
    -0.00051     0.00075    -1.00000
           0           1           9           4
    -2.38029    -1.18983     8.53207
    -0.22514     0.97433     0.00085
     0.97433     0.22514    -0.00032
    -0.00051     0.00075    -1.00000
           0           1          10           1
    -1.63883    -2.13348    -8.54600
    -0.63892     0.76927     0.00090
     0.76927     0.63892     0.00009
    -0.00051     0.00075    -1.00000
           0           1          10           2
    -1.63595    -2.13777    -2.85400
    -0.63892     0.76927     0.00090
     0.76927     0.63892     0.00009
    -0.00051     0.00075    -1.00000
           0           1          10           3
    -1.63307    -2.14205     2.83799
    -0.63892     0.76927     0.00090
     0.76927     0.63892     0.00009
    -0.00051     0.00075    -1.00000
           0           1          10           4
    -1.63019    -2.14634     8.52999
    -0.63892     0.76927     0.00090
     0.76927     0.63892     0.00009
    -0.00051     0.00075    -1.00000
           0           2           1           1
     2.51001    -4.54845     8.67593
     0.74568     0.66631     0.00134
    -0.66631     0.74568    -0.00014
    -0.00109    -0.00079     1.00000
           0           2           1           2
     2.51622    -4.54394     2.98394
     0.74568     0.66631     0.00134
    -0.66631     0.74568    -0.00014
    -0.00109    -0.00079     1.00000
           0           2           1           3
     2.52243    -4.53943    -2.70806
     0.74568     0.66631     0.00134
    -0.66631     0.74568    -0.00014
    -0.00109    -0.00079     1.00000
           0           2           1           4
     2.52863    -4.53493    -8.40005
     0.74568     0.66631     0.00134
    -0.66631     0.74568    -0.00014
    -0.00109    -0.00079     1.00000
           0           2           2           1
     3.50170    -3.84166     8.68098
     0.56772     0.82322     0.00127
    -0.82322     0.56772    -0.00045
    -0.00109    -0.00079     1.00000
           0           2           2           2
     3.50791    -3.83715     2.98899
     0.56772     0.82322     0.00127
    -0.82322     0.56772    -0.00045
    -0.00109    -0.00079     1.00000
           0           2           2           3
     3.51411    -3.83264    -2.70301
     0.56772     0.82322     0.00127
    -0.82322     0.56772    -0.00045
    -0.00109    -0.00079     1.00000
           0           2           2           4
     3.52032    -3.82814    -8.39500
     0.56772     0.82322     0.00127
    -0.82322     0.56772    -0.00045
    -0.00109    -0.00079     1.00000
           0           2           3           1
     4.27817    -2.89915     8.67358
     0.35779     0.93380     0.00113
    -0.93380     0.35779    -0.00073
    -0.00109    -0.00079     1.00000
           0           2           3           2
     4.28438    -2.89464     2.98158
     0.35779     0.93380     0.00113
    -0.93380     0.35779    -0.00073
    -0.00109    -0.00079     1.00000
           0           2           3           3
     4.29058    -2.89014    -2.71041
     0.35779     0.93380     0.00113
    -0.93380     0.35779    -0.00073
    -0.00109    -0.00079     1.00000
           0           2           3           4
     4.29679    -2.88563    -8.40241
     0.35779     0.93380     0.00113
    -0.93380     0.35779    -0.00073
    -0.00109    -0.00079     1.00000
           0           2           4           1
     4.83288    -1.80994     8.67624
     0.12774     0.99181     0.00092
    -0.99181     0.12774    -0.00098
    -0.00109    -0.00079     1.00000
           0           2           4           2
     4.83908    -1.80544     2.98425
     0.12774     0.99181     0.00092
    -0.99181     0.12774    -0.00098
    -0.00109    -0.00079     1.00000
           0           2           4           3
     4.84529    -1.80093    -2.70775
     0.12774     0.99181     0.00092
    -0.99181     0.12774    -0.00098
    -0.00109    -0.00079     1.00000
           0           2           4           4
     4.85149    -1.79642    -8.39974
     0.12774     0.99181     0.00092
    -0.99181     0.12774    -0.00098
    -0.00109    -0.00079     1.00000
           0           2           5           1
     5.13805    -0.62473     8.67431
    -0.10952     0.99398     0.00067
    -0.99398    -0.10952    -0.00117
    -0.00109    -0.00079     1.00000
           0           2           5           2
     5.14425    -0.62022     2.98231
    -0.10952     0.99398     0.00067
    -0.99398    -0.10952    -0.00117
    -0.00109    -0.00079     1.00000
           0           2           5           3
     5.15046    -0.61571    -2.70968
    -0.10952     0.99398     0.00067
    -0.99398    -0.10952    -0.00117
    -0.00109    -0.00079     1.00000
           0           2           5           4
     5.15666    -0.61121    -8.40168
    -0.10952     0.99398     0.00067
    -0.99398    -0.10952    -0.00117
    -0.00109    -0.00079     1.00000
           0           2           6           1
     5.10662     0.59079     8.67143
    -0.34060     0.94021     0.00037
    -0.94021    -0.34060    -0.00129
    -0.00109    -0.00079     1.00000
           0           2           6           2
     5.11282     0.59529     2.97944
    -0.34060     0.94021     0.00037
    -0.94021    -0.34060    -0.00129
    -0.00109    -0.00079     1.00000
           0           2           6           3
     5.11903     0.59980    -2.71256
    -0.34060     0.94021     0.00037
    -0.94021    -0.34060    -0.00129
    -0.00109    -0.00079     1.00000
           0           2           6           4
     5.12523     0.60430    -8.40455
    -0.34060     0.94021     0.00037
    -0.94021    -0.34060    -0.00129
    -0.00109    -0.00079     1.00000
           0           2           7           1
     4.89195     1.80919     8.67479
    -0.55251     0.83351     0.00006
    -0.83351    -0.55250    -0.00135
    -0.00109    -0.00079     1.00000
           0           2           7           2
     4.89815     1.81369     2.98280
    -0.55251     0.83351     0.00006
    -0.83351    -0.55250    -0.00135
    -0.00109    -0.00079     1.00000
           0           2           7           3
     4.90436     1.81820    -2.70920
    -0.55251     0.83351     0.00006
    -0.83351    -0.55250    -0.00135
    -0.00109    -0.00079     1.00000
           0           2           7           4
     4.91057     1.82271    -8.40119
    -0.55251     0.83351     0.00006
    -0.83351    -0.55250    -0.00135
    -0.00109    -0.00079     1.00000
           0           2           8           1
     4.32238     2.89421     8.67484
    -0.73332     0.67989    -0.00026
    -0.67988    -0.73332    -0.00132
    -0.00109    -0.00079     1.00000
           0           2           8           2
     4.32858     2.89872     2.98285
    -0.73332     0.67989    -0.00026
    -0.67988    -0.73332    -0.00132
    -0.00109    -0.00079     1.00000
           0           2           8           3
     4.33479     2.90323    -2.70915
    -0.73332     0.67989    -0.00026
    -0.67988    -0.73332    -0.00132
    -0.00109    -0.00079     1.00000
           0           2           8           4
     4.34099     2.90773    -8.40114
    -0.73332     0.67989    -0.00026
    -0.67988    -0.73332    -0.00132
    -0.00109    -0.00079     1.00000
           0           2           9           1
     3.48894     3.80223     8.66868
    -0.87285     0.48798    -0.00057
    -0.48798    -0.87285    -0.00122
    -0.00109    -0.00079     1.00000
           0           2           9           2
     3.49515     3.80674     2.97669
    -0.87285     0.48798    -0.00057
    -0.48798    -0.87285    -0.00122
    -0.00109    -0.00079     1.00000
           0           2           9           3
     3.50136     3.81125    -2.71531
    -0.87285     0.48798    -0.00057
    -0.48798    -0.87285    -0.00122
    -0.00109    -0.00079     1.00000
           0           2           9           4
     3.50756     3.81575    -8.40730
    -0.87285     0.48798    -0.00057
    -0.48798    -0.87285    -0.00122
    -0.00109    -0.00079     1.00000
           0           2          10           1
     2.49567     4.52172     8.67754
    -0.96325     0.26860    -0.00084
    -0.26860    -0.96325    -0.00106
    -0.00109    -0.00079     1.00000
           0           2          10           2
     2.50188     4.52623     2.98554
    -0.96325     0.26860    -0.00084
    -0.26860    -0.96325    -0.00106
    -0.00109    -0.00079     1.00000
           0           2          10           3
     2.50809     4.53073    -2.70645
    -0.96325     0.26860    -0.00084
    -0.26860    -0.96325    -0.00106
    -0.00109    -0.00079     1.00000
           0           2          10           4
     2.51429     4.53524    -8.39845
    -0.96325     0.26860    -0.00084
    -0.26860    -0.96325    -0.00106
    -0.00109    -0.00079     1.00000
           0           2          11           1
    -2.48204     4.51580    -8.55126
     0.96381     0.26659    -0.00029
     0.26659    -0.96381    -0.00086
    -0.00051     0.00075    -1.00000
           0           2          11           2
    -2.47916     4.51152    -2.85926
     0.96381     0.26659    -0.00029
     0.26659    -0.96381    -0.00086
    -0.00051     0.00075    -1.00000
           0           2          11           3
    -2.47628     4.50723     2.83274
     0.96381     0.26659    -0.00029
     0.26659    -0.96381    -0.00086
    -0.00051     0.00075    -1.00000
           0           2          11           4
    -2.47340     4.50295     8.52474
     0.96381     0.26659    -0.00029
     0.26659    -0.96381    -0.00086
    -0.00051     0.00075    -1.00000
           0           2          12           1
    -3.51517     3.84385    -8.54865
     0.87388     0.48615    -0.00008
     0.48615    -0.87388    -0.00090
    -0.00051     0.00075    -1.00000
           0           2          12           2
    -3.51229     3.83957    -2.85665
     0.87388     0.48615    -0.00008
     0.48615    -0.87388    -0.00090
    -0.00051     0.00075    -1.00000
           0           2          12           3
    -3.50941     3.83528     2.83534
     0.87388     0.48615    -0.00008
     0.48615    -0.87388    -0.00090
    -0.00051     0.00075    -1.00000
           0           2          12           4
    -3.50653     3.83100     8.52734
     0.87388     0.48615    -0.00008
     0.48615    -0.87388    -0.00090
    -0.00051     0.00075    -1.00000
           0           2          13           1
    -4.30774     2.90355    -8.55308
     0.73475     0.67834     0.00014
     0.67834    -0.73475    -0.00090
    -0.00051     0.00075    -1.00000
           0           2          13           2
    -4.30486     2.89927    -2.86108
     0.73475     0.67834     0.00014
     0.67834    -0.73475    -0.00090
    -0.00051     0.00075    -1.00000
           0           2          13           3
    -4.30198     2.89498     2.83092
     0.73475     0.67834     0.00014
     0.67834    -0.73475    -0.00090
    -0.00051     0.00075    -1.00000
           0           2          13           4
    -4.29910     2.89069     8.52291
     0.73475     0.67834     0.00014
     0.67834    -0.73475    -0.00090
    -0.00051     0.00075    -1.00000
           0           2          14           1
    -4.85793     1.80961    -8.54972
     0.55427     0.83234     0.00035
     0.83234    -0.55426    -0.00084
    -0.00051     0.00075    -1.00000
           0           2          14           2
    -4.85505     1.80532    -2.85773
     0.55427     0.83234     0.00035
     0.83234    -0.55426    -0.00084
    -0.00051     0.00075    -1.00000
           0           2          14           3
    -4.85217     1.80104     2.83427
     0.55427     0.83234     0.00035
     0.83234    -0.55426    -0.00084
    -0.00051     0.00075    -1.00000
           0           2          14           4
    -4.84929     1.79675     8.52627
     0.55427     0.83234     0.00035
     0.83234    -0.55426    -0.00084
    -0.00051     0.00075    -1.00000
           0           2          15           1
    -5.18659     0.62885    -8.55308
     0.34257     0.93949     0.00053
     0.93949    -0.34257    -0.00073
    -0.00051     0.00075    -1.00000
           0           2          15           2
    -5.18371     0.62457    -2.86108
     0.34257     0.93949     0.00053
     0.93949    -0.34257    -0.00073
    -0.00051     0.00075    -1.00000
           0           2          15           3
    -5.18083     0.62028     2.83092
     0.34257     0.93949     0.00053
     0.93949    -0.34257    -0.00073
    -0.00051     0.00075    -1.00000
           0           2          15           4
    -5.17795     0.61600     8.52292
     0.34257     0.93949     0.00053
     0.93949    -0.34257    -0.00073
    -0.00051     0.00075    -1.00000
           0           2          16           1
    -5.17406    -0.59680    -8.55078
     0.11160     0.99375     0.00069
     0.99375    -0.11160    -0.00059
    -0.00051     0.00075    -1.00000
           0           2          16           2
    -5.17118    -0.60109    -2.85878
     0.11160     0.99375     0.00069
     0.99375    -0.11160    -0.00059
    -0.00051     0.00075    -1.00000
           0           2          16           3
    -5.16830    -0.60537     2.83322
     0.11160     0.99375     0.00069
     0.99375    -0.11160    -0.00059
    -0.00051     0.00075    -1.00000
           0           2          16           4
    -5.16542    -0.60966     8.52522
     0.11160     0.99375     0.00069
     0.99375    -0.11160    -0.00059
    -0.00051     0.00075    -1.00000
           0           2          17           1
    -4.87809    -1.78821    -8.55031
    -0.12566     0.99207     0.00081
     0.99207     0.12566    -0.00041
    -0.00051     0.00075    -1.00000
           0           2          17           2
    -4.87521    -1.79250    -2.85831
    -0.12566     0.99207     0.00081
     0.99207     0.12566    -0.00041
    -0.00051     0.00075    -1.00000
           0           2          17           3
    -4.87233    -1.79678     2.83368
    -0.12566     0.99207     0.00081
     0.99207     0.12566    -0.00041
    -0.00051     0.00075    -1.00000
           0           2          17           4
    -4.86945    -1.80107     8.52568
    -0.12566     0.99207     0.00081
     0.99207     0.12566    -0.00041
    -0.00051     0.00075    -1.00000
           0           2          18           1
    -4.33802    -2.89019    -8.55242
    -0.35583     0.93455     0.00088
     0.93455     0.35583    -0.00020
    -0.00051     0.00075    -1.00000
           0           2          18           2
    -4.33514    -2.89447    -2.86043
    -0.35583     0.93455     0.00088
     0.93455     0.35583    -0.00020
    -0.00051     0.00075    -1.00000
           0           2          18           3
    -4.33225    -2.89876     2.83157
    -0.35583     0.93455     0.00088
     0.93455     0.35583    -0.00020
    -0.00051     0.00075    -1.00000
           0           2          18           4
    -4.32937    -2.90304     8.52357
    -0.35583     0.93455     0.00088
     0.93455     0.35583    -0.00020
    -0.00051     0.00075    -1.00000
           0           2          19           1
    -3.55952    -3.83970    -8.55050
    -0.56599     0.82441     0.00091
     0.82441     0.56599     0.00001
    -0.00051     0.00075    -1.00000
           0           2          19           2
    -3.55664    -3.84399    -2.85851
    -0.56599     0.82441     0.00091
     0.82441     0.56599     0.00001
    -0.00051     0.00075    -1.00000
           0           2          19           3
    -3.55376    -3.84827     2.83349
    -0.56599     0.82441     0.00091
     0.82441     0.56599     0.00001
    -0.00051     0.00075    -1.00000
           0           2          19           4
    -3.55088    -3.85256     8.52549
    -0.56599     0.82441     0.00091
     0.82441     0.56599     0.00001
    -0.00051     0.00075    -1.00000
           0           2          20           1
    -2.57517    -4.56628    -8.55111
    -0.74427     0.66788     0.00088
     0.66788     0.74427     0.00022
    -0.00051     0.00075    -1.00000
           0           2          20           2
    -2.57229    -4.57057    -2.85912
    -0.74427     0.66788     0.00088
     0.66788     0.74427     0.00022
    -0.00051     0.00075    -1.00000
           0           2          20           3
    -2.56941    -4.57485     2.83288
    -0.74427     0.66788     0.00088
     0.66788     0.74427     0.00022
    -0.00051     0.00075    -1.00000
           0           2          20           4
    -2.56653    -4.57914     8.52488
    -0.74427     0.66788     0.00088
     0.66788     0.74427     0.00022
    -0.00051     0.00075    -1.00000
           0           3           1           1
     5.63685   -10.30592    12.85816
    -0.87780    -0.47903    -0.00134
    -0.47903     0.87780     0.00017
     0.00109     0.00079    -1.00000
           0           3           1           2
     5.64380   -10.30087     6.48276
    -0.87780    -0.47903    -0.00134
    -0.47903     0.87780     0.00017
     0.00109     0.00079    -1.00000
           0           3           1           3
     5.65075   -10.29582     0.10737
    -0.87780    -0.47903    -0.00134
    -0.47903     0.87780     0.00017
     0.00109     0.00079    -1.00000
           0           3           1           4
     5.65770   -10.29078    -6.26803
    -0.87780    -0.47903    -0.00134
    -0.47903     0.87780     0.00017
     0.00109     0.00079    -1.00000
           0           3           1           5
     5.66465   -10.28573   -12.64343
    -0.87780    -0.47903    -0.00134
    -0.47903     0.87780     0.00017
     0.00109     0.00079    -1.00000
           0           3           2           1
     7.52485    -7.12367    12.85337
    -0.68628    -0.72734    -0.00132
    -0.72734     0.68628    -0.00025
     0.00109     0.00079    -1.00000
           0           3           2           2
     7.53180    -7.11863     6.47798
    -0.68628    -0.72734    -0.00132
    -0.72734     0.68628    -0.00025
     0.00109     0.00079    -1.00000
           0           3           2           3
     7.53875    -7.11358     0.10259
    -0.68628    -0.72734    -0.00132
    -0.72734     0.68628    -0.00025
     0.00109     0.00079    -1.00000
           0           3           2           4
     7.54570    -7.10853    -6.27281
    -0.68628    -0.72734    -0.00132
    -0.72734     0.68628    -0.00025
     0.00109     0.00079    -1.00000
           0           3           2           5
     7.55265    -7.10348   -12.64820
    -0.68628    -0.72734    -0.00132
    -0.72734     0.68628    -0.00025
     0.00109     0.00079    -1.00000
           0           3           3           1
    11.45754    -5.64636    12.86547
    -0.44117    -0.89742    -0.00119
    -0.89742     0.44117    -0.00063
     0.00109     0.00079    -1.00000
           0           3           3           2
    11.46449    -5.64132     6.49009
    -0.44117    -0.89742    -0.00119
    -0.89742     0.44117    -0.00063
     0.00109     0.00079    -1.00000
           0           3           3           3
    11.47143    -5.63627     0.11470
    -0.44117    -0.89742    -0.00119
    -0.89742     0.44117    -0.00063
     0.00109     0.00079    -1.00000
           0           3           3           4
    11.47838    -5.63122    -6.26070
    -0.44117    -0.89742    -0.00119
    -0.89742     0.44117    -0.00063
     0.00109     0.00079    -1.00000
           0           3           3           5
    11.48533    -5.62618   -12.63609
    -0.44117    -0.89742    -0.00119
    -0.89742     0.44117    -0.00063
     0.00109     0.00079    -1.00000
           0           3           4           1
    11.52937    -2.07163    12.87136
    -0.17567    -0.98445    -0.00097
    -0.98445     0.17567    -0.00093
     0.00109     0.00079    -1.00000
           0           3           4           2
    11.53632    -2.06659     6.49597
    -0.17567    -0.98445    -0.00097
    -0.98445     0.17567    -0.00093
     0.00109     0.00079    -1.00000
           0           3           4           3
    11.54327    -2.06154     0.12058
    -0.17567    -0.98445    -0.00097
    -0.98445     0.17567    -0.00093
     0.00109     0.00079    -1.00000
           0           3           4           4
    11.55022    -2.05649    -6.25481
    -0.17567    -0.98445    -0.00097
    -0.98445     0.17567    -0.00093
     0.00109     0.00079    -1.00000
           0           3           4           5
    11.55717    -2.05145   -12.63022
    -0.17567    -0.98445    -0.00097
    -0.98445     0.17567    -0.00093
     0.00109     0.00079    -1.00000
           0           3           5           1
    10.14984     1.39336    12.86608
     0.13787    -0.99045    -0.00063
    -0.99045    -0.13787    -0.00119
     0.00109     0.00079    -1.00000
           0           3           5           2
    10.15679     1.39840     6.49069
     0.13787    -0.99045    -0.00063
    -0.99045    -0.13787    -0.00119
     0.00109     0.00079    -1.00000
           0           3           5           3
    10.16374     1.40345     0.11529
     0.13787    -0.99045    -0.00063
    -0.99045    -0.13787    -0.00119
     0.00109     0.00079    -1.00000
           0           3           5           4
    10.17069     1.40850    -6.26011
     0.13787    -0.99045    -0.00063
    -0.99045    -0.13787    -0.00119
     0.00109     0.00079    -1.00000
           0           3           5           5
    10.17764     1.41355   -12.63551
     0.13787    -0.99045    -0.00063
    -0.99045    -0.13787    -0.00119
     0.00109     0.00079    -1.00000
           0           3           6           1
    11.71975     5.46930    12.88621
     0.42390    -0.90571    -0.00025
    -0.90571    -0.42390    -0.00132
     0.00109     0.00079    -1.00000
           0           3           6           2
    11.72670     5.47434     6.51082
     0.42390    -0.90571    -0.00025
    -0.90571    -0.42390    -0.00132
     0.00109     0.00079    -1.00000
           0           3           6           3
    11.73365     5.47939     0.13543
     0.42390    -0.90571    -0.00025
    -0.90571    -0.42390    -0.00132
     0.00109     0.00079    -1.00000
           0           3           6           4
    11.74060     5.48444    -6.23996
     0.42390    -0.90571    -0.00025
    -0.90571    -0.42390    -0.00132
     0.00109     0.00079    -1.00000
           0           3           6           5
    11.74755     5.48948   -12.61536
     0.42390    -0.90571    -0.00025
    -0.90571    -0.42390    -0.00132
     0.00109     0.00079    -1.00000
           0           3           7           1
     8.87690     7.71395    12.87834
     0.65793    -0.75308     0.00012
    -0.75308    -0.65793    -0.00134
     0.00109     0.00079    -1.00000
           0           3           7           2
     8.88385     7.71900     6.50293
     0.65793    -0.75308     0.00012
    -0.75308    -0.65793    -0.00134
     0.00109     0.00079    -1.00000
           0           3           7           3
     8.89080     7.72404     0.12755
     0.65793    -0.75308     0.00012
    -0.75308    -0.65793    -0.00134
     0.00109     0.00079    -1.00000
           0           3           7           4
     8.89775     7.72909    -6.24785
     0.65793    -0.75308     0.00012
    -0.75308    -0.65793    -0.00134
     0.00109     0.00079    -1.00000
           0           3           7           5
     8.90470     7.73414   -12.62324
     0.65793    -0.75308     0.00012
    -0.75308    -0.65793    -0.00134
     0.00109     0.00079    -1.00000
           0           3           8           1
     5.34418     8.92570    12.86999
     0.85882    -0.51228     0.00053
    -0.51228    -0.85882    -0.00124
     0.00109     0.00079    -1.00000
           0           3           8           2
     5.35114     8.93075     6.49459
     0.85882    -0.51228     0.00053
    -0.51228    -0.85882    -0.00124
     0.00109     0.00079    -1.00000
           0           3           8           3
     5.35809     8.93579     0.11920
     0.85882    -0.51228     0.00053
    -0.51228    -0.85882    -0.00124
     0.00109     0.00079    -1.00000
           0           3           8           4
     5.36504     8.94084    -6.25620
     0.85882    -0.51228     0.00053
    -0.51228    -0.85882    -0.00124
     0.00109     0.00079    -1.00000
           0           3           8           5
     5.37199     8.94589   -12.63159
     0.85882    -0.51228     0.00053
    -0.51228    -0.85882    -0.00124
     0.00109     0.00079    -1.00000
           0           3           9           1
    -5.34137     8.93240   -12.76620
    -0.85818    -0.51336     0.00005
     0.51336    -0.85818    -0.00091
     0.00051    -0.00075     1.00000
           0           3           9           2
    -5.33815     8.92760    -6.39080
    -0.85818    -0.51336     0.00005
     0.51336    -0.85818    -0.00091
     0.00051    -0.00075     1.00000
           0           3           9           3
    -5.33492     8.92280    -0.01540
    -0.85818    -0.51336     0.00005
     0.51336    -0.85818    -0.00091
     0.00051    -0.00075     1.00000
           0           3           9           4
    -5.33170     8.91800     6.35999
    -0.85818    -0.51336     0.00005
     0.51336    -0.85818    -0.00091
     0.00051    -0.00075     1.00000
           0           3           9           5
    -5.32847     8.91320    12.73539
    -0.85818    -0.51336     0.00005
     0.51336    -0.85818    -0.00091
     0.00051    -0.00075     1.00000
           0           3          10           1
    -8.84290     7.72912   -12.75899
    -0.65712    -0.75379    -0.00024
     0.75379    -0.65712    -0.00088
     0.00051    -0.00075     1.00000
           0           3          10           2
    -8.83967     7.72432    -6.38359
    -0.65712    -0.75379    -0.00024
     0.75379    -0.65712    -0.00088
     0.00051    -0.00075     1.00000
           0           3          10           3
    -8.83645     7.71952    -0.00820
    -0.65712    -0.75379    -0.00024
     0.75379    -0.65712    -0.00088
     0.00051    -0.00075     1.00000
           0           3          10           4
    -8.83322     7.71472     6.36720
    -0.65712    -0.75379    -0.00024
     0.75379    -0.65712    -0.00088
     0.00051    -0.00075     1.00000
           0           3          10           5
    -8.83000     7.70992    12.74260
    -0.65712    -0.75379    -0.00024
     0.75379    -0.65712    -0.00088
     0.00051    -0.00075     1.00000
           0           3          11           1
   -11.59062     5.43880   -12.76620
    -0.42301    -0.90612    -0.00047
     0.90612    -0.42301    -0.00078
     0.00051    -0.00075     1.00000
           0           3          11           2
   -11.58739     5.43400    -6.39080
    -0.42301    -0.90612    -0.00047
     0.90612    -0.42301    -0.00078
     0.00051    -0.00075     1.00000
           0           3          11           3
   -11.58417     5.42920    -0.01540
    -0.42301    -0.90612    -0.00047
     0.90612    -0.42301    -0.00078
     0.00051    -0.00075     1.00000
           0           3          11           4
   -11.58094     5.42440     6.36000
    -0.42301    -0.90612    -0.00047
     0.90612    -0.42301    -0.00078
     0.00051    -0.00075     1.00000
           0           3          11           5
   -11.57772     5.41960    12.73539
    -0.42301    -0.90612    -0.00047
     0.90612    -0.42301    -0.00078
     0.00051    -0.00075     1.00000
           0           3          12           1
   -10.30044     1.44766   -12.75482
    -0.13662    -0.99062    -0.00068
     0.99062    -0.13662    -0.00060
     0.00051    -0.00075     1.00000
           0           3          12           2
   -10.29721     1.44286    -6.37943
    -0.13662    -0.99062    -0.00068
     0.99062    -0.13662    -0.00060
     0.00051    -0.00075     1.00000
           0           3          12           3
   -10.29399     1.43806    -0.00403
    -0.13662    -0.99062    -0.00068
     0.99062    -0.13662    -0.00060
     0.00051    -0.00075     1.00000
           0           3          12           4
   -10.29076     1.43326     6.37137
    -0.13662    -0.99062    -0.00068
     0.99062    -0.13662    -0.00060
     0.00051    -0.00075     1.00000
           0           3          12           5
   -10.28754     1.42846    12.74677
    -0.13662    -0.99062    -0.00068
     0.99062    -0.13662    -0.00060
     0.00051    -0.00075     1.00000
           0           3          13           1
   -11.50996    -2.01219   -12.76680
     0.17675    -0.98426    -0.00083
     0.98426     0.17675    -0.00036
     0.00051    -0.00075     1.00000
           0           3          13           2
   -11.50674    -2.01699    -6.39139
     0.17675    -0.98426    -0.00083
     0.98426     0.17675    -0.00036
     0.00051    -0.00075     1.00000
           0           3          13           3
   -11.50351    -2.02179    -0.01599
     0.17675    -0.98426    -0.00083
     0.98426     0.17675    -0.00036
     0.00051    -0.00075     1.00000
           0           3          13           4
   -11.50029    -2.02659     6.35940
     0.17675    -0.98426    -0.00083
     0.98426     0.17675    -0.00036
     0.00051    -0.00075     1.00000
           0           3          13           5
   -11.49706    -2.03139    12.73479
     0.17675    -0.98426    -0.00083
     0.98426     0.17675    -0.00036
     0.00051    -0.00075     1.00000
           0           3          14           1
   -11.50507    -5.61122   -12.78362
     0.44205    -0.89699    -0.00090
     0.89699     0.44205    -0.00012
     0.00051    -0.00075     1.00000
           0           3          14           2
   -11.50185    -5.61602    -6.40822
     0.44205    -0.89699    -0.00090
     0.89699     0.44205    -0.00012
     0.00051    -0.00075     1.00000
           0           3          14           3
   -11.49862    -5.62082    -0.03282
     0.44205    -0.89699    -0.00090
     0.89699     0.44205    -0.00012
     0.00051    -0.00075     1.00000
           0           3          14           4
   -11.49540    -5.62562     6.34257
     0.44205    -0.89699    -0.00090
     0.89699     0.44205    -0.00012
     0.00051    -0.00075     1.00000
           0           3          14           5
   -11.49217    -5.63042    12.71797
     0.44205    -0.89699    -0.00090
     0.89699     0.44205    -0.00012
     0.00051    -0.00075     1.00000
           0           3          15           1
    -7.56058    -7.08941   -12.77452
     0.68718    -0.72649    -0.00089
     0.72649     0.68718     0.00015
     0.00051    -0.00075     1.00000
           0           3          15           2
    -7.55736    -7.09421    -6.39912
     0.68718    -0.72649    -0.00089
     0.72649     0.68718     0.00015
     0.00051    -0.00075     1.00000
           0           3          15           3
    -7.55413    -7.09901    -0.02372
     0.68718    -0.72649    -0.00089
     0.72649     0.68718     0.00015
     0.00051    -0.00075     1.00000
           0           3          15           4
    -7.55091    -7.10381     6.35167
     0.68718    -0.72649    -0.00089
     0.72649     0.68718     0.00015
     0.00051    -0.00075     1.00000
           0           3          15           5
    -7.54768    -7.10861    12.72707
     0.68718    -0.72649    -0.00089
     0.72649     0.68718     0.00015
     0.00051    -0.00075     1.00000
           0           3          16           1
    -5.73815   -10.35741   -12.77545
     0.87832    -0.47807    -0.00080
     0.47807     0.87832     0.00042
     0.00051    -0.00075     1.00000
           0           3          16           2
    -5.73493   -10.36221    -6.40005
     0.87832    -0.47807    -0.00080
     0.47807     0.87832     0.00042
     0.00051    -0.00075     1.00000
           0           3          16           3
    -5.73170   -10.36701    -0.02466
     0.87832    -0.47807    -0.00080
     0.47807     0.87832     0.00042
     0.00051    -0.00075     1.00000
           0           3          16           4
    -5.72847   -10.37181     6.35074
     0.87832    -0.47807    -0.00080
     0.47807     0.87832     0.00042
     0.00051    -0.00075     1.00000
           0           3          16           5
    -5.72525   -10.37661    12.72614
     0.87832    -0.47807    -0.00080
     0.47807     0.87832     0.00042
     0.00051    -0.00075     1.00000
           0           4           1           1
     6.58265   -14.02464   -15.84198
     0.90739     0.42028     0.00132
    -0.42028     0.90739     0.00026
    -0.00109    -0.00079     1.00000
           0           4           1           2
     6.57569   -14.02969    -9.46659
     0.90739     0.42028     0.00132
    -0.42028     0.90739     0.00026
    -0.00109    -0.00079     1.00000
           0           4           1           3
     6.56874   -14.03473    -3.09119
     0.90739     0.42028     0.00132
    -0.42028     0.90739     0.00026
    -0.00109    -0.00079     1.00000
           0           4           1           4
     6.56179   -14.03978     3.28420
     0.90739     0.42028     0.00132
    -0.42028     0.90739     0.00026
    -0.00109    -0.00079     1.00000
           0           4           1           5
     6.55484   -14.04483     9.65960
     0.90739     0.42028     0.00132
    -0.42028     0.90739     0.00026
    -0.00109    -0.00079     1.00000
           0           4           1           6
     6.54789   -14.04987    16.03499
     0.90739     0.42028     0.00132
    -0.42028     0.90739     0.00026
    -0.00109    -0.00079     1.00000
           0           4           2           1
    10.18906   -13.27312   -15.84720
     0.79553     0.60592     0.00135
    -0.60592     0.79553    -0.00003
    -0.00109    -0.00079     1.00000
           0           4           2           2
    10.18211   -13.27817    -9.47181
     0.79553     0.60592     0.00135
    -0.60592     0.79553    -0.00003
    -0.00109    -0.00079     1.00000
           0           4           2           3
    10.17516   -13.28322    -3.09641
     0.79553     0.60592     0.00135
    -0.60592     0.79553    -0.00003
    -0.00109    -0.00079     1.00000
           0           4           2           4
    10.16821   -13.28827     3.27898
     0.79553     0.60592     0.00135
    -0.60592     0.79553    -0.00003
    -0.00109    -0.00079     1.00000
           0           4           2           5
    10.16126   -13.29331     9.65437
     0.79553     0.60592     0.00135
    -0.60592     0.79553    -0.00003
    -0.00109    -0.00079     1.00000
           0           4           2           6
    10.15431   -13.29836    16.02977
     0.79553     0.60592     0.00135
    -0.60592     0.79553    -0.00003
    -0.00109    -0.00079     1.00000
           0           4           3           1
    13.42083   -11.64999   -15.82504
     0.65781     0.75318     0.00131
    -0.75318     0.65781    -0.00030
    -0.00109    -0.00079     1.00000
           0           4           3           2
    13.41388   -11.65504    -9.44965
     0.65781     0.75318     0.00131
    -0.75318     0.65781    -0.00030
    -0.00109    -0.00079     1.00000
           0           4           3           3
    13.40693   -11.66008    -3.07426
     0.65781     0.75318     0.00131
    -0.75318     0.65781    -0.00030
    -0.00109    -0.00079     1.00000
           0           4           3           4
    13.39998   -11.66513     3.30114
     0.65781     0.75318     0.00131
    -0.75318     0.65781    -0.00030
    -0.00109    -0.00079     1.00000
           0           4           3           5
    13.39303   -11.67018     9.67653
     0.65781     0.75318     0.00131
    -0.75318     0.65781    -0.00030
    -0.00109    -0.00079     1.00000
           0           4           3           6
    13.38608   -11.67522    16.05193
     0.65781     0.75318     0.00131
    -0.75318     0.65781    -0.00030
    -0.00109    -0.00079     1.00000
           0           4           4           1
    13.51765    -7.47806   -15.83466
     0.48630     0.87379     0.00122
    -0.87379     0.48630    -0.00057
    -0.00109    -0.00079     1.00000
           0           4           4           2
    13.51070    -7.48311    -9.45926
     0.48630     0.87379     0.00122
    -0.87379     0.48630    -0.00057
    -0.00109    -0.00079     1.00000
           0           4           4           3
    13.50375    -7.48815    -3.08387
     0.48630     0.87379     0.00122
    -0.87379     0.48630    -0.00057
    -0.00109    -0.00079     1.00000
           0           4           4           4
    13.49679    -7.49320     3.29153
     0.48630     0.87379     0.00122
    -0.87379     0.48630    -0.00057
    -0.00109    -0.00079     1.00000
           0           4           4           5
    13.48984    -7.49825     9.66692
     0.48630     0.87379     0.00122
    -0.87379     0.48630    -0.00057
    -0.00109    -0.00079     1.00000
           0           4           4           6
    13.48289    -7.50330    16.04231
     0.48630     0.87379     0.00122
    -0.87379     0.48630    -0.00057
    -0.00109    -0.00079     1.00000
           0           4           5           1
    15.94187    -4.72405   -15.82743
     0.28662     0.95804     0.00107
    -0.95804     0.28662    -0.00082
    -0.00109    -0.00079     1.00000
           0           4           5           2
    15.93492    -4.72910    -9.45204
     0.28662     0.95804     0.00107
    -0.95804     0.28662    -0.00082
    -0.00109    -0.00079     1.00000
           0           4           5           3
    15.92797    -4.73414    -3.07664
     0.28662     0.95804     0.00107
    -0.95804     0.28662    -0.00082
    -0.00109    -0.00079     1.00000
           0           4           5           4
    15.92101    -4.73919     3.29875
     0.28662     0.95804     0.00107
    -0.95804     0.28662    -0.00082
    -0.00109    -0.00079     1.00000
           0           4           5           5
    15.91406    -4.74424     9.67414
     0.28662     0.95804     0.00107
    -0.95804     0.28662    -0.00082
    -0.00109    -0.00079     1.00000
           0           4           5           6
    15.90711    -4.74929    16.04954
     0.28662     0.95804     0.00107
    -0.95804     0.28662    -0.00082
    -0.00109    -0.00079     1.00000
           0           4           6           1
    17.79745    -1.54521   -15.81304
     0.08860     0.99607     0.00089
    -0.99607     0.08860    -0.00102
    -0.00109    -0.00079     1.00000
           0           4           6           2
    17.79050    -1.55026    -9.43765
     0.08860     0.99607     0.00089
    -0.99607     0.08860    -0.00102
    -0.00109    -0.00079     1.00000
           0           4           6           3
    17.78355    -1.55531    -3.06226
     0.08860     0.99607     0.00089
    -0.99607     0.08860    -0.00102
    -0.00109    -0.00079     1.00000
           0           4           6           4
    17.77660    -1.56035     3.31314
     0.08860     0.99607     0.00089
    -0.99607     0.08860    -0.00102
    -0.00109    -0.00079     1.00000
           0           4           6           5
    17.76965    -1.56540     9.68853
     0.08860     0.99607     0.00089
    -0.99607     0.08860    -0.00102
    -0.00109    -0.00079     1.00000
           0           4           6           6
    17.76270    -1.57045    16.06393
     0.08860     0.99607     0.00089
    -0.99607     0.08860    -0.00102
    -0.00109    -0.00079     1.00000
           0           4           7           1
    15.26133     1.87918   -15.82392
    -0.12105     0.99265     0.00065
    -0.99265    -0.12104    -0.00118
    -0.00109    -0.00079     1.00000
           0           4           7           2
    15.25438     1.87413    -9.44852
    -0.12105     0.99265     0.00065
    -0.99265    -0.12104    -0.00118
    -0.00109    -0.00079     1.00000
           0           4           7           3
    15.24743     1.86909    -3.07313
    -0.12105     0.99265     0.00065
    -0.99265    -0.12104    -0.00118
    -0.00109    -0.00079     1.00000
           0           4           7           4
    15.24048     1.86404     3.30226
    -0.12105     0.99265     0.00065
    -0.99265    -0.12104    -0.00118
    -0.00109    -0.00079     1.00000
           0           4           7           5
    15.23353     1.85899     9.67766
    -0.12105     0.99265     0.00065
    -0.99265    -0.12104    -0.00118
    -0.00109    -0.00079     1.00000
           0           4           7           6
    15.22658     1.85394    16.05305
    -0.12105     0.99265     0.00065
    -0.99265    -0.12104    -0.00118
    -0.00109    -0.00079     1.00000
           0           4           8           1
    15.89617     5.62820   -15.80285
    -0.33208     0.94325     0.00038
    -0.94325    -0.33208    -0.00129
    -0.00109    -0.00079     1.00000
           0           4           8           2
    15.88922     5.62315    -9.42745
    -0.33208     0.94325     0.00038
    -0.94325    -0.33208    -0.00129
    -0.00109    -0.00079     1.00000
           0           4           8           3
    15.88227     5.61811    -3.05206
    -0.33208     0.94325     0.00038
    -0.94325    -0.33208    -0.00129
    -0.00109    -0.00079     1.00000
           0           4           8           4
    15.87532     5.61306     3.32333
    -0.33208     0.94325     0.00038
    -0.94325    -0.33208    -0.00129
    -0.00109    -0.00079     1.00000
           0           4           8           5
    15.86837     5.60801     9.69873
    -0.33208     0.94325     0.00038
    -0.94325    -0.33208    -0.00129
    -0.00109    -0.00079     1.00000
           0           4           8           6
    15.86141     5.60296    16.07412
    -0.33208     0.94325     0.00038
    -0.94325    -0.33208    -0.00129
    -0.00109    -0.00079     1.00000
           0           4           9           1
    15.48430     9.29742   -15.79827
    -0.51454     0.85746     0.00012
    -0.85746    -0.51454    -0.00134
    -0.00109    -0.00079     1.00000
           0           4           9           2
    15.47735     9.29237    -9.42288
    -0.51454     0.85746     0.00012
    -0.85746    -0.51454    -0.00134
    -0.00109    -0.00079     1.00000
           0           4           9           3
    15.47040     9.28733    -3.04748
    -0.51454     0.85746     0.00012
    -0.85746    -0.51454    -0.00134
    -0.00109    -0.00079     1.00000
           0           4           9           4
    15.46345     9.28228     3.32791
    -0.51454     0.85746     0.00012
    -0.85746    -0.51454    -0.00134
    -0.00109    -0.00079     1.00000
           0           4           9           5
    15.45650     9.27723     9.70330
    -0.51454     0.85746     0.00012
    -0.85746    -0.51454    -0.00134
    -0.00109    -0.00079     1.00000
           0           4           9           6
    15.44955     9.27219    16.07870
    -0.51454     0.85746     0.00012
    -0.85746    -0.51454    -0.00134
    -0.00109    -0.00079     1.00000
           0           4          10           1
    11.42126    10.60856   -15.81507
    -0.68202     0.73134    -0.00016
    -0.73133    -0.68202    -0.00134
    -0.00109    -0.00079     1.00000
           0           4          10           2
    11.41430    10.60351    -9.43968
    -0.68202     0.73134    -0.00016
    -0.73133    -0.68202    -0.00134
    -0.00109    -0.00079     1.00000
           0           4          10           3
    11.40735    10.59846    -3.06429
    -0.68202     0.73134    -0.00016
    -0.73133    -0.68202    -0.00134
    -0.00109    -0.00079     1.00000
           0           4          10           4
    11.40040    10.59342     3.31111
    -0.68202     0.73134    -0.00016
    -0.73133    -0.68202    -0.00134
    -0.00109    -0.00079     1.00000
           0           4          10           5
    11.39345    10.58837     9.68650
    -0.68202     0.73134    -0.00016
    -0.73133    -0.68202    -0.00134
    -0.00109    -0.00079     1.00000
           0           4          10           6
    11.38650    10.58332    16.06190
    -0.68202     0.73134    -0.00016
    -0.73133    -0.68202    -0.00134
    -0.00109    -0.00079     1.00000
           0           4          11           1
     9.48531    13.77343   -15.81525
    -0.82359     0.56719    -0.00045
    -0.56719    -0.82359    -0.00127
    -0.00109    -0.00079     1.00000
           0           4          11           2
     9.47836    13.76839    -9.43985
    -0.82359     0.56719    -0.00045
    -0.56719    -0.82359    -0.00127
    -0.00109    -0.00079     1.00000
           0           4          11           3
     9.47141    13.76334    -3.06446
    -0.82359     0.56719    -0.00045
    -0.56719    -0.82359    -0.00127
    -0.00109    -0.00079     1.00000
           0           4          11           4
     9.46446    13.75829     3.31093
    -0.82359     0.56719    -0.00045
    -0.56719    -0.82359    -0.00127
    -0.00109    -0.00079     1.00000
           0           4          11           5
     9.45751    13.75325     9.68633
    -0.82359     0.56719    -0.00045
    -0.56719    -0.82359    -0.00127
    -0.00109    -0.00079     1.00000
           0           4          11           6
     9.45056    13.74820    16.06172
    -0.82359     0.56719    -0.00045
    -0.56719    -0.82359    -0.00127
    -0.00109    -0.00079     1.00000
           0           4          12           1
     7.09852    16.60887   -15.81191
    -0.92062     0.39046    -0.00069
    -0.39046    -0.92062    -0.00115
    -0.00109    -0.00079     1.00000
           0           4          12           2
     7.09157    16.60382    -9.43651
    -0.92062     0.39046    -0.00069
    -0.39046    -0.92062    -0.00115
    -0.00109    -0.00079     1.00000
           0           4          12           3
     7.08462    16.59877    -3.06112
    -0.92062     0.39046    -0.00069
    -0.39046    -0.92062    -0.00115
    -0.00109    -0.00079     1.00000
           0           4          12           4
     7.07767    16.59373     3.31428
    -0.92062     0.39046    -0.00069
    -0.39046    -0.92062    -0.00115
    -0.00109    -0.00079     1.00000
           0           4          12           5
     7.07072    16.58868     9.68967
    -0.92062     0.39046    -0.00069
    -0.39046    -0.92062    -0.00115
    -0.00109    -0.00079     1.00000
           0           4          12           6
     7.06377    16.58363    16.06506
    -0.92062     0.39046    -0.00069
    -0.39046    -0.92062    -0.00115
    -0.00109    -0.00079     1.00000
           0           4          13           1
    -7.21853    16.72390    15.90487
     0.92081     0.39002    -0.00017
     0.39002    -0.92081    -0.00089
    -0.00051     0.00075    -1.00000
           0           4          13           2
    -7.22175    16.72870     9.52946
     0.92081     0.39002    -0.00017
     0.39002    -0.92081    -0.00089
    -0.00051     0.00075    -1.00000
           0           4          13           3
    -7.22498    16.73350     3.15407
     0.92081     0.39002    -0.00017
     0.39002    -0.92081    -0.00089
    -0.00051     0.00075    -1.00000
           0           4          13           4
    -7.22820    16.73830    -3.22132
     0.92081     0.39002    -0.00017
     0.39002    -0.92081    -0.00089
    -0.00051     0.00075    -1.00000
           0           4          13           5
    -7.23143    16.74310    -9.59672
     0.92081     0.39002    -0.00017
     0.39002    -0.92081    -0.00089
    -0.00051     0.00075    -1.00000
           0           4          13           6
    -7.23465    16.74790   -15.97212
     0.92081     0.39002    -0.00017
     0.39002    -0.92081    -0.00089
    -0.00051     0.00075    -1.00000
           0           4          14           1
    -9.47791    13.73988    15.89832
     0.82387     0.56678     0.00001
     0.56678    -0.82387    -0.00091
    -0.00051     0.00075    -1.00000
           0           4          14           2
    -9.48113    13.74468     9.52291
     0.82387     0.56678     0.00001
     0.56678    -0.82387    -0.00091
    -0.00051     0.00075    -1.00000
           0           4          14           3
    -9.48436    13.74948     3.14752
     0.82387     0.56678     0.00001
     0.56678    -0.82387    -0.00091
    -0.00051     0.00075    -1.00000
           0           4          14           4
    -9.48758    13.75428    -3.22788
     0.82387     0.56678     0.00001
     0.56678    -0.82387    -0.00091
    -0.00051     0.00075    -1.00000
           0           4          14           5
    -9.49081    13.75908    -9.60327
     0.82387     0.56678     0.00001
     0.56678    -0.82387    -0.00091
    -0.00051     0.00075    -1.00000
           0           4          14           6
    -9.49403    13.76388   -15.97867
     0.82387     0.56678     0.00001
     0.56678    -0.82387    -0.00091
    -0.00051     0.00075    -1.00000
           0           4          15           1
   -11.29965    10.52638    15.90607
     0.68242     0.73096     0.00021
     0.73096    -0.68242    -0.00088
    -0.00051     0.00075    -1.00000
           0           4          15           2
   -11.30287    10.53118     9.53066
     0.68242     0.73096     0.00021
     0.73096    -0.68242    -0.00088
    -0.00051     0.00075    -1.00000
           0           4          15           3
   -11.30610    10.53598     3.15527
     0.68242     0.73096     0.00021
     0.73096    -0.68242    -0.00088
    -0.00051     0.00075    -1.00000
           0           4          15           4
   -11.30933    10.54078    -3.22012
     0.68242     0.73096     0.00021
     0.73096    -0.68242    -0.00088
    -0.00051     0.00075    -1.00000
           0           4          15           5
   -11.31256    10.54558    -9.59552
     0.68242     0.73096     0.00021
     0.73096    -0.68242    -0.00088
    -0.00051     0.00075    -1.00000
           0           4          15           6
   -11.31578    10.55038   -15.97092
     0.68242     0.73096     0.00021
     0.73096    -0.68242    -0.00088
    -0.00051     0.00075    -1.00000
           0           4          16           1
   -15.31035     9.18456    15.90468
     0.51496     0.85721     0.00038
     0.85721    -0.51496    -0.00082
    -0.00051     0.00075    -1.00000
           0           4          16           2
   -15.31358     9.18936     9.52927
     0.51496     0.85721     0.00038
     0.85721    -0.51496    -0.00082
    -0.00051     0.00075    -1.00000
           0           4          16           3
   -15.31680     9.19416     3.15388
     0.51496     0.85721     0.00038
     0.85721    -0.51496    -0.00082
    -0.00051     0.00075    -1.00000
           0           4          16           4
   -15.32003     9.19896    -3.22152
     0.51496     0.85721     0.00038
     0.85721    -0.51496    -0.00082
    -0.00051     0.00075    -1.00000
           0           4          16           5
   -15.32326     9.20376    -9.59691
     0.51496     0.85721     0.00038
     0.85721    -0.51496    -0.00082
    -0.00051     0.00075    -1.00000
           0           4          16           6
   -15.32649     9.20856   -15.97231
     0.51496     0.85721     0.00038
     0.85721    -0.51496    -0.00082
    -0.00051     0.00075    -1.00000
           0           4          17           1
   -15.75729     5.54099    15.89561
     0.33256     0.94308     0.00054
     0.94308    -0.33256    -0.00073
    -0.00051     0.00075    -1.00000
           0           4          17           2
   -15.76051     5.54579     9.52020
     0.33256     0.94308     0.00054
     0.94308    -0.33256    -0.00073
    -0.00051     0.00075    -1.00000
           0           4          17           3
   -15.76374     5.55059     3.14481
     0.33256     0.94308     0.00054
     0.94308    -0.33256    -0.00073
    -0.00051     0.00075    -1.00000
           0           4          17           4
   -15.76696     5.55539    -3.23058
     0.33256     0.94308     0.00054
     0.94308    -0.33256    -0.00073
    -0.00051     0.00075    -1.00000
           0           4          17           5
   -15.77019     5.56019    -9.60598
     0.33256     0.94308     0.00054
     0.94308    -0.33256    -0.00073
    -0.00051     0.00075    -1.00000
           0           4          17           6
   -15.77341     5.56499   -15.98138
     0.33256     0.94308     0.00054
     0.94308    -0.33256    -0.00073
    -0.00051     0.00075    -1.00000
           0           4          18           1
   -15.45095     1.88098    15.89246
     0.12158     0.99258     0.00069
     0.99258    -0.12158    -0.00059
    -0.00051     0.00075    -1.00000
           0           4          18           2
   -15.45417     1.88578     9.51705
     0.12158     0.99258     0.00069
     0.99258    -0.12158    -0.00059
    -0.00051     0.00075    -1.00000
           0           4          18           3
   -15.45740     1.89058     3.14166
     0.12158     0.99258     0.00069
     0.99258    -0.12158    -0.00059
    -0.00051     0.00075    -1.00000
           0           4          18           4
   -15.46062     1.89538    -3.23373
     0.12158     0.99258     0.00069
     0.99258    -0.12158    -0.00059
    -0.00051     0.00075    -1.00000
           0           4          18           5
   -15.46385     1.90018    -9.60913
     0.12158     0.99258     0.00069
     0.99258    -0.12158    -0.00059
    -0.00051     0.00075    -1.00000
           0           4          18           6
   -15.46707     1.90498   -15.98453
     0.12158     0.99258     0.00069
     0.99258    -0.12158    -0.00059
    -0.00051     0.00075    -1.00000
           0           4          19           1
   -17.66081    -1.53417    15.88321
    -0.08811     0.99611     0.00079
     0.99611     0.08812    -0.00044
    -0.00051     0.00075    -1.00000
           0           4          19           2
   -17.66404    -1.52937     9.50780
    -0.08811     0.99611     0.00079
     0.99611     0.08812    -0.00044
    -0.00051     0.00075    -1.00000
           0           4          19           3
   -17.66726    -1.52457     3.13241
    -0.08811     0.99611     0.00079
     0.99611     0.08812    -0.00044
    -0.00051     0.00075    -1.00000
           0           4          19           4
   -17.67049    -1.51977    -3.24299
    -0.08811     0.99611     0.00079
     0.99611     0.08812    -0.00044
    -0.00051     0.00075    -1.00000
           0           4          19           5
   -17.67372    -1.51497    -9.61838
    -0.08811     0.99611     0.00079
     0.99611     0.08812    -0.00044
    -0.00051     0.00075    -1.00000
           0           4          19           6
   -17.67694    -1.51017   -15.99378
    -0.08811     0.99611     0.00079
     0.99611     0.08812    -0.00044
    -0.00051     0.00075    -1.00000
           0           4          20           1
   -15.89783    -4.73365    15.88391
    -0.28613     0.95819     0.00087
     0.95819     0.28613    -0.00027
    -0.00051     0.00075    -1.00000
           0           4          20           2
   -15.90105    -4.72885     9.50850
    -0.28613     0.95819     0.00087
     0.95819     0.28613    -0.00027
    -0.00051     0.00075    -1.00000
           0           4          20           3
   -15.90428    -4.72405     3.13311
    -0.28613     0.95819     0.00087
     0.95819     0.28613    -0.00027
    -0.00051     0.00075    -1.00000
           0           4          20           4
   -15.90751    -4.71925    -3.24229
    -0.28613     0.95819     0.00087
     0.95819     0.28613    -0.00027
    -0.00051     0.00075    -1.00000
           0           4          20           5
   -15.91073    -4.71445    -9.61768
    -0.28613     0.95819     0.00087
     0.95819     0.28613    -0.00027
    -0.00051     0.00075    -1.00000
           0           4          20           6
   -15.91396    -4.70965   -15.99308
    -0.28613     0.95819     0.00087
     0.95819     0.28613    -0.00027
    -0.00051     0.00075    -1.00000
           0           4          21           1
   -13.53864    -7.51872    15.87692
    -0.48583     0.87405     0.00090
     0.87405     0.48583    -0.00008
    -0.00051     0.00075    -1.00000
           0           4          21           2
   -13.54186    -7.51392     9.50152
    -0.48583     0.87405     0.00090
     0.87405     0.48583    -0.00008
    -0.00051     0.00075    -1.00000
           0           4          21           3
   -13.54509    -7.50912     3.12613
    -0.48583     0.87405     0.00090
     0.87405     0.48583    -0.00008
    -0.00051     0.00075    -1.00000
           0           4          21           4
   -13.54831    -7.50432    -3.24927
    -0.48583     0.87405     0.00090
     0.87405     0.48583    -0.00008
    -0.00051     0.00075    -1.00000
           0           4          21           5
   -13.55154    -7.49952    -9.62466
    -0.48583     0.87405     0.00090
     0.87405     0.48583    -0.00008
    -0.00051     0.00075    -1.00000
           0           4          21           6
   -13.55476    -7.49472   -16.00006
    -0.48583     0.87405     0.00090
     0.87405     0.48583    -0.00008
    -0.00051     0.00075    -1.00000
           0           4          22           1
   -13.45772   -11.69528    15.90211
    -0.65745     0.75350     0.00090
     0.75350     0.65745     0.00011
    -0.00051     0.00075    -1.00000
           0           4          22           2
   -13.46094   -11.69048     9.52670
    -0.65745     0.75350     0.00090
     0.75350     0.65745     0.00011
    -0.00051     0.00075    -1.00000
           0           4          22           3
   -13.46418   -11.68568     3.15131
    -0.65745     0.75350     0.00090
     0.75350     0.65745     0.00011
    -0.00051     0.00075    -1.00000
           0           4          22           4
   -13.46741   -11.68088    -3.22408
    -0.65745     0.75350     0.00090
     0.75350     0.65745     0.00011
    -0.00051     0.00075    -1.00000
           0           4          22           5
   -13.47063   -11.67608    -9.59948
    -0.65745     0.75350     0.00090
     0.75350     0.65745     0.00011
    -0.00051     0.00075    -1.00000
           0           4          22           6
   -13.47386   -11.67128   -15.97488
    -0.65745     0.75350     0.00090
     0.75350     0.65745     0.00011
    -0.00051     0.00075    -1.00000
           0           4          23           1
   -10.28366   -13.40220    15.88589
    -0.79521     0.60633     0.00086
     0.60633     0.79522     0.00029
    -0.00051     0.00075    -1.00000
           0           4          23           2
   -10.28689   -13.39740     9.51048
    -0.79521     0.60633     0.00086
     0.60633     0.79522     0.00029
    -0.00051     0.00075    -1.00000
           0           4          23           3
   -10.29011   -13.39260     3.13509
    -0.79521     0.60633     0.00086
     0.60633     0.79522     0.00029
    -0.00051     0.00075    -1.00000
           0           4          23           4
   -10.29334   -13.38780    -3.24030
    -0.79521     0.60633     0.00086
     0.60633     0.79522     0.00029
    -0.00051     0.00075    -1.00000
           0           4          23           5
   -10.29656   -13.38300    -9.61570
    -0.79521     0.60633     0.00086
     0.60633     0.79522     0.00029
    -0.00051     0.00075    -1.00000
           0           4          23           6
   -10.29979   -13.37820   -15.99110
    -0.79521     0.60633     0.00086
     0.60633     0.79522     0.00029
    -0.00051     0.00075    -1.00000
           0           4          24           1
    -6.56132   -14.11118    15.87616
    -0.90717     0.42077     0.00078
     0.42077     0.90717     0.00047
    -0.00051     0.00075    -1.00000
           0           4          24           2
    -6.56454   -14.10638     9.50075
    -0.90717     0.42077     0.00078
     0.42077     0.90717     0.00047
    -0.00051     0.00075    -1.00000
           0           4          24           3
    -6.56777   -14.10158     3.12537
    -0.90717     0.42077     0.00078
     0.42077     0.90717     0.00047
    -0.00051     0.00075    -1.00000
           0           4          24           4
    -6.57099   -14.09678    -3.25003
    -0.90717     0.42077     0.00078
     0.42077     0.90717     0.00047
    -0.00051     0.00075    -1.00000
           0           4          24           5
    -6.57422   -14.09198    -9.62543
    -0.90717     0.42077     0.00078
     0.42077     0.90717     0.00047
    -0.00051     0.00075    -1.00000
           0           4          24           6
    -6.57744   -14.08718   -16.00083
    -0.90717     0.42077     0.00078
     0.42077     0.90717     0.00047
    -0.00051     0.00075    -1.00000
