 SVX cage parameters:
     2.20000
     0.50000     0.20000
     0.00000
           6
   -40.00000   -26.50000   -26.50000    26.50000    26.50000    40.00000
    53.00000    53.00000    22.14782    22.14782    53.00000    53.00000
     0.00000     0.00000     0.00000
 SVX barrel parameters:
           4
     2.63000     5.19260    11.76500    16.68700     1.14100
     0.00000     0.00000     0.00000     0.00000
           4           4           5           6
     0.69600     0.69600     1.74500     1.74500
     0.01000     0.01000     0.03125     0.03125
     2.83600     2.83600     3.18770     3.18770
     0.01900     0.01900     0.00000     0.00000
     0.02000     0.02000     0.00000     0.00000
    26.70000    13.62600    17.00000    12.00000
   -13.00000   -12.98000     0.00000     0.00000
           2
           5           5
     0.00000   180.00000
           2
          10          10
     0.00000   180.00000
           2
           8           8
     0.00000   180.00000
           2
          12          12
     0.00000   180.00000
 SVX barrel sensor rotation matrices and translation vectors:
           0           1           1           1
     1.59437    -2.12482     8.66943
     0.64001     0.76836    -0.00000
    -0.76836     0.64001    -0.00000
    -0.00000     0.00000     1.00000
           0           1           1           2
     1.59437    -2.12482     2.97743
     0.64001     0.76836    -0.00000
    -0.76836     0.64001    -0.00000
    -0.00000     0.00000     1.00000
           0           1           1           3
     1.59437    -2.12482    -2.71457
     0.64001     0.76836    -0.00000
    -0.76836     0.64001    -0.00000
    -0.00000     0.00000     1.00000
           0           1           1           4
     1.59437    -2.12482    -8.40657
     0.64001     0.76836    -0.00000
    -0.76836     0.64001    -0.00000
    -0.00000     0.00000     1.00000
           0           1           2           1
     2.33969    -1.17445     8.66968
     0.22649     0.97401    -0.00000
    -0.97401     0.22649    -0.00000
    -0.00000     0.00000     1.00000
           0           1           2           2
     2.33969    -1.17445     2.97768
     0.22649     0.97401    -0.00000
    -0.97401     0.22649    -0.00000
    -0.00000     0.00000     1.00000
           0           1           2           3
     2.33969    -1.17445    -2.71432
     0.22649     0.97401    -0.00000
    -0.97401     0.22649    -0.00000
    -0.00000     0.00000     1.00000
           0           1           2           4
     2.33969    -1.17445    -8.40632
     0.22649     0.97401    -0.00000
    -0.97401     0.22649    -0.00000
    -0.00000     0.00000     1.00000
           0           1           3           1
     2.61250    -0.00260     8.66499
    -0.23536     0.97191     0.00000
    -0.97191    -0.23536     0.00000
     0.00000     0.00000     1.00000
           0           1           3           2
     2.61250    -0.00260     2.97299
    -0.23536     0.97191     0.00000
    -0.97191    -0.23536     0.00000
     0.00000     0.00000     1.00000
           0           1           3           3
     2.61250    -0.00260    -2.71901
    -0.23536     0.97191     0.00000
    -0.97191    -0.23536     0.00000
     0.00000     0.00000     1.00000
           0           1           3           4
     2.61250    -0.00260    -8.41101
    -0.23536     0.97191     0.00000
    -0.97191    -0.23536     0.00000
     0.00000     0.00000     1.00000
           0           1           4           1
     2.34661     1.17979     8.66674
    -0.64700     0.76249     0.00000
    -0.76249    -0.64700     0.00000
     0.00000     0.00000     1.00000
           0           1           4           2
     2.34661     1.17979     2.97474
    -0.64700     0.76249     0.00000
    -0.76249    -0.64700     0.00000
     0.00000     0.00000     1.00000
           0           1           4           3
     2.34661     1.17979    -2.71726
    -0.64700     0.76249     0.00000
    -0.76249    -0.64700     0.00000
     0.00000     0.00000     1.00000
           0           1           4           4
     2.34661     1.17979    -8.40926
    -0.64700     0.76249     0.00000
    -0.76249    -0.64700     0.00000
     0.00000     0.00000     1.00000
           0           1           5           1
     1.54594     2.09218     8.65703
    -0.92063     0.39044     0.00000
    -0.39044    -0.92063     0.00000
     0.00000     0.00000     1.00000
           0           1           5           2
     1.54594     2.09218     2.96503
    -0.92063     0.39044     0.00000
    -0.39044    -0.92063     0.00000
     0.00000     0.00000     1.00000
           0           1           5           3
     1.54594     2.09218    -2.72697
    -0.92063     0.39044     0.00000
    -0.39044    -0.92063     0.00000
     0.00000     0.00000     1.00000
           0           1           5           4
     1.54594     2.09218    -8.41897
    -0.92063     0.39044     0.00000
    -0.39044    -0.92063     0.00000
     0.00000     0.00000     1.00000
           0           1           6           1
    -1.55917     2.09772    -8.55448
     0.92098     0.38961     0.00000
     0.38961    -0.92098     0.00000
     0.00000    -0.00000    -1.00000
           0           1           6           2
    -1.55917     2.09772    -2.86248
     0.92098     0.38961     0.00000
     0.38961    -0.92098     0.00000
     0.00000    -0.00000    -1.00000
           0           1           6           3
    -1.55917     2.09772     2.82952
     0.92098     0.38961     0.00000
     0.38961    -0.92098     0.00000
     0.00000    -0.00000    -1.00000
           0           1           6           4
    -1.55917     2.09772     8.52152
     0.92098     0.38961     0.00000
     0.38961    -0.92098     0.00000
     0.00000    -0.00000    -1.00000
           0           1           7           1
    -2.35599     1.17908    -8.55355
     0.64767     0.76192     0.00000
     0.76192    -0.64767     0.00000
     0.00000    -0.00000    -1.00000
           0           1           7           2
    -2.35599     1.17908    -2.86155
     0.64767     0.76192     0.00000
     0.76192    -0.64767     0.00000
     0.00000    -0.00000    -1.00000
           0           1           7           3
    -2.35599     1.17908     2.83045
     0.64767     0.76192     0.00000
     0.76192    -0.64767     0.00000
     0.00000    -0.00000    -1.00000
           0           1           7           4
    -2.35599     1.17908     8.52245
     0.64767     0.76192     0.00000
     0.76192    -0.64767     0.00000
     0.00000    -0.00000    -1.00000
           0           1           8           1
    -2.65723     0.00419    -8.56559
     0.23620     0.97170    -0.00000
     0.97170    -0.23620    -0.00000
    -0.00000     0.00000    -1.00000
           0           1           8           2
    -2.65723     0.00419    -2.87359
     0.23620     0.97170    -0.00000
     0.97170    -0.23620    -0.00000
    -0.00000     0.00000    -1.00000
           0           1           8           3
    -2.65723     0.00419     2.81841
     0.23620     0.97170    -0.00000
     0.97170    -0.23620    -0.00000
    -0.00000     0.00000    -1.00000
           0           1           8           4
    -2.65723     0.00419     8.51041
     0.23620     0.97170    -0.00000
     0.97170    -0.23620    -0.00000
    -0.00000     0.00000    -1.00000
           0           1           9           1
    -2.38319    -1.18442    -8.55063
    -0.22563     0.97421    -0.00000
     0.97421     0.22563    -0.00000
    -0.00000    -0.00000    -1.00000
           0           1           9           2
    -2.38319    -1.18442    -2.85863
    -0.22563     0.97421    -0.00000
     0.97421     0.22563    -0.00000
    -0.00000    -0.00000    -1.00000
           0           1           9           3
    -2.38319    -1.18442     2.83337
    -0.22563     0.97421    -0.00000
     0.97421     0.22563    -0.00000
    -0.00000    -0.00000    -1.00000
           0           1           9           4
    -2.38319    -1.18442     8.52537
    -0.22563     0.97421    -0.00000
     0.97421     0.22563    -0.00000
    -0.00000    -0.00000    -1.00000
           0           1          10           1
    -1.63261    -2.14056    -8.55161
    -0.63931     0.76895    -0.00000
     0.76895     0.63931    -0.00000
    -0.00000    -0.00000    -1.00000
           0           1          10           2
    -1.63261    -2.14056    -2.85961
    -0.63931     0.76895    -0.00000
     0.76895     0.63931    -0.00000
    -0.00000    -0.00000    -1.00000
           0           1          10           3
    -1.63261    -2.14056     2.83239
    -0.63931     0.76895    -0.00000
     0.76895     0.63931    -0.00000
    -0.00000    -0.00000    -1.00000
           0           1          10           4
    -1.63261    -2.14056     8.52439
    -0.63931     0.76895    -0.00000
     0.76895     0.63931    -0.00000
    -0.00000    -0.00000    -1.00000
           0           2           1           1
     2.51651    -4.54201     8.67173
     0.74600     0.66595    -0.00000
    -0.66595     0.74600    -0.00000
    -0.00000     0.00000     1.00000
           0           2           1           2
     2.51651    -4.54201     2.97973
     0.74600     0.66595    -0.00000
    -0.66595     0.74600    -0.00000
    -0.00000     0.00000     1.00000
           0           2           1           3
     2.51651    -4.54201    -2.71227
     0.74600     0.66595    -0.00000
    -0.66595     0.74600    -0.00000
    -0.00000     0.00000     1.00000
           0           2           1           4
     2.51651    -4.54201    -8.40427
     0.74600     0.66595    -0.00000
    -0.66595     0.74600    -0.00000
    -0.00000     0.00000     1.00000
           0           2           2           1
     3.50855    -3.83571     8.67514
     0.56812     0.82295    -0.00000
    -0.82295     0.56812    -0.00000
    -0.00000     0.00000     1.00000
           0           2           2           2
     3.50855    -3.83571     2.98314
     0.56812     0.82295    -0.00000
    -0.82295     0.56812    -0.00000
    -0.00000     0.00000     1.00000
           0           2           2           3
     3.50855    -3.83571    -2.70886
     0.56812     0.82295    -0.00000
    -0.82295     0.56812    -0.00000
    -0.00000     0.00000     1.00000
           0           2           2           4
     3.50855    -3.83571    -8.40086
     0.56812     0.82295    -0.00000
    -0.82295     0.56812    -0.00000
    -0.00000     0.00000     1.00000
           0           2           3           1
     4.28547    -2.89359     8.66614
     0.35825     0.93363    -0.00000
    -0.93363     0.35825    -0.00000
    -0.00000     0.00000     1.00000
           0           2           3           2
     4.28547    -2.89359     2.97414
     0.35825     0.93363    -0.00000
    -0.93363     0.35825    -0.00000
    -0.00000     0.00000     1.00000
           0           2           3           3
     4.28547    -2.89359    -2.71786
     0.35825     0.93363    -0.00000
    -0.93363     0.35825    -0.00000
    -0.00000     0.00000     1.00000
           0           2           3           4
     4.28547    -2.89359    -8.40986
     0.35825     0.93363    -0.00000
    -0.93363     0.35825    -0.00000
    -0.00000     0.00000     1.00000
           0           2           4           1
     4.84071    -1.80465     8.66734
     0.12822     0.99175    -0.00000
    -0.99175     0.12822    -0.00000
    -0.00000     0.00000     1.00000
           0           2           4           2
     4.84071    -1.80465     2.97534
     0.12822     0.99175    -0.00000
    -0.99175     0.12822    -0.00000
    -0.00000     0.00000     1.00000
           0           2           4           3
     4.84071    -1.80465    -2.71666
     0.12822     0.99175    -0.00000
    -0.99175     0.12822    -0.00000
    -0.00000     0.00000     1.00000
           0           2           4           4
     4.84071    -1.80465    -8.40866
     0.12822     0.99175    -0.00000
    -0.99175     0.12822    -0.00000
    -0.00000     0.00000     1.00000
           0           2           5           1
     5.14645    -0.61959     8.66413
    -0.10904     0.99404     0.00000
    -0.99404    -0.10904     0.00000
     0.00000     0.00000     1.00000
           0           2           5           2
     5.14645    -0.61959     2.97213
    -0.10904     0.99404     0.00000
    -0.99404    -0.10904     0.00000
     0.00000     0.00000     1.00000
           0           2           5           3
     5.14645    -0.61959    -2.71987
    -0.10904     0.99404     0.00000
    -0.99404    -0.10904     0.00000
     0.00000     0.00000     1.00000
           0           2           5           4
     5.14645    -0.61959    -8.41187
    -0.10904     0.99404     0.00000
    -0.99404    -0.10904     0.00000
     0.00000     0.00000     1.00000
           0           2           6           1
     5.11562     0.59593     8.66033
    -0.34014     0.94038     0.00000
    -0.94038    -0.34014     0.00000
     0.00000     0.00000     1.00000
           0           2           6           2
     5.11562     0.59593     2.96833
    -0.34014     0.94038     0.00000
    -0.94038    -0.34014     0.00000
     0.00000     0.00000     1.00000
           0           2           6           3
     5.11562     0.59593    -2.72367
    -0.34014     0.94038     0.00000
    -0.94038    -0.34014     0.00000
     0.00000     0.00000     1.00000
           0           2           6           4
     5.11562     0.59593    -8.41567
    -0.34014     0.94038     0.00000
    -0.94038    -0.34014     0.00000
     0.00000     0.00000     1.00000
           0           2           7           1
     4.90155     1.81446     8.66296
    -0.55210     0.83378     0.00000
    -0.83378    -0.55210     0.00000
     0.00000     0.00000     1.00000
           0           2           7           2
     4.90155     1.81446     2.97096
    -0.55210     0.83378     0.00000
    -0.83378    -0.55210     0.00000
     0.00000     0.00000     1.00000
           0           2           7           3
     4.90155     1.81446    -2.72104
    -0.55210     0.83378     0.00000
    -0.83378    -0.55210     0.00000
     0.00000     0.00000     1.00000
           0           2           7           4
     4.90155     1.81446    -8.41304
    -0.55210     0.83378     0.00000
    -0.83378    -0.55210     0.00000
     0.00000     0.00000     1.00000
           0           2           8           1
     4.33251     2.89976     8.66277
    -0.73299     0.68024     0.00000
    -0.68024    -0.73299     0.00000
     0.00000     0.00000     1.00000
           0           2           8           2
     4.33251     2.89976     2.97077
    -0.73299     0.68024     0.00000
    -0.68024    -0.73299     0.00000
     0.00000     0.00000     1.00000
           0           2           8           3
     4.33251     2.89976    -2.72123
    -0.73299     0.68024     0.00000
    -0.68024    -0.73299     0.00000
     0.00000     0.00000     1.00000
           0           2           8           4
     4.33251     2.89976    -8.41323
    -0.73299     0.68024     0.00000
    -0.68024    -0.73299     0.00000
     0.00000     0.00000     1.00000
           0           2           9           1
     3.49952     3.80817     8.65680
    -0.87262     0.48841     0.00000
    -0.48841    -0.87262     0.00000
     0.00000     0.00000     1.00000
           0           2           9           2
     3.49952     3.80817     2.96480
    -0.87262     0.48841     0.00000
    -0.48841    -0.87262     0.00000
     0.00000     0.00000     1.00000
           0           2           9           3
     3.49952     3.80817    -2.72720
    -0.87262     0.48841     0.00000
    -0.48841    -0.87262     0.00000
     0.00000     0.00000     1.00000
           0           2           9           4
     3.49952     3.80817    -8.41920
    -0.87262     0.48841     0.00000
    -0.48841    -0.87262     0.00000
     0.00000     0.00000     1.00000
           0           2          10           1
     2.50661     4.52816     8.66617
    -0.96312     0.26908     0.00000
    -0.26908    -0.96312     0.00000
     0.00000     0.00000     1.00000
           0           2          10           2
     2.50661     4.52816     2.97417
    -0.96312     0.26908     0.00000
    -0.26908    -0.96312     0.00000
     0.00000     0.00000     1.00000
           0           2          10           3
     2.50661     4.52816    -2.71783
    -0.96312     0.26908     0.00000
    -0.26908    -0.96312     0.00000
     0.00000     0.00000     1.00000
           0           2          10           4
     2.50661     4.52816    -8.40983
    -0.96312     0.26908     0.00000
    -0.26908    -0.96312     0.00000
     0.00000     0.00000     1.00000
           0           2          11           1
    -2.47881     4.50810    -8.56149
     0.96373     0.26688     0.00000
     0.26688    -0.96373     0.00000
     0.00000    -0.00000    -1.00000
           0           2          11           2
    -2.47881     4.50810    -2.86949
     0.96373     0.26688     0.00000
     0.26688    -0.96373     0.00000
     0.00000    -0.00000    -1.00000
           0           2          11           3
    -2.47881     4.50810     2.82251
     0.96373     0.26688     0.00000
     0.26688    -0.96373     0.00000
     0.00000    -0.00000    -1.00000
           0           2          11           4
    -2.47881     4.50810     8.51451
     0.96373     0.26688     0.00000
     0.26688    -0.96373     0.00000
     0.00000    -0.00000    -1.00000
           0           2          12           1
    -3.51174     3.83583    -8.55890
     0.87373     0.48641     0.00000
     0.48641    -0.87373     0.00000
     0.00000    -0.00000    -1.00000
           0           2          12           2
    -3.51174     3.83583    -2.86690
     0.87373     0.48641     0.00000
     0.48641    -0.87373     0.00000
     0.00000    -0.00000    -1.00000
           0           2          12           3
    -3.51174     3.83583     2.82510
     0.87373     0.48641     0.00000
     0.48641    -0.87373     0.00000
     0.00000    -0.00000    -1.00000
           0           2          12           4
    -3.51174     3.83583     8.51710
     0.87373     0.48641     0.00000
     0.48641    -0.87373     0.00000
     0.00000    -0.00000    -1.00000
           0           2          13           1
    -4.30403     2.89529    -8.56302
     0.73455     0.67856     0.00000
     0.67856    -0.73455     0.00000
     0.00000    -0.00000    -1.00000
           0           2          13           2
    -4.30403     2.89529    -2.87102
     0.73455     0.67856     0.00000
     0.67856    -0.73455     0.00000
     0.00000    -0.00000    -1.00000
           0           2          13           3
    -4.30403     2.89529     2.82098
     0.73455     0.67856     0.00000
     0.67856    -0.73455     0.00000
     0.00000    -0.00000    -1.00000
           0           2          13           4
    -4.30403     2.89529     8.51298
     0.73455     0.67856     0.00000
     0.67856    -0.73455     0.00000
     0.00000    -0.00000    -1.00000
           0           2          14           1
    -4.85388     1.80118    -8.55912
     0.55401     0.83251     0.00000
     0.83251    -0.55401     0.00000
     0.00000    -0.00000    -1.00000
           0           2          14           2
    -4.85388     1.80118    -2.86712
     0.55401     0.83251     0.00000
     0.83251    -0.55401     0.00000
     0.00000    -0.00000    -1.00000
           0           2          14           3
    -4.85388     1.80118     2.82488
     0.55401     0.83251     0.00000
     0.83251    -0.55401     0.00000
     0.00000    -0.00000    -1.00000
           0           2          14           4
    -4.85388     1.80118     8.51688
     0.55401     0.83251     0.00000
     0.83251    -0.55401     0.00000
     0.00000    -0.00000    -1.00000
           0           2          15           1
    -5.18218     0.62032    -8.56175
     0.34228     0.93960    -0.00000
     0.93960    -0.34228    -0.00000
    -0.00000     0.00000    -1.00000
           0           2          15           2
    -5.18218     0.62032    -2.86975
     0.34228     0.93960    -0.00000
     0.93960    -0.34228    -0.00000
    -0.00000     0.00000    -1.00000
           0           2          15           3
    -5.18218     0.62032     2.82225
     0.34228     0.93960    -0.00000
     0.93960    -0.34228    -0.00000
    -0.00000     0.00000    -1.00000
           0           2          15           4
    -5.18218     0.62032     8.51425
     0.34228     0.93960    -0.00000
     0.93960    -0.34228    -0.00000
    -0.00000     0.00000    -1.00000
           0           2          16           1
    -5.16928    -0.60533    -8.55852
     0.11130     0.99379    -0.00000
     0.99379    -0.11130    -0.00000
    -0.00000     0.00000    -1.00000
           0           2          16           2
    -5.16928    -0.60533    -2.86652
     0.11130     0.99379    -0.00000
     0.99379    -0.11130    -0.00000
    -0.00000     0.00000    -1.00000
           0           2          16           3
    -5.16928    -0.60533     2.82548
     0.11130     0.99379    -0.00000
     0.99379    -0.11130    -0.00000
    -0.00000     0.00000    -1.00000
           0           2          16           4
    -5.16928    -0.60533     8.51748
     0.11130     0.99379    -0.00000
     0.99379    -0.11130    -0.00000
    -0.00000     0.00000    -1.00000
           0           2          17           1
    -4.87295    -1.79665    -8.55701
    -0.12596     0.99204    -0.00000
     0.99204     0.12596    -0.00000
    -0.00000    -0.00000    -1.00000
           0           2          17           2
    -4.87295    -1.79665    -2.86501
    -0.12596     0.99204    -0.00000
     0.99204     0.12596    -0.00000
    -0.00000    -0.00000    -1.00000
           0           2          17           3
    -4.87295    -1.79665     2.82699
    -0.12596     0.99204    -0.00000
     0.99204     0.12596    -0.00000
    -0.00000    -0.00000    -1.00000
           0           2          17           4
    -4.87295    -1.79665     8.51899
    -0.12596     0.99204    -0.00000
     0.99204     0.12596    -0.00000
    -0.00000    -0.00000    -1.00000
           0           2          18           1
    -4.33255    -2.89846    -8.55802
    -0.35612     0.93444    -0.00000
     0.93444     0.35612    -0.00000
    -0.00000    -0.00000    -1.00000
           0           2          18           2
    -4.33255    -2.89846    -2.86602
    -0.35612     0.93444    -0.00000
     0.93444     0.35612    -0.00000
    -0.00000    -0.00000    -1.00000
           0           2          18           3
    -4.33254    -2.89846     2.82598
    -0.35612     0.93444    -0.00000
     0.93444     0.35612    -0.00000
    -0.00000    -0.00000    -1.00000
           0           2          18           4
    -4.33254    -2.89846     8.51798
    -0.35612     0.93444    -0.00000
     0.93444     0.35612    -0.00000
    -0.00000    -0.00000    -1.00000
           0           2          19           1
    -3.55375    -3.84774    -8.55499
    -0.56624     0.82424    -0.00000
     0.82424     0.56624    -0.00000
    -0.00000    -0.00000    -1.00000
           0           2          19           2
    -3.55375    -3.84774    -2.86299
    -0.56624     0.82424    -0.00000
     0.82424     0.56624    -0.00000
    -0.00000    -0.00000    -1.00000
           0           2          19           3
    -3.55375    -3.84774     2.82901
    -0.56624     0.82424    -0.00000
     0.82424     0.56624    -0.00000
    -0.00000    -0.00000    -1.00000
           0           2          19           4
    -3.55375    -3.84774     8.52101
    -0.56624     0.82424    -0.00000
     0.82424     0.56624    -0.00000
    -0.00000    -0.00000    -1.00000
           0           2          20           1
    -2.56918    -4.57402    -8.55455
    -0.74447     0.66765    -0.00000
     0.66765     0.74447    -0.00000
    -0.00000    -0.00000    -1.00000
           0           2          20           2
    -2.56918    -4.57402    -2.86256
    -0.74447     0.66765    -0.00000
     0.66765     0.74447    -0.00000
    -0.00000    -0.00000    -1.00000
           0           2          20           3
    -2.56918    -4.57402     2.82944
    -0.74447     0.66765    -0.00000
     0.66765     0.74447    -0.00000
    -0.00000    -0.00000    -1.00000
           0           2          20           4
    -2.56918    -4.57402     8.52145
    -0.74447     0.66765    -0.00000
     0.66765     0.74447    -0.00000
    -0.00000    -0.00000    -1.00000
           0           3           1           1
     5.64417   -10.29406    12.85779
    -0.87814    -0.47840     0.00000
    -0.47840     0.87814     0.00000
    -0.00000     0.00000    -1.00000
           0           3           1           2
     5.64417   -10.29406     6.48239
    -0.87814    -0.47840     0.00000
    -0.47840     0.87814     0.00000
    -0.00000     0.00000    -1.00000
           0           3           1           3
     5.64417   -10.29406     0.10699
    -0.87814    -0.47840     0.00000
    -0.47840     0.87814     0.00000
    -0.00000     0.00000    -1.00000
           0           3           1           4
     5.64417   -10.29406    -6.26841
    -0.87814    -0.47840     0.00000
    -0.47840     0.87814     0.00000
    -0.00000     0.00000    -1.00000
           0           3           1           5
     5.64417   -10.29406   -12.64381
    -0.87814    -0.47840     0.00000
    -0.47840     0.87814     0.00000
    -0.00000     0.00000    -1.00000
           0           3           2           1
     7.53406    -7.11360    12.84843
    -0.68684    -0.72681     0.00000
    -0.72681     0.68684     0.00000
    -0.00000     0.00000    -1.00000
           0           3           2           2
     7.53406    -7.11360     6.47303
    -0.68684    -0.72681     0.00000
    -0.72681     0.68684     0.00000
    -0.00000     0.00000    -1.00000
           0           3           2           3
     7.53406    -7.11360     0.09763
    -0.68684    -0.72681     0.00000
    -0.72681     0.68684     0.00000
    -0.00000     0.00000    -1.00000
           0           3           2           4
     7.53406    -7.11360    -6.27777
    -0.68684    -0.72681     0.00000
    -0.72681     0.68684     0.00000
    -0.00000     0.00000    -1.00000
           0           3           2           5
     7.53406    -7.11360   -12.65317
    -0.68684    -0.72681     0.00000
    -0.72681     0.68684     0.00000
    -0.00000     0.00000    -1.00000
           0           3           3           1
    11.46840    -5.63831    12.85508
    -0.44179    -0.89712     0.00000
    -0.89712     0.44179     0.00000
    -0.00000     0.00000    -1.00000
           0           3           3           2
    11.46840    -5.63831     6.47968
    -0.44179    -0.89712     0.00000
    -0.89712     0.44179     0.00000
    -0.00000     0.00000    -1.00000
           0           3           3           3
    11.46839    -5.63831     0.10428
    -0.44179    -0.89712     0.00000
    -0.89712     0.44179     0.00000
    -0.00000     0.00000    -1.00000
           0           3           3           4
    11.46839    -5.63831    -6.27112
    -0.44179    -0.89712     0.00000
    -0.89712     0.44179     0.00000
    -0.00000     0.00000    -1.00000
           0           3           3           5
    11.46839    -5.63831   -12.64652
    -0.44179    -0.89712     0.00000
    -0.89712     0.44179     0.00000
    -0.00000     0.00000    -1.00000
           0           3           4           1
    11.54261    -2.06402    12.85806
    -0.17638    -0.98432     0.00000
    -0.98432     0.17638     0.00000
    -0.00000     0.00000    -1.00000
           0           3           4           2
    11.54261    -2.06402     6.48266
    -0.17638    -0.98432     0.00000
    -0.98432     0.17638     0.00000
    -0.00000     0.00000    -1.00000
           0           3           4           3
    11.54261    -2.06402     0.10726
    -0.17638    -0.98432     0.00000
    -0.98432     0.17638     0.00000
    -0.00000     0.00000    -1.00000
           0           3           4           4
    11.54261    -2.06402    -6.26814
    -0.17638    -0.98432     0.00000
    -0.98432     0.17638     0.00000
    -0.00000     0.00000    -1.00000
           0           3           4           5
    11.54261    -2.06402   -12.64354
    -0.17638    -0.98432     0.00000
    -0.98432     0.17638     0.00000
    -0.00000     0.00000    -1.00000
           0           3           5           1
    10.16566     1.40136    12.85153
     0.13710    -0.99056     0.00000
    -0.99056    -0.13710     0.00000
    -0.00000    -0.00000    -1.00000
           0           3           5           2
    10.16566     1.40136     6.47613
     0.13710    -0.99056     0.00000
    -0.99056    -0.13710     0.00000
    -0.00000    -0.00000    -1.00000
           0           3           5           3
    10.16566     1.40136     0.10073
     0.13710    -0.99056     0.00000
    -0.99056    -0.13710     0.00000
    -0.00000    -0.00000    -1.00000
           0           3           5           4
    10.16566     1.40136    -6.27467
     0.13710    -0.99056     0.00000
    -0.99056    -0.13710     0.00000
    -0.00000    -0.00000    -1.00000
           0           3           5           5
    10.16566     1.40136   -12.65007
     0.13710    -0.99056     0.00000
    -0.99056    -0.13710     0.00000
    -0.00000    -0.00000    -1.00000
           0           3           6           1
    11.73822     5.47724    12.86673
     0.42328    -0.90600     0.00000
    -0.90600    -0.42328     0.00000
    -0.00000    -0.00000    -1.00000
           0           3           6           2
    11.73822     5.47724     6.49133
     0.42328    -0.90600     0.00000
    -0.90600    -0.42328     0.00000
    -0.00000    -0.00000    -1.00000
           0           3           6           3
    11.73822     5.47724     0.11593
     0.42328    -0.90600     0.00000
    -0.90600    -0.42328     0.00000
    -0.00000    -0.00000    -1.00000
           0           3           6           4
    11.73822     5.47724    -6.25947
     0.42328    -0.90600     0.00000
    -0.90600    -0.42328     0.00000
    -0.00000    -0.00000    -1.00000
           0           3           6           5
    11.73822     5.47724   -12.63487
     0.42328    -0.90600     0.00000
    -0.90600    -0.42328     0.00000
    -0.00000    -0.00000    -1.00000
           0           3           7           1
     8.89718     7.72349    12.86017
     0.65739    -0.75355     0.00000
    -0.75355    -0.65739     0.00000
    -0.00000    -0.00000    -1.00000
           0           3           7           2
     8.89718     7.72349     6.48477
     0.65739    -0.75355     0.00000
    -0.75355    -0.65739     0.00000
    -0.00000    -0.00000    -1.00000
           0           3           7           3
     8.89718     7.72349     0.10937
     0.65739    -0.75355     0.00000
    -0.75355    -0.65739     0.00000
    -0.00000    -0.00000    -1.00000
           0           3           7           4
     8.89718     7.72349    -6.26603
     0.65739    -0.75355     0.00000
    -0.75355    -0.65739     0.00000
    -0.00000    -0.00000    -1.00000
           0           3           7           5
     8.89718     7.72349   -12.64143
     0.65739    -0.75355     0.00000
    -0.75355    -0.65739     0.00000
    -0.00000    -0.00000    -1.00000
           0           3           8           1
     5.36581     8.93748    12.85472
     0.85842    -0.51294     0.00000
    -0.51294    -0.85842     0.00000
    -0.00000    -0.00000    -1.00000
           0           3           8           2
     5.36581     8.93748     6.47931
     0.85842    -0.51294     0.00000
    -0.51294    -0.85842     0.00000
    -0.00000    -0.00000    -1.00000
           0           3           8           3
     5.36581     8.93748     0.10391
     0.85842    -0.51294     0.00000
    -0.51294    -0.85842     0.00000
    -0.00000    -0.00000    -1.00000
           0           3           8           4
     5.36581     8.93748    -6.27149
     0.85842    -0.51294     0.00000
    -0.51294    -0.85842     0.00000
    -0.00000    -0.00000    -1.00000
           0           3           8           5
     5.36581     8.93748   -12.64688
     0.85842    -0.51294     0.00000
    -0.51294    -0.85842     0.00000
    -0.00000    -0.00000    -1.00000
           0           3           9           1
    -5.33782     8.91986   -12.77946
    -0.85804    -0.51358     0.00000
     0.51358    -0.85804     0.00000
    -0.00000     0.00000     1.00000
           0           3           9           2
    -5.33782     8.91986    -6.40406
    -0.85804    -0.51358     0.00000
     0.51358    -0.85804     0.00000
    -0.00000     0.00000     1.00000
           0           3           9           3
    -5.33782     8.91986    -0.02866
    -0.85804    -0.51358     0.00000
     0.51358    -0.85804     0.00000
    -0.00000     0.00000     1.00000
           0           3           9           4
    -5.33782     8.91986     6.34674
    -0.85804    -0.51358     0.00000
     0.51358    -0.85804     0.00000
    -0.00000     0.00000     1.00000
           0           3           9           5
    -5.33782     8.91986    12.72214
    -0.85804    -0.51358     0.00000
     0.51358    -0.85804     0.00000
    -0.00000     0.00000     1.00000
           0           3          10           1
    -8.83917     7.71548   -12.77312
    -0.65690    -0.75398    -0.00000
     0.75398    -0.65690    -0.00000
     0.00000    -0.00000     1.00000
           0           3          10           2
    -8.83917     7.71548    -6.39772
    -0.65690    -0.75398    -0.00000
     0.75398    -0.65690    -0.00000
     0.00000    -0.00000     1.00000
           0           3          10           3
    -8.83917     7.71548    -0.02232
    -0.65690    -0.75398    -0.00000
     0.75398    -0.65690    -0.00000
     0.00000    -0.00000     1.00000
           0           3          10           4
    -8.83917     7.71548     6.35308
    -0.65690    -0.75398    -0.00000
     0.75398    -0.65690    -0.00000
     0.00000    -0.00000     1.00000
           0           3          10           5
    -8.83917     7.71548    12.72848
    -0.65690    -0.75398    -0.00000
     0.75398    -0.65690    -0.00000
     0.00000    -0.00000     1.00000
           0           3          11           1
   -11.58630     5.42422   -12.77999
    -0.42274    -0.90625    -0.00000
     0.90625    -0.42274    -0.00000
     0.00000    -0.00000     1.00000
           0           3          11           2
   -11.58630     5.42422    -6.40459
    -0.42274    -0.90625    -0.00000
     0.90625    -0.42274    -0.00000
     0.00000    -0.00000     1.00000
           0           3          11           3
   -11.58630     5.42422    -0.02919
    -0.42274    -0.90625    -0.00000
     0.90625    -0.42274    -0.00000
     0.00000    -0.00000     1.00000
           0           3          11           4
   -11.58630     5.42422     6.34621
    -0.42274    -0.90625    -0.00000
     0.90625    -0.42274    -0.00000
     0.00000    -0.00000     1.00000
           0           3          11           5
   -11.58630     5.42422    12.72161
    -0.42274    -0.90625    -0.00000
     0.90625    -0.42274    -0.00000
     0.00000    -0.00000     1.00000
           0           3          12           1
   -10.29488     1.43380   -12.76496
    -0.13636    -0.99066    -0.00000
     0.99066    -0.13636    -0.00000
     0.00000    -0.00000     1.00000
           0           3          12           2
   -10.29488     1.43380    -6.38956
    -0.13636    -0.99066    -0.00000
     0.99066    -0.13636    -0.00000
     0.00000    -0.00000     1.00000
           0           3          12           3
   -10.29488     1.43380    -0.01416
    -0.13636    -0.99066    -0.00000
     0.99066    -0.13636    -0.00000
     0.00000    -0.00000     1.00000
           0           3          12           4
   -10.29488     1.43380     6.36124
    -0.13636    -0.99066    -0.00000
     0.99066    -0.13636    -0.00000
     0.00000    -0.00000     1.00000
           0           3          12           5
   -10.29488     1.43380    12.73664
    -0.13636    -0.99066    -0.00000
     0.99066    -0.13636    -0.00000
     0.00000    -0.00000     1.00000
           0           3          13           1
   -11.50344    -2.02660   -12.77494
     0.17703    -0.98421    -0.00000
     0.98421     0.17703    -0.00000
     0.00000     0.00000     1.00000
           0           3          13           2
   -11.50344    -2.02660    -6.39953
     0.17703    -0.98421    -0.00000
     0.98421     0.17703    -0.00000
     0.00000     0.00000     1.00000
           0           3          13           3
   -11.50344    -2.02660    -0.02413
     0.17703    -0.98421    -0.00000
     0.98421     0.17703    -0.00000
     0.00000     0.00000     1.00000
           0           3          13           4
   -11.50344    -2.02660     6.35126
     0.17703    -0.98421    -0.00000
     0.98421     0.17703    -0.00000
     0.00000     0.00000     1.00000
           0           3          13           5
   -11.50344    -2.02660    12.72666
     0.17703    -0.98421    -0.00000
     0.98421     0.17703    -0.00000
     0.00000     0.00000     1.00000
           0           3          14           1
   -11.49743    -5.62579   -12.78905
     0.44232    -0.89686    -0.00000
     0.89686     0.44232    -0.00000
     0.00000     0.00000     1.00000
           0           3          14           2
   -11.49743    -5.62579    -6.41365
     0.44232    -0.89686    -0.00000
     0.89686     0.44232    -0.00000
     0.00000     0.00000     1.00000
           0           3          14           3
   -11.49743    -5.62579    -0.03825
     0.44232    -0.89686    -0.00000
     0.89686     0.44232    -0.00000
     0.00000     0.00000     1.00000
           0           3          14           4
   -11.49743    -5.62579     6.33715
     0.44232    -0.89686    -0.00000
     0.89686     0.44232    -0.00000
     0.00000     0.00000     1.00000
           0           3          14           5
   -11.49743    -5.62579    12.71255
     0.44232    -0.89686    -0.00000
     0.89686     0.44232    -0.00000
     0.00000     0.00000     1.00000
           0           3          15           1
    -7.55273    -7.10254   -12.77684
     0.68737    -0.72630    -0.00000
     0.72630     0.68737    -0.00000
     0.00000     0.00000     1.00000
           0           3          15           2
    -7.55273    -7.10254    -6.40144
     0.68737    -0.72630    -0.00000
     0.72630     0.68737    -0.00000
     0.00000     0.00000     1.00000
           0           3          15           3
    -7.55273    -7.10254    -0.02604
     0.68737    -0.72630    -0.00000
     0.72630     0.68737    -0.00000
     0.00000     0.00000     1.00000
           0           3          15           4
    -7.55273    -7.10254     6.34936
     0.68737    -0.72630    -0.00000
     0.72630     0.68737    -0.00000
     0.00000     0.00000     1.00000
           0           3          15           5
    -7.55273    -7.10254    12.72476
     0.68737    -0.72630    -0.00000
     0.72630     0.68737    -0.00000
     0.00000     0.00000     1.00000
           0           3          16           1
    -5.72921   -10.37017   -12.77439
     0.87846    -0.47782    -0.00000
     0.47782     0.87846    -0.00000
     0.00000     0.00000     1.00000
           0           3          16           2
    -5.72921   -10.37017    -6.39899
     0.87846    -0.47782    -0.00000
     0.47782     0.87846    -0.00000
     0.00000     0.00000     1.00000
           0           3          16           3
    -5.72921   -10.37017    -0.02359
     0.87846    -0.47782    -0.00000
     0.47782     0.87846    -0.00000
     0.00000     0.00000     1.00000
           0           3          16           4
    -5.72921   -10.37017     6.35181
     0.87846    -0.47782    -0.00000
     0.47782     0.87846    -0.00000
     0.00000     0.00000     1.00000
           0           3          16           5
    -5.72921   -10.37017    12.72721
     0.87846    -0.47782    -0.00000
     0.47782     0.87846    -0.00000
     0.00000     0.00000     1.00000
           0           4           1           1
     6.56421   -14.04189   -15.83397
     0.90742     0.42022    -0.00000
    -0.42022     0.90742    -0.00000
    -0.00000     0.00000     1.00000
           0           4           1           2
     6.56421   -14.04189    -9.45857
     0.90742     0.42022    -0.00000
    -0.42022     0.90742    -0.00000
    -0.00000     0.00000     1.00000
           0           4           1           3
     6.56421   -14.04189    -3.08317
     0.90742     0.42022    -0.00000
    -0.42022     0.90742    -0.00000
    -0.00000     0.00000     1.00000
           0           4           1           4
     6.56421   -14.04189     3.29223
     0.90742     0.42022    -0.00000
    -0.42022     0.90742    -0.00000
    -0.00000     0.00000     1.00000
           0           4           1           5
     6.56421   -14.04189     9.66763
     0.90742     0.42022    -0.00000
    -0.42022     0.90742    -0.00000
    -0.00000     0.00000     1.00000
           0           4           1           6
     6.56421   -14.04189    16.04303
     0.90742     0.42022    -0.00000
    -0.42022     0.90742    -0.00000
    -0.00000     0.00000     1.00000
           0           4           2           1
    10.17044   -13.29081   -15.84372
     0.79558     0.60585    -0.00000
    -0.60585     0.79558    -0.00000
    -0.00000     0.00000     1.00000
           0           4           2           2
    10.17044   -13.29081    -9.46832
     0.79558     0.60585    -0.00000
    -0.60585     0.79558    -0.00000
    -0.00000     0.00000     1.00000
           0           4           2           3
    10.17044   -13.29081    -3.09292
     0.79558     0.60585    -0.00000
    -0.60585     0.79558    -0.00000
    -0.00000     0.00000     1.00000
           0           4           2           4
    10.17044   -13.29081     3.28248
     0.79558     0.60585    -0.00000
    -0.60585     0.79558    -0.00000
    -0.00000     0.00000     1.00000
           0           4           2           5
    10.17044   -13.29081     9.65788
     0.79558     0.60585    -0.00000
    -0.60585     0.79558    -0.00000
    -0.00000     0.00000     1.00000
           0           4           2           6
    10.17044   -13.29081    16.03328
     0.79558     0.60585    -0.00000
    -0.60585     0.79558    -0.00000
    -0.00000     0.00000     1.00000
           0           4           3           1
    13.40221   -11.66810   -15.82637
     0.65788     0.75312    -0.00000
    -0.75312     0.65788    -0.00000
    -0.00000     0.00000     1.00000
           0           4           3           2
    13.40221   -11.66810    -9.45097
     0.65788     0.75312    -0.00000
    -0.75312     0.65788    -0.00000
    -0.00000     0.00000     1.00000
           0           4           3           3
    13.40221   -11.66810    -3.07557
     0.65788     0.75312    -0.00000
    -0.75312     0.65788    -0.00000
    -0.00000     0.00000     1.00000
           0           4           3           4
    13.40221   -11.66810     3.29983
     0.65788     0.75312    -0.00000
    -0.75312     0.65788    -0.00000
    -0.00000     0.00000     1.00000
           0           4           3           5
    13.40221   -11.66810     9.67523
     0.65788     0.75312    -0.00000
    -0.75312     0.65788    -0.00000
    -0.00000     0.00000     1.00000
           0           4           3           6
    13.40221   -11.66810    16.05063
     0.65788     0.75312    -0.00000
    -0.75312     0.65788    -0.00000
    -0.00000     0.00000     1.00000
           0           4           4           1
    13.49965    -7.49576   -15.83939
     0.48636     0.87376     0.00000
    -0.87376     0.48636     0.00000
     0.00000    -0.00000     1.00000
           0           4           4           2
    13.49965    -7.49576    -9.46399
     0.48636     0.87376     0.00000
    -0.87376     0.48636     0.00000
     0.00000    -0.00000     1.00000
           0           4           4           3
    13.49965    -7.49576    -3.08859
     0.48636     0.87376     0.00000
    -0.87376     0.48636     0.00000
     0.00000    -0.00000     1.00000
           0           4           4           4
    13.49965    -7.49576     3.28681
     0.48636     0.87376     0.00000
    -0.87376     0.48636     0.00000
     0.00000    -0.00000     1.00000
           0           4           4           5
    13.49965    -7.49576     9.66221
     0.48636     0.87376     0.00000
    -0.87376     0.48636     0.00000
     0.00000    -0.00000     1.00000
           0           4           4           6
    13.49965    -7.49576    16.03761
     0.48636     0.87376     0.00000
    -0.87376     0.48636     0.00000
     0.00000    -0.00000     1.00000
           0           4           5           1
    15.92398    -4.74218   -15.83699
     0.28670     0.95802     0.00000
    -0.95802     0.28670     0.00000
     0.00000    -0.00000     1.00000
           0           4           5           2
    15.92398    -4.74218    -9.46159
     0.28670     0.95802     0.00000
    -0.95802     0.28670     0.00000
     0.00000    -0.00000     1.00000
           0           4           5           3
    15.92398    -4.74218    -3.08619
     0.28670     0.95802     0.00000
    -0.95802     0.28670     0.00000
     0.00000    -0.00000     1.00000
           0           4           5           4
    15.92398    -4.74218     3.28921
     0.28670     0.95802     0.00000
    -0.95802     0.28670     0.00000
     0.00000    -0.00000     1.00000
           0           4           5           5
    15.92398    -4.74218     9.66461
     0.28670     0.95802     0.00000
    -0.95802     0.28670     0.00000
     0.00000    -0.00000     1.00000
           0           4           5           6
    15.92398    -4.74218    16.04001
     0.28670     0.95802     0.00000
    -0.95802     0.28670     0.00000
     0.00000    -0.00000     1.00000
           0           4           6           1
    17.77981    -1.56376   -15.82714
     0.08870     0.99606     0.00000
    -0.99606     0.08870     0.00000
     0.00000    -0.00000     1.00000
           0           4           6           2
    17.77981    -1.56376    -9.45174
     0.08870     0.99606     0.00000
    -0.99606     0.08870     0.00000
     0.00000    -0.00000     1.00000
           0           4           6           3
    17.77981    -1.56376    -3.07634
     0.08870     0.99606     0.00000
    -0.99606     0.08870     0.00000
     0.00000    -0.00000     1.00000
           0           4           6           4
    17.77981    -1.56376     3.29906
     0.08870     0.99606     0.00000
    -0.99606     0.08870     0.00000
     0.00000    -0.00000     1.00000
           0           4           6           5
    17.77981    -1.56376     9.67446
     0.08870     0.99606     0.00000
    -0.99606     0.08870     0.00000
     0.00000    -0.00000     1.00000
           0           4           6           6
    17.77981    -1.56376    16.04986
     0.08870     0.99606     0.00000
    -0.99606     0.08870     0.00000
     0.00000    -0.00000     1.00000
           0           4           7           1
    15.24395     1.86139   -15.83796
    -0.12098     0.99265     0.00000
    -0.99265    -0.12098     0.00000
     0.00000     0.00000     1.00000
           0           4           7           2
    15.24395     1.86139    -9.46256
    -0.12098     0.99265     0.00000
    -0.99265    -0.12098     0.00000
     0.00000     0.00000     1.00000
           0           4           7           3
    15.24395     1.86139    -3.08716
    -0.12098     0.99265     0.00000
    -0.99265    -0.12098     0.00000
     0.00000     0.00000     1.00000
           0           4           7           4
    15.24395     1.86139     3.28824
    -0.12098     0.99265     0.00000
    -0.99265    -0.12098     0.00000
     0.00000     0.00000     1.00000
           0           4           7           5
    15.24395     1.86139     9.66364
    -0.12098     0.99265     0.00000
    -0.99265    -0.12098     0.00000
     0.00000     0.00000     1.00000
           0           4           7           6
    15.24395     1.86139    16.03904
    -0.12098     0.99265     0.00000
    -0.99265    -0.12098     0.00000
     0.00000     0.00000     1.00000
           0           4           8           1
    15.87917     5.61005   -15.82055
    -0.33200     0.94328     0.00000
    -0.94328    -0.33200     0.00000
     0.00000     0.00000     1.00000
           0           4           8           2
    15.87917     5.61005    -9.44515
    -0.33200     0.94328     0.00000
    -0.94328    -0.33200     0.00000
     0.00000     0.00000     1.00000
           0           4           8           3
    15.87917     5.61005    -3.06975
    -0.33200     0.94328     0.00000
    -0.94328    -0.33200     0.00000
     0.00000     0.00000     1.00000
           0           4           8           4
    15.87917     5.61005     3.30565
    -0.33200     0.94328     0.00000
    -0.94328    -0.33200     0.00000
     0.00000     0.00000     1.00000
           0           4           8           5
    15.87917     5.61005     9.68105
    -0.33200     0.94328     0.00000
    -0.94328    -0.33200     0.00000
     0.00000     0.00000     1.00000
           0           4           8           6
    15.87917     5.61005    16.05645
    -0.33200     0.94328     0.00000
    -0.94328    -0.33200     0.00000
     0.00000     0.00000     1.00000
           0           4           9           1
    15.46775     9.27908   -15.81843
    -0.51446     0.85751     0.00000
    -0.85751    -0.51446     0.00000
     0.00000     0.00000     1.00000
           0           4           9           2
    15.46775     9.27908    -9.44303
    -0.51446     0.85751     0.00000
    -0.85751    -0.51446     0.00000
     0.00000     0.00000     1.00000
           0           4           9           3
    15.46775     9.27908    -3.06763
    -0.51446     0.85751     0.00000
    -0.85751    -0.51446     0.00000
     0.00000     0.00000     1.00000
           0           4           9           4
    15.46775     9.27908     3.30777
    -0.51446     0.85751     0.00000
    -0.85751    -0.51446     0.00000
     0.00000     0.00000     1.00000
           0           4           9           5
    15.46775     9.27908     9.68317
    -0.51446     0.85751     0.00000
    -0.85751    -0.51446     0.00000
     0.00000     0.00000     1.00000
           0           4           9           6
    15.46775     9.27908    16.05857
    -0.51446     0.85751     0.00000
    -0.85751    -0.51446     0.00000
     0.00000     0.00000     1.00000
           0           4          10           1
    11.40447    10.59098   -15.83184
    -0.68197     0.73138     0.00000
    -0.73138    -0.68197     0.00000
     0.00000     0.00000     1.00000
           0           4          10           2
    11.40447    10.59098    -9.45644
    -0.68197     0.73138     0.00000
    -0.73138    -0.68197     0.00000
     0.00000     0.00000     1.00000
           0           4          10           3
    11.40447    10.59098    -3.08104
    -0.68197     0.73138     0.00000
    -0.73138    -0.68197     0.00000
     0.00000     0.00000     1.00000
           0           4          10           4
    11.40447    10.59098     3.29436
    -0.68197     0.73138     0.00000
    -0.73138    -0.68197     0.00000
     0.00000     0.00000     1.00000
           0           4          10           5
    11.40447    10.59098     9.66976
    -0.68197     0.73138     0.00000
    -0.73138    -0.68197     0.00000
     0.00000     0.00000     1.00000
           0           4          10           6
    11.40447    10.59098    16.04516
    -0.68197     0.73138     0.00000
    -0.73138    -0.68197     0.00000
     0.00000     0.00000     1.00000
           0           4          11           1
     9.46897    13.75583   -15.83241
    -0.82354     0.56726     0.00000
    -0.56726    -0.82354     0.00000
     0.00000     0.00000     1.00000
           0           4          11           2
     9.46897    13.75583    -9.45701
    -0.82354     0.56726     0.00000
    -0.56726    -0.82354     0.00000
     0.00000     0.00000     1.00000
           0           4          11           3
     9.46897    13.75583    -3.08161
    -0.82354     0.56726     0.00000
    -0.56726    -0.82354     0.00000
     0.00000     0.00000     1.00000
           0           4          11           4
     9.46897    13.75583     3.29379
    -0.82354     0.56726     0.00000
    -0.56726    -0.82354     0.00000
     0.00000     0.00000     1.00000
           0           4          11           5
     9.46897    13.75583     9.66919
    -0.82354     0.56726     0.00000
    -0.56726    -0.82354     0.00000
     0.00000     0.00000     1.00000
           0           4          11           6
     9.46897    13.75583    16.04459
    -0.82354     0.56726     0.00000
    -0.56726    -0.82354     0.00000
     0.00000     0.00000     1.00000
           0           4          12           1
     7.08269    16.59135   -15.82871
    -0.92058     0.39055     0.00000
    -0.39055    -0.92058     0.00000
     0.00000     0.00000     1.00000
           0           4          12           2
     7.08269    16.59135    -9.45331
    -0.92058     0.39055     0.00000
    -0.39055    -0.92058     0.00000
     0.00000     0.00000     1.00000
           0           4          12           3
     7.08269    16.59135    -3.07791
    -0.92058     0.39055     0.00000
    -0.39055    -0.92058     0.00000
     0.00000     0.00000     1.00000
           0           4          12           4
     7.08269    16.59135     3.29749
    -0.92058     0.39055     0.00000
    -0.39055    -0.92058     0.00000
     0.00000     0.00000     1.00000
           0           4          12           5
     7.08269    16.59135     9.67289
    -0.92058     0.39055     0.00000
    -0.39055    -0.92058     0.00000
     0.00000     0.00000     1.00000
           0           4          12           6
     7.08269    16.59135    16.04829
    -0.92058     0.39055     0.00000
    -0.39055    -0.92058     0.00000
     0.00000     0.00000     1.00000
           0           4          13           1
    -7.23502    16.73331    15.89401
     0.92061     0.39049     0.00000
     0.39049    -0.92061     0.00000
     0.00000    -0.00000    -1.00000
           0           4          13           2
    -7.23502    16.73331     9.51860
     0.92061     0.39049     0.00000
     0.39049    -0.92061     0.00000
     0.00000    -0.00000    -1.00000
           0           4          13           3
    -7.23502    16.73331     3.14321
     0.92061     0.39049     0.00000
     0.39049    -0.92061     0.00000
     0.00000    -0.00000    -1.00000
           0           4          13           4
    -7.23502    16.73331    -3.23219
     0.92061     0.39049     0.00000
     0.39049    -0.92061     0.00000
     0.00000    -0.00000    -1.00000
           0           4          13           5
    -7.23502    16.73331    -9.60759
     0.92061     0.39049     0.00000
     0.39049    -0.92061     0.00000
     0.00000    -0.00000    -1.00000
           0           4          13           6
    -7.23502    16.73331   -15.98299
     0.92061     0.39049     0.00000
     0.39049    -0.92061     0.00000
     0.00000    -0.00000    -1.00000
           0           4          14           1
    -9.49296    13.74807    15.88856
     0.82357     0.56721     0.00000
     0.56721    -0.82357     0.00000
     0.00000    -0.00000    -1.00000
           0           4          14           2
    -9.49296    13.74807     9.51315
     0.82357     0.56721     0.00000
     0.56721    -0.82357     0.00000
     0.00000    -0.00000    -1.00000
           0           4          14           3
    -9.49296    13.74807     3.13776
     0.82357     0.56721     0.00000
     0.56721    -0.82357     0.00000
     0.00000    -0.00000    -1.00000
           0           4          14           4
    -9.49296    13.74807    -3.23764
     0.82357     0.56721     0.00000
     0.56721    -0.82357     0.00000
     0.00000    -0.00000    -1.00000
           0           4          14           5
    -9.49296    13.74807    -9.61304
     0.82357     0.56721     0.00000
     0.56721    -0.82357     0.00000
     0.00000    -0.00000    -1.00000
           0           4          14           6
    -9.49296    13.74807   -15.98844
     0.82357     0.56721     0.00000
     0.56721    -0.82357     0.00000
     0.00000    -0.00000    -1.00000
           0           4          15           1
   -11.31310    10.53355    15.89781
     0.68203     0.73132     0.00000
     0.73132    -0.68203     0.00000
     0.00000    -0.00000    -1.00000
           0           4          15           2
   -11.31310    10.53355     9.52240
     0.68203     0.73132     0.00000
     0.73132    -0.68203     0.00000
     0.00000    -0.00000    -1.00000
           0           4          15           3
   -11.31310    10.53355     3.14701
     0.68203     0.73132     0.00000
     0.73132    -0.68203     0.00000
     0.00000    -0.00000    -1.00000
           0           4          15           4
   -11.31311    10.53355    -3.22839
     0.68203     0.73132     0.00000
     0.73132    -0.68203     0.00000
     0.00000    -0.00000    -1.00000
           0           4          15           5
   -11.31311    10.53355    -9.60379
     0.68203     0.73132     0.00000
     0.73132    -0.68203     0.00000
     0.00000    -0.00000    -1.00000
           0           4          15           6
   -11.31311    10.53355   -15.97919
     0.68203     0.73132     0.00000
     0.73132    -0.68203     0.00000
     0.00000    -0.00000    -1.00000
           0           4          16           1
   -15.32299     9.18980    15.89540
     0.51452     0.85748     0.00000
     0.85748    -0.51452     0.00000
     0.00000    -0.00000    -1.00000
           0           4          16           2
   -15.32299     9.18980     9.51999
     0.51452     0.85748     0.00000
     0.85748    -0.51452     0.00000
     0.00000    -0.00000    -1.00000
           0           4          16           3
   -15.32299     9.18980     3.14460
     0.51452     0.85748     0.00000
     0.85748    -0.51452     0.00000
     0.00000    -0.00000    -1.00000
           0           4          16           4
   -15.32299     9.18980    -3.23080
     0.51452     0.85748     0.00000
     0.85748    -0.51452     0.00000
     0.00000    -0.00000    -1.00000
           0           4          16           5
   -15.32300     9.18980    -9.60620
     0.51452     0.85748     0.00000
     0.85748    -0.51452     0.00000
     0.00000    -0.00000    -1.00000
           0           4          16           6
   -15.32300     9.18980   -15.98160
     0.51452     0.85748     0.00000
     0.85748    -0.51452     0.00000
     0.00000    -0.00000    -1.00000
           0           4          17           1
   -15.76807     5.54591    15.88885
     0.33207     0.94325     0.00000
     0.94325    -0.33207     0.00000
     0.00000    -0.00000    -1.00000
           0           4          17           2
   -15.76807     5.54591     9.51344
     0.33207     0.94325     0.00000
     0.94325    -0.33207     0.00000
     0.00000    -0.00000    -1.00000
           0           4          17           3
   -15.76807     5.54591     3.13805
     0.33207     0.94325     0.00000
     0.94325    -0.33207     0.00000
     0.00000    -0.00000    -1.00000
           0           4          17           4
   -15.76807     5.54591    -3.23735
     0.33207     0.94325     0.00000
     0.94325    -0.33207     0.00000
     0.00000    -0.00000    -1.00000
           0           4          17           5
   -15.76807     5.54591    -9.61275
     0.33207     0.94325     0.00000
     0.94325    -0.33207     0.00000
     0.00000    -0.00000    -1.00000
           0           4          17           6
   -15.76807     5.54591   -15.98815
     0.33207     0.94325     0.00000
     0.94325    -0.33207     0.00000
     0.00000    -0.00000    -1.00000
           0           4          18           1
   -15.45984     1.88596    15.88861
     0.12106     0.99265     0.00000
     0.99265    -0.12106     0.00000
     0.00000    -0.00000    -1.00000
           0           4          18           2
   -15.45984     1.88596     9.51320
     0.12106     0.99265     0.00000
     0.99265    -0.12106     0.00000
     0.00000    -0.00000    -1.00000
           0           4          18           3
   -15.45984     1.88596     3.13781
     0.12106     0.99265     0.00000
     0.99265    -0.12106     0.00000
     0.00000    -0.00000    -1.00000
           0           4          18           4
   -15.45984     1.88596    -3.23759
     0.12106     0.99265     0.00000
     0.99265    -0.12106     0.00000
     0.00000    -0.00000    -1.00000
           0           4          18           5
   -15.45984     1.88596    -9.61299
     0.12106     0.99265     0.00000
     0.99265    -0.12106     0.00000
     0.00000    -0.00000    -1.00000
           0           4          18           6
   -15.45984     1.88596   -15.98839
     0.12106     0.99265     0.00000
     0.99265    -0.12106     0.00000
     0.00000    -0.00000    -1.00000
           0           4          19           1
   -17.66792    -1.53016    15.88081
    -0.08863     0.99606    -0.00000
     0.99606     0.08863    -0.00000
    -0.00000    -0.00000    -1.00000
           0           4          19           2
   -17.66792    -1.53016     9.50540
    -0.08863     0.99606    -0.00000
     0.99606     0.08863    -0.00000
    -0.00000    -0.00000    -1.00000
           0           4          19           3
   -17.66792    -1.53016     3.13001
    -0.08863     0.99606    -0.00000
     0.99606     0.08863    -0.00000
    -0.00000    -0.00000    -1.00000
           0           4          19           4
   -17.66792    -1.53016    -3.24539
    -0.08863     0.99606    -0.00000
     0.99606     0.08863    -0.00000
    -0.00000    -0.00000    -1.00000
           0           4          19           5
   -17.66792    -1.53016    -9.62079
    -0.08863     0.99606    -0.00000
     0.99606     0.08863    -0.00000
    -0.00000    -0.00000    -1.00000
           0           4          19           6
   -17.66792    -1.53016   -15.99619
    -0.08863     0.99606    -0.00000
     0.99606     0.08863    -0.00000
    -0.00000    -0.00000    -1.00000
           0           4          20           1
   -15.90327    -4.72882    15.88481
    -0.28663     0.95804    -0.00000
     0.95804     0.28663    -0.00000
    -0.00000    -0.00000    -1.00000
           0           4          20           2
   -15.90327    -4.72882     9.50940
    -0.28663     0.95804    -0.00000
     0.95804     0.28663    -0.00000
    -0.00000    -0.00000    -1.00000
           0           4          20           3
   -15.90327    -4.72882     3.13401
    -0.28663     0.95804    -0.00000
     0.95804     0.28663    -0.00000
    -0.00000    -0.00000    -1.00000
           0           4          20           4
   -15.90327    -4.72882    -3.24139
    -0.28663     0.95804    -0.00000
     0.95804     0.28663    -0.00000
    -0.00000    -0.00000    -1.00000
           0           4          20           5
   -15.90327    -4.72882    -9.61679
    -0.28663     0.95804    -0.00000
     0.95804     0.28663    -0.00000
    -0.00000    -0.00000    -1.00000
           0           4          20           6
   -15.90327    -4.72882   -15.99219
    -0.28663     0.95804    -0.00000
     0.95804     0.28663    -0.00000
    -0.00000    -0.00000    -1.00000
           0           4          21           1
   -13.54258    -7.51274    15.88112
    -0.48629     0.87380    -0.00000
     0.87380     0.48629    -0.00000
    -0.00000    -0.00000    -1.00000
           0           4          21           2
   -13.54258    -7.51274     9.50571
    -0.48629     0.87380    -0.00000
     0.87380     0.48629    -0.00000
    -0.00000    -0.00000    -1.00000
           0           4          21           3
   -13.54258    -7.51274     3.13032
    -0.48629     0.87380    -0.00000
     0.87380     0.48629    -0.00000
    -0.00000    -0.00000    -1.00000
           0           4          21           4
   -13.54258    -7.51274    -3.24508
    -0.48629     0.87380    -0.00000
     0.87380     0.48629    -0.00000
    -0.00000    -0.00000    -1.00000
           0           4          21           5
   -13.54258    -7.51274    -9.62048
    -0.48629     0.87380    -0.00000
     0.87380     0.48629    -0.00000
    -0.00000    -0.00000    -1.00000
           0           4          21           6
   -13.54258    -7.51274   -15.99588
    -0.48629     0.87380    -0.00000
     0.87380     0.48629    -0.00000
    -0.00000    -0.00000    -1.00000
           0           4          22           1
   -13.45961   -11.68908    15.90949
    -0.65784     0.75316    -0.00000
     0.75316     0.65784    -0.00000
    -0.00000    -0.00000    -1.00000
           0           4          22           2
   -13.45961   -11.68908     9.53408
    -0.65784     0.75316    -0.00000
     0.75316     0.65784    -0.00000
    -0.00000    -0.00000    -1.00000
           0           4          22           3
   -13.45962   -11.68908     3.15869
    -0.65784     0.75316    -0.00000
     0.75316     0.65784    -0.00000
    -0.00000    -0.00000    -1.00000
           0           4          22           4
   -13.45962   -11.68908    -3.21671
    -0.65784     0.75316    -0.00000
     0.75316     0.65784    -0.00000
    -0.00000    -0.00000    -1.00000
           0           4          22           5
   -13.45962   -11.68908    -9.59211
    -0.65784     0.75316    -0.00000
     0.75316     0.65784    -0.00000
    -0.00000    -0.00000    -1.00000
           0           4          22           6
   -13.45962   -11.68908   -15.96751
    -0.65784     0.75316    -0.00000
     0.75316     0.65784    -0.00000
    -0.00000    -0.00000    -1.00000
           0           4          23           1
   -10.28461   -13.39442    15.89616
    -0.79553     0.60591    -0.00000
     0.60591     0.79553    -0.00000
    -0.00000    -0.00000    -1.00000
           0           4          23           2
   -10.28461   -13.39442     9.52075
    -0.79553     0.60591    -0.00000
     0.60591     0.79553    -0.00000
    -0.00000    -0.00000    -1.00000
           0           4          23           3
   -10.28461   -13.39442     3.14536
    -0.79553     0.60591    -0.00000
     0.60591     0.79553    -0.00000
    -0.00000    -0.00000    -1.00000
           0           4          23           4
   -10.28461   -13.39442    -3.23004
    -0.79553     0.60591    -0.00000
     0.60591     0.79553    -0.00000
    -0.00000    -0.00000    -1.00000
           0           4          23           5
   -10.28461   -13.39442    -9.60544
    -0.79553     0.60591    -0.00000
     0.60591     0.79553    -0.00000
    -0.00000    -0.00000    -1.00000
           0           4          23           6
   -10.28461   -13.39442   -15.98084
    -0.79553     0.60591    -0.00000
     0.60591     0.79553    -0.00000
    -0.00000    -0.00000    -1.00000
           0           4          24           1
    -6.56179   -14.10152    15.88885
    -0.90739     0.42029    -0.00000
     0.42029     0.90739    -0.00000
    -0.00000    -0.00000    -1.00000
           0           4          24           2
    -6.56179   -14.10152     9.51344
    -0.90739     0.42029    -0.00000
     0.42029     0.90739    -0.00000
    -0.00000    -0.00000    -1.00000
           0           4          24           3
    -6.56179   -14.10152     3.13805
    -0.90739     0.42029    -0.00000
     0.42029     0.90739    -0.00000
    -0.00000    -0.00000    -1.00000
           0           4          24           4
    -6.56179   -14.10152    -3.23735
    -0.90739     0.42029    -0.00000
     0.42029     0.90739    -0.00000
    -0.00000    -0.00000    -1.00000
           0           4          24           5
    -6.56179   -14.10152    -9.61275
    -0.90739     0.42029    -0.00000
     0.42029     0.90739    -0.00000
    -0.00000    -0.00000    -1.00000
           0           4          24           6
    -6.56179   -14.10152   -15.98815
    -0.90739     0.42029    -0.00000
     0.42029     0.90739    -0.00000
    -0.00000    -0.00000    -1.00000
