 SVX cage parameters:
     2.20000
     0.50000     0.20000
     0.00000
           6
   -40.00000   -26.50000   -26.50000    26.50000    26.50000    40.00000
    53.00000    53.00000    22.14782    22.14782    53.00000    53.00000
     0.00000     0.00000     0.00000
 SVX barrel parameters:
           4
     2.63000     5.19260    11.76500    16.68700     1.14100
     0.00000     0.00000     0.00000     0.00000
           4           4           5           6
     0.69600     0.69600     1.74500     1.74500
     0.01000     0.01000     0.03125     0.03125
     2.83600     2.83600     3.18770     3.18770
     0.01900     0.01900     0.00000     0.00000
     0.02000     0.02000     0.00000     0.00000
    26.70000    13.62600    17.00000    12.00000
   -13.00000   -12.98000     0.00000     0.00000
           2
           5           5
     0.00000   180.00000
           2
          10          10
     0.00000   180.00000
           2
           8           8
     0.00000   180.00000
           2
          12          12
     0.00000   180.00000
 SVX barrel sensor rotation matrices and translation vectors:
           0           1           1           1
     1.57135    -2.11016     8.62694
     0.64812     0.76154    -0.00000
    -0.76154     0.64812    -0.00000
    -0.00000     0.00000     1.00000
           0           1           1           2
     1.57135    -2.11016     2.93494
     0.64812     0.76154    -0.00000
    -0.76154     0.64812    -0.00000
    -0.00000     0.00000     1.00000
           0           1           1           3
     1.57135    -2.11016    -2.75706
     0.64812     0.76154    -0.00000
    -0.76154     0.64812    -0.00000
    -0.00000     0.00000     1.00000
           0           1           1           4
     1.57135    -2.11016    -8.44906
     0.64812     0.76154    -0.00000
    -0.76154     0.64812    -0.00000
    -0.00000     0.00000     1.00000
           0           1           2           1
     2.35285    -1.18046     8.62694
     0.23684     0.97155    -0.00000
    -0.97155     0.23684    -0.00000
    -0.00000     0.00000     1.00000
           0           1           2           2
     2.35285    -1.18046     2.93494
     0.23684     0.97155    -0.00000
    -0.97155     0.23684    -0.00000
    -0.00000     0.00000     1.00000
           0           1           2           3
     2.35285    -1.18046    -2.75706
     0.23684     0.97155    -0.00000
    -0.97155     0.23684    -0.00000
    -0.00000     0.00000     1.00000
           0           1           2           4
     2.35285    -1.18046    -8.44906
     0.23684     0.97155    -0.00000
    -0.97155     0.23684    -0.00000
    -0.00000     0.00000     1.00000
           0           1           3           1
     2.63328     0.00125     8.62694
    -0.22495     0.97437     0.00000
    -0.97437    -0.22495     0.00000
     0.00000     0.00000     1.00000
           0           1           3           2
     2.63328     0.00125     2.93494
    -0.22495     0.97437     0.00000
    -0.97437    -0.22495     0.00000
     0.00000     0.00000     1.00000
           0           1           3           3
     2.63328     0.00125    -2.75706
    -0.22495     0.97437     0.00000
    -0.97437    -0.22495     0.00000
     0.00000     0.00000     1.00000
           0           1           3           4
     2.63328     0.00125    -8.44906
    -0.22495     0.97437     0.00000
    -0.97437    -0.22495     0.00000
     0.00000     0.00000     1.00000
           0           1           4           1
     2.35285     1.18296     8.62694
    -0.63877     0.76940     0.00000
    -0.76940    -0.63877     0.00000
     0.00000     0.00000     1.00000
           0           1           4           2
     2.35285     1.18296     2.93494
    -0.63877     0.76940     0.00000
    -0.76940    -0.63877     0.00000
     0.00000     0.00000     1.00000
           0           1           4           3
     2.35285     1.18296    -2.75706
    -0.63877     0.76940     0.00000
    -0.76940    -0.63877     0.00000
     0.00000     0.00000     1.00000
           0           1           4           4
     2.35285     1.18296    -8.44906
    -0.63877     0.76940     0.00000
    -0.76940    -0.63877     0.00000
     0.00000     0.00000     1.00000
           0           1           5           1
     1.57135     2.11266     8.62694
    -0.91636     0.40035     0.00000
    -0.40035    -0.91636     0.00000
     0.00000     0.00000     1.00000
           0           1           5           2
     1.57135     2.11266     2.93494
    -0.91636     0.40035     0.00000
    -0.40035    -0.91636     0.00000
     0.00000     0.00000     1.00000
           0           1           5           3
     1.57135     2.11266    -2.75706
    -0.91636     0.40035     0.00000
    -0.40035    -0.91636     0.00000
     0.00000     0.00000     1.00000
           0           1           5           4
     1.57135     2.11266    -8.44906
    -0.91636     0.40035     0.00000
    -0.40035    -0.91636     0.00000
     0.00000     0.00000     1.00000
           0           1           6           1
    -1.58932     2.11612    -8.56831
     0.91636     0.40035     0.00000
     0.40035    -0.91636     0.00000
     0.00000    -0.00000    -1.00000
           0           1           6           2
    -1.58932     2.11612    -2.87631
     0.91636     0.40035     0.00000
     0.40035    -0.91636     0.00000
     0.00000    -0.00000    -1.00000
           0           1           6           3
    -1.58932     2.11612     2.81569
     0.91636     0.40035     0.00000
     0.40035    -0.91636     0.00000
     0.00000    -0.00000    -1.00000
           0           1           6           4
    -1.58932     2.11612     8.50769
     0.91636     0.40035     0.00000
     0.40035    -0.91636     0.00000
     0.00000    -0.00000    -1.00000
           0           1           7           1
    -2.37082     1.18642    -8.56831
     0.63877     0.76940     0.00000
     0.76940    -0.63877     0.00000
     0.00000    -0.00000    -1.00000
           0           1           7           2
    -2.37082     1.18642    -2.87631
     0.63877     0.76940     0.00000
     0.76940    -0.63877     0.00000
     0.00000    -0.00000    -1.00000
           0           1           7           3
    -2.37082     1.18642     2.81569
     0.63877     0.76940     0.00000
     0.76940    -0.63877     0.00000
     0.00000    -0.00000    -1.00000
           0           1           7           4
    -2.37082     1.18642     8.50769
     0.63877     0.76940     0.00000
     0.76940    -0.63877     0.00000
     0.00000    -0.00000    -1.00000
           0           1           8           1
    -2.65125     0.00471    -8.56831
     0.22495     0.97437    -0.00000
     0.97437    -0.22495    -0.00000
    -0.00000     0.00000    -1.00000
           0           1           8           2
    -2.65125     0.00471    -2.87631
     0.22495     0.97437    -0.00000
     0.97437    -0.22495    -0.00000
    -0.00000     0.00000    -1.00000
           0           1           8           3
    -2.65125     0.00471     2.81569
     0.22495     0.97437    -0.00000
     0.97437    -0.22495    -0.00000
    -0.00000     0.00000    -1.00000
           0           1           8           4
    -2.65125     0.00471     8.50769
     0.22495     0.97437    -0.00000
     0.97437    -0.22495    -0.00000
    -0.00000     0.00000    -1.00000
           0           1           9           1
    -2.37082    -1.17700    -8.56831
    -0.23684     0.97155    -0.00000
     0.97155     0.23684    -0.00000
    -0.00000    -0.00000    -1.00000
           0           1           9           2
    -2.37082    -1.17700    -2.87631
    -0.23684     0.97155    -0.00000
     0.97155     0.23684    -0.00000
    -0.00000    -0.00000    -1.00000
           0           1           9           3
    -2.37082    -1.17700     2.81569
    -0.23684     0.97155    -0.00000
     0.97155     0.23684    -0.00000
    -0.00000    -0.00000    -1.00000
           0           1           9           4
    -2.37082    -1.17700     8.50769
    -0.23684     0.97155    -0.00000
     0.97155     0.23684    -0.00000
    -0.00000    -0.00000    -1.00000
           0           1          10           1
    -1.58932    -2.10670    -8.56831
    -0.64812     0.76154    -0.00000
     0.76154     0.64812    -0.00000
    -0.00000    -0.00000    -1.00000
           0           1          10           2
    -1.58932    -2.10670    -2.87631
    -0.64812     0.76154    -0.00000
     0.76154     0.64812    -0.00000
    -0.00000    -0.00000    -1.00000
           0           1          10           3
    -1.58932    -2.10670     2.81569
    -0.64812     0.76154    -0.00000
     0.76154     0.64812    -0.00000
    -0.00000    -0.00000    -1.00000
           0           1          10           4
    -1.58932    -2.10670     8.50769
    -0.64812     0.76154    -0.00000
     0.76154     0.64812    -0.00000
    -0.00000    -0.00000    -1.00000
           0           2           1           1
     2.49554    -4.55416     8.62694
     0.74707     0.66475    -0.00000
    -0.66475     0.74707    -0.00000
    -0.00000     0.00000     1.00000
           0           2           1           2
     2.49554    -4.55416     2.93494
     0.74707     0.66475    -0.00000
    -0.66475     0.74707    -0.00000
    -0.00000     0.00000     1.00000
           0           2           1           3
     2.49554    -4.55416    -2.75706
     0.74707     0.66475    -0.00000
    -0.66475     0.74707    -0.00000
    -0.00000     0.00000     1.00000
           0           2           1           4
     2.49554    -4.55416    -8.44906
     0.74707     0.66475    -0.00000
    -0.66475     0.74707    -0.00000
    -0.00000     0.00000     1.00000
           0           2           2           1
     3.49857    -3.83881     8.62694
     0.56944     0.82203    -0.00000
    -0.82203     0.56944    -0.00000
    -0.00000     0.00000     1.00000
           0           2           2           2
     3.49857    -3.83881     2.93494
     0.56944     0.82203    -0.00000
    -0.82203     0.56944    -0.00000
    -0.00000     0.00000     1.00000
           0           2           2           3
     3.49857    -3.83881    -2.75706
     0.56944     0.82203    -0.00000
    -0.82203     0.56944    -0.00000
    -0.00000     0.00000     1.00000
           0           2           2           4
     3.49857    -3.83881    -8.44906
     0.56944     0.82203    -0.00000
    -0.82203     0.56944    -0.00000
    -0.00000     0.00000     1.00000
           0           2           3           1
     4.30484    -2.90730     8.62694
     0.35975     0.93305    -0.00000
    -0.93305     0.35975    -0.00000
    -0.00000     0.00000     1.00000
           0           2           3           2
     4.30484    -2.90730     2.93494
     0.35975     0.93305    -0.00000
    -0.93305     0.35975    -0.00000
    -0.00000     0.00000     1.00000
           0           2           3           3
     4.30484    -2.90730    -2.75706
     0.35975     0.93305    -0.00000
    -0.93305     0.35975    -0.00000
    -0.00000     0.00000     1.00000
           0           2           3           4
     4.30484    -2.90730    -8.44906
     0.35975     0.93305    -0.00000
    -0.93305     0.35975    -0.00000
    -0.00000     0.00000     1.00000
           0           2           4           1
     4.86898    -1.81206     8.62694
     0.12982     0.99154    -0.00000
    -0.99154     0.12982    -0.00000
    -0.00000     0.00000     1.00000
           0           2           4           2
     4.86898    -1.81206     2.93494
     0.12982     0.99154    -0.00000
    -0.99154     0.12982    -0.00000
    -0.00000     0.00000     1.00000
           0           2           4           3
     4.86898    -1.81206    -2.75706
     0.12982     0.99154    -0.00000
    -0.99154     0.12982    -0.00000
    -0.00000     0.00000     1.00000
           0           2           4           4
     4.86898    -1.81206    -8.44906
     0.12982     0.99154    -0.00000
    -0.99154     0.12982    -0.00000
    -0.00000     0.00000     1.00000
           0           2           5           1
     5.15921    -0.61474     8.62694
    -0.10743     0.99421     0.00000
    -0.99421    -0.10743     0.00000
     0.00000     0.00000     1.00000
           0           2           5           2
     5.15921    -0.61474     2.93494
    -0.10743     0.99421     0.00000
    -0.99421    -0.10743     0.00000
     0.00000     0.00000     1.00000
           0           2           5           3
     5.15921    -0.61474    -2.75706
    -0.10743     0.99421     0.00000
    -0.99421    -0.10743     0.00000
     0.00000     0.00000     1.00000
           0           2           5           4
     5.15921    -0.61474    -8.44906
    -0.10743     0.99421     0.00000
    -0.99421    -0.10743     0.00000
     0.00000     0.00000     1.00000
           0           2           6           1
     5.15921     0.61724     8.62694
    -0.33862     0.94092     0.00000
    -0.94092    -0.33862     0.00000
     0.00000     0.00000     1.00000
           0           2           6           2
     5.15921     0.61724     2.93494
    -0.33862     0.94092     0.00000
    -0.94092    -0.33862     0.00000
     0.00000     0.00000     1.00000
           0           2           6           3
     5.15921     0.61724    -2.75706
    -0.33862     0.94092     0.00000
    -0.94092    -0.33862     0.00000
     0.00000     0.00000     1.00000
           0           2           6           4
     5.15921     0.61724    -8.44906
    -0.33862     0.94092     0.00000
    -0.94092    -0.33862     0.00000
     0.00000     0.00000     1.00000
           0           2           7           1
     4.86898     1.81456     8.62694
    -0.55076     0.83467     0.00000
    -0.83467    -0.55076     0.00000
     0.00000     0.00000     1.00000
           0           2           7           2
     4.86898     1.81456     2.93494
    -0.55076     0.83467     0.00000
    -0.83467    -0.55076     0.00000
     0.00000     0.00000     1.00000
           0           2           7           3
     4.86898     1.81456    -2.75706
    -0.55076     0.83467     0.00000
    -0.83467    -0.55076     0.00000
     0.00000     0.00000     1.00000
           0           2           7           4
     4.86898     1.81456    -8.44906
    -0.55076     0.83467     0.00000
    -0.83467    -0.55076     0.00000
     0.00000     0.00000     1.00000
           0           2           8           1
     4.30484     2.90980     8.62694
    -0.73189     0.68142     0.00000
    -0.68142    -0.73189     0.00000
     0.00000     0.00000     1.00000
           0           2           8           2
     4.30484     2.90980     2.93494
    -0.73189     0.68142     0.00000
    -0.68142    -0.73189     0.00000
     0.00000     0.00000     1.00000
           0           2           8           3
     4.30484     2.90980    -2.75706
    -0.73189     0.68142     0.00000
    -0.68142    -0.73189     0.00000
     0.00000     0.00000     1.00000
           0           2           8           4
     4.30484     2.90980    -8.44906
    -0.73189     0.68142     0.00000
    -0.68142    -0.73189     0.00000
     0.00000     0.00000     1.00000
           0           2           9           1
     3.49857     3.84131     8.62694
    -0.87182     0.48982     0.00000
    -0.48982    -0.87182     0.00000
     0.00000     0.00000     1.00000
           0           2           9           2
     3.49857     3.84131     2.93494
    -0.87182     0.48982     0.00000
    -0.48982    -0.87182     0.00000
     0.00000     0.00000     1.00000
           0           2           9           3
     3.49857     3.84131    -2.75706
    -0.87182     0.48982     0.00000
    -0.48982    -0.87182     0.00000
     0.00000     0.00000     1.00000
           0           2           9           4
     3.49857     3.84131    -8.44906
    -0.87182     0.48982     0.00000
    -0.48982    -0.87182     0.00000
     0.00000     0.00000     1.00000
           0           2          10           1
     2.49554     4.55666     8.62694
    -0.96268     0.27065     0.00000
    -0.27065    -0.96268     0.00000
     0.00000     0.00000     1.00000
           0           2          10           2
     2.49554     4.55666     2.93494
    -0.96268     0.27065     0.00000
    -0.27065    -0.96268     0.00000
     0.00000     0.00000     1.00000
           0           2          10           3
     2.49554     4.55666    -2.75706
    -0.96268     0.27065     0.00000
    -0.27065    -0.96268     0.00000
     0.00000     0.00000     1.00000
           0           2          10           4
     2.49554     4.55666    -8.44906
    -0.96268     0.27065     0.00000
    -0.27065    -0.96268     0.00000
     0.00000     0.00000     1.00000
           0           2          11           1
    -2.51351     4.56012    -8.56831
     0.96268     0.27065     0.00000
     0.27065    -0.96268     0.00000
     0.00000    -0.00000    -1.00000
           0           2          11           2
    -2.51351     4.56012    -2.87631
     0.96268     0.27065     0.00000
     0.27065    -0.96268     0.00000
     0.00000    -0.00000    -1.00000
           0           2          11           3
    -2.51351     4.56012     2.81569
     0.96268     0.27065     0.00000
     0.27065    -0.96268     0.00000
     0.00000    -0.00000    -1.00000
           0           2          11           4
    -2.51351     4.56012     8.50769
     0.96268     0.27065     0.00000
     0.27065    -0.96268     0.00000
     0.00000    -0.00000    -1.00000
           0           2          12           1
    -3.51654     3.84477    -8.56831
     0.87182     0.48982     0.00000
     0.48982    -0.87182     0.00000
     0.00000    -0.00000    -1.00000
           0           2          12           2
    -3.51654     3.84477    -2.87631
     0.87182     0.48982     0.00000
     0.48982    -0.87182     0.00000
     0.00000    -0.00000    -1.00000
           0           2          12           3
    -3.51654     3.84477     2.81569
     0.87182     0.48982     0.00000
     0.48982    -0.87182     0.00000
     0.00000    -0.00000    -1.00000
           0           2          12           4
    -3.51654     3.84477     8.50769
     0.87182     0.48982     0.00000
     0.48982    -0.87182     0.00000
     0.00000    -0.00000    -1.00000
           0           2          13           1
    -4.32281     2.91326    -8.56831
     0.73189     0.68142     0.00000
     0.68142    -0.73189     0.00000
     0.00000    -0.00000    -1.00000
           0           2          13           2
    -4.32281     2.91326    -2.87631
     0.73189     0.68142     0.00000
     0.68142    -0.73189     0.00000
     0.00000    -0.00000    -1.00000
           0           2          13           3
    -4.32281     2.91326     2.81569
     0.73189     0.68142     0.00000
     0.68142    -0.73189     0.00000
     0.00000    -0.00000    -1.00000
           0           2          13           4
    -4.32281     2.91326     8.50769
     0.73189     0.68142     0.00000
     0.68142    -0.73189     0.00000
     0.00000    -0.00000    -1.00000
           0           2          14           1
    -4.88695     1.81802    -8.56831
     0.55076     0.83467     0.00000
     0.83467    -0.55076     0.00000
     0.00000    -0.00000    -1.00000
           0           2          14           2
    -4.88695     1.81802    -2.87631
     0.55076     0.83467     0.00000
     0.83467    -0.55076     0.00000
     0.00000    -0.00000    -1.00000
           0           2          14           3
    -4.88695     1.81802     2.81569
     0.55076     0.83467     0.00000
     0.83467    -0.55076     0.00000
     0.00000    -0.00000    -1.00000
           0           2          14           4
    -4.88695     1.81802     8.50769
     0.55076     0.83467     0.00000
     0.83467    -0.55076     0.00000
     0.00000    -0.00000    -1.00000
           0           2          15           1
    -5.17718     0.62071    -8.56831
     0.33862     0.94092    -0.00000
     0.94092    -0.33862    -0.00000
    -0.00000     0.00000    -1.00000
           0           2          15           2
    -5.17718     0.62071    -2.87631
     0.33862     0.94092    -0.00000
     0.94092    -0.33862    -0.00000
    -0.00000     0.00000    -1.00000
           0           2          15           3
    -5.17718     0.62071     2.81569
     0.33862     0.94092    -0.00000
     0.94092    -0.33862    -0.00000
    -0.00000     0.00000    -1.00000
           0           2          15           4
    -5.17718     0.62071     8.50769
     0.33862     0.94092    -0.00000
     0.94092    -0.33862    -0.00000
    -0.00000     0.00000    -1.00000
           0           2          16           1
    -5.17718    -0.61128    -8.56831
     0.10743     0.99421    -0.00000
     0.99421    -0.10743    -0.00000
    -0.00000     0.00000    -1.00000
           0           2          16           2
    -5.17718    -0.61128    -2.87631
     0.10743     0.99421    -0.00000
     0.99421    -0.10743    -0.00000
    -0.00000     0.00000    -1.00000
           0           2          16           3
    -5.17718    -0.61128     2.81569
     0.10743     0.99421    -0.00000
     0.99421    -0.10743    -0.00000
    -0.00000     0.00000    -1.00000
           0           2          16           4
    -5.17718    -0.61128     8.50769
     0.10743     0.99421    -0.00000
     0.99421    -0.10743    -0.00000
    -0.00000     0.00000    -1.00000
           0           2          17           1
    -4.88695    -1.80859    -8.56831
    -0.12982     0.99154    -0.00000
     0.99154     0.12982    -0.00000
    -0.00000    -0.00000    -1.00000
           0           2          17           2
    -4.88695    -1.80859    -2.87631
    -0.12982     0.99154    -0.00000
     0.99154     0.12982    -0.00000
    -0.00000    -0.00000    -1.00000
           0           2          17           3
    -4.88695    -1.80859     2.81569
    -0.12982     0.99154    -0.00000
     0.99154     0.12982    -0.00000
    -0.00000    -0.00000    -1.00000
           0           2          17           4
    -4.88695    -1.80859     8.50769
    -0.12982     0.99154    -0.00000
     0.99154     0.12982    -0.00000
    -0.00000    -0.00000    -1.00000
           0           2          18           1
    -4.32282    -2.90383    -8.56831
    -0.35975     0.93305    -0.00000
     0.93305     0.35975    -0.00000
    -0.00000    -0.00000    -1.00000
           0           2          18           2
    -4.32282    -2.90383    -2.87631
    -0.35975     0.93305    -0.00000
     0.93305     0.35975    -0.00000
    -0.00000    -0.00000    -1.00000
           0           2          18           3
    -4.32281    -2.90383     2.81569
    -0.35975     0.93305    -0.00000
     0.93305     0.35975    -0.00000
    -0.00000    -0.00000    -1.00000
           0           2          18           4
    -4.32281    -2.90383     8.50769
    -0.35975     0.93305    -0.00000
     0.93305     0.35975    -0.00000
    -0.00000    -0.00000    -1.00000
           0           2          19           1
    -3.51654    -3.83535    -8.56831
    -0.56944     0.82203    -0.00000
     0.82203     0.56944    -0.00000
    -0.00000    -0.00000    -1.00000
           0           2          19           2
    -3.51654    -3.83535    -2.87631
    -0.56944     0.82203    -0.00000
     0.82203     0.56944    -0.00000
    -0.00000    -0.00000    -1.00000
           0           2          19           3
    -3.51654    -3.83535     2.81569
    -0.56944     0.82203    -0.00000
     0.82203     0.56944    -0.00000
    -0.00000    -0.00000    -1.00000
           0           2          19           4
    -3.51654    -3.83535     8.50769
    -0.56944     0.82203    -0.00000
     0.82203     0.56944    -0.00000
    -0.00000    -0.00000    -1.00000
           0           2          20           1
    -2.51351    -4.55070    -8.56831
    -0.74707     0.66475    -0.00000
     0.66475     0.74707    -0.00000
    -0.00000    -0.00000    -1.00000
           0           2          20           2
    -2.51351    -4.55070    -2.87631
    -0.74707     0.66475    -0.00000
     0.66475     0.74707    -0.00000
    -0.00000    -0.00000    -1.00000
           0           2          20           3
    -2.51351    -4.55070     2.81569
    -0.74707     0.66475    -0.00000
     0.66475     0.74707    -0.00000
    -0.00000    -0.00000    -1.00000
           0           2          20           4
    -2.51351    -4.55070     8.50769
    -0.74707     0.66475    -0.00000
     0.66475     0.74707    -0.00000
    -0.00000    -0.00000    -1.00000
           0           3           1           1
     5.63329   -10.32920    12.83974
    -0.87807    -0.47854     0.00000
    -0.47854     0.87807     0.00000
    -0.00000     0.00000    -1.00000
           0           3           1           2
     5.63329   -10.32920     6.46434
    -0.87807    -0.47854     0.00000
    -0.47854     0.87807     0.00000
    -0.00000     0.00000    -1.00000
           0           3           1           3
     5.63329   -10.32920     0.08894
    -0.87807    -0.47854     0.00000
    -0.47854     0.87807     0.00000
    -0.00000     0.00000    -1.00000
           0           3           1           4
     5.63329   -10.32920    -6.28646
    -0.87807    -0.47854     0.00000
    -0.47854     0.87807     0.00000
    -0.00000     0.00000    -1.00000
           0           3           1           5
     5.63329   -10.32920   -12.66186
    -0.87807    -0.47854     0.00000
    -0.47854     0.87807     0.00000
    -0.00000     0.00000    -1.00000
           0           3           2           1
     7.55395    -7.13158    12.83974
    -0.68671    -0.72693     0.00000
    -0.72693     0.68671     0.00000
    -0.00000     0.00000    -1.00000
           0           3           2           2
     7.55395    -7.13158     6.46434
    -0.68671    -0.72693     0.00000
    -0.72693     0.68671     0.00000
    -0.00000     0.00000    -1.00000
           0           3           2           3
     7.55395    -7.13158     0.08894
    -0.68671    -0.72693     0.00000
    -0.72693     0.68671     0.00000
    -0.00000     0.00000    -1.00000
           0           3           2           4
     7.55395    -7.13158    -6.28646
    -0.68671    -0.72693     0.00000
    -0.72693     0.68671     0.00000
    -0.00000     0.00000    -1.00000
           0           3           2           5
     7.55395    -7.13158   -12.66186
    -0.68671    -0.72693     0.00000
    -0.72693     0.68671     0.00000
    -0.00000     0.00000    -1.00000
           0           3           3           1
    11.53027    -5.67323    12.83974
    -0.44166    -0.89718     0.00000
    -0.89718     0.44166     0.00000
    -0.00000     0.00000    -1.00000
           0           3           3           2
    11.53027    -5.67323     6.46434
    -0.44166    -0.89718     0.00000
    -0.89718     0.44166     0.00000
    -0.00000     0.00000    -1.00000
           0           3           3           3
    11.53026    -5.67323     0.08894
    -0.44166    -0.89718     0.00000
    -0.89718     0.44166     0.00000
    -0.00000     0.00000    -1.00000
           0           3           3           4
    11.53026    -5.67323    -6.28646
    -0.44166    -0.89718     0.00000
    -0.89718     0.44166     0.00000
    -0.00000     0.00000    -1.00000
           0           3           3           5
    11.53026    -5.67323   -12.66186
    -0.44166    -0.89718     0.00000
    -0.89718     0.44166     0.00000
    -0.00000     0.00000    -1.00000
           0           3           4           1
    11.58416    -2.07205    12.83974
    -0.17623    -0.98435     0.00000
    -0.98435     0.17623     0.00000
    -0.00000     0.00000    -1.00000
           0           3           4           2
    11.58416    -2.07205     6.46434
    -0.17623    -0.98435     0.00000
    -0.98435     0.17623     0.00000
    -0.00000     0.00000    -1.00000
           0           3           4           3
    11.58416    -2.07205     0.08894
    -0.17623    -0.98435     0.00000
    -0.98435     0.17623     0.00000
    -0.00000     0.00000    -1.00000
           0           3           4           4
    11.58416    -2.07205    -6.28646
    -0.17623    -0.98435     0.00000
    -0.98435     0.17623     0.00000
    -0.00000     0.00000    -1.00000
           0           3           4           5
    11.58416    -2.07205   -12.66186
    -0.17623    -0.98435     0.00000
    -0.98435     0.17623     0.00000
    -0.00000     0.00000    -1.00000
           0           3           5           1
    10.29195     1.42709    12.83974
     0.13727    -0.99053     0.00000
    -0.99053    -0.13727     0.00000
    -0.00000    -0.00000    -1.00000
           0           3           5           2
    10.29195     1.42709     6.46434
     0.13727    -0.99053     0.00000
    -0.99053    -0.13727     0.00000
    -0.00000    -0.00000    -1.00000
           0           3           5           3
    10.29195     1.42709     0.08894
     0.13727    -0.99053     0.00000
    -0.99053    -0.13727     0.00000
    -0.00000    -0.00000    -1.00000
           0           3           5           4
    10.29195     1.42709    -6.28646
     0.13727    -0.99053     0.00000
    -0.99053    -0.13727     0.00000
    -0.00000    -0.00000    -1.00000
           0           3           5           5
    10.29195     1.42709   -12.66186
     0.13727    -0.99053     0.00000
    -0.99053    -0.13727     0.00000
    -0.00000    -0.00000    -1.00000
           0           3           6           1
    11.64278     5.44121    12.83974
     0.42341    -0.90594     0.00000
    -0.90594    -0.42341     0.00000
    -0.00000    -0.00000    -1.00000
           0           3           6           2
    11.64278     5.44121     6.46434
     0.42341    -0.90594     0.00000
    -0.90594    -0.42341     0.00000
    -0.00000    -0.00000    -1.00000
           0           3           6           3
    11.64278     5.44121     0.08894
     0.42341    -0.90594     0.00000
    -0.90594    -0.42341     0.00000
    -0.00000    -0.00000    -1.00000
           0           3           6           4
    11.64278     5.44121    -6.28646
     0.42341    -0.90594     0.00000
    -0.90594    -0.42341     0.00000
    -0.00000    -0.00000    -1.00000
           0           3           6           5
    11.64278     5.44121   -12.66186
     0.42341    -0.90594     0.00000
    -0.90594    -0.42341     0.00000
    -0.00000    -0.00000    -1.00000
           0           3           7           1
     8.86760     7.73682    12.83974
     0.65751    -0.75345     0.00000
    -0.75345    -0.65751     0.00000
    -0.00000    -0.00000    -1.00000
           0           3           7           2
     8.86760     7.73682     6.46434
     0.65751    -0.75345     0.00000
    -0.75345    -0.65751     0.00000
    -0.00000    -0.00000    -1.00000
           0           3           7           3
     8.86760     7.73682     0.08894
     0.65751    -0.75345     0.00000
    -0.75345    -0.65751     0.00000
    -0.00000    -0.00000    -1.00000
           0           3           7           4
     8.86760     7.73682    -6.28646
     0.65751    -0.75345     0.00000
    -0.75345    -0.65751     0.00000
    -0.00000    -0.00000    -1.00000
           0           3           7           5
     8.86760     7.73682   -12.66186
     0.65751    -0.75345     0.00000
    -0.75345    -0.65751     0.00000
    -0.00000    -0.00000    -1.00000
           0           3           8           1
     5.32965     8.91862    12.83974
     0.85851    -0.51279     0.00000
    -0.51279    -0.85851     0.00000
    -0.00000    -0.00000    -1.00000
           0           3           8           2
     5.32965     8.91862     6.46434
     0.85851    -0.51279     0.00000
    -0.51279    -0.85851     0.00000
    -0.00000    -0.00000    -1.00000
           0           3           8           3
     5.32965     8.91862     0.08894
     0.85851    -0.51279     0.00000
    -0.51279    -0.85851     0.00000
    -0.00000    -0.00000    -1.00000
           0           3           8           4
     5.32965     8.91862    -6.28646
     0.85851    -0.51279     0.00000
    -0.51279    -0.85851     0.00000
    -0.00000    -0.00000    -1.00000
           0           3           8           5
     5.32965     8.91862   -12.66186
     0.85851    -0.51279     0.00000
    -0.51279    -0.85851     0.00000
    -0.00000    -0.00000    -1.00000
           0           3           9           1
    -5.34762     8.92208   -12.78111
    -0.85851    -0.51279     0.00000
     0.51279    -0.85851     0.00000
    -0.00000     0.00000     1.00000
           0           3           9           2
    -5.34762     8.92208    -6.40571
    -0.85851    -0.51279     0.00000
     0.51279    -0.85851     0.00000
    -0.00000     0.00000     1.00000
           0           3           9           3
    -5.34762     8.92208    -0.03031
    -0.85851    -0.51279     0.00000
     0.51279    -0.85851     0.00000
    -0.00000     0.00000     1.00000
           0           3           9           4
    -5.34762     8.92208     6.34509
    -0.85851    -0.51279     0.00000
     0.51279    -0.85851     0.00000
    -0.00000     0.00000     1.00000
           0           3           9           5
    -5.34762     8.92208    12.72049
    -0.85851    -0.51279     0.00000
     0.51279    -0.85851     0.00000
    -0.00000     0.00000     1.00000
           0           3          10           1
    -8.88557     7.74028   -12.78111
    -0.65751    -0.75345    -0.00000
     0.75345    -0.65751    -0.00000
     0.00000    -0.00000     1.00000
           0           3          10           2
    -8.88557     7.74028    -6.40571
    -0.65751    -0.75345    -0.00000
     0.75345    -0.65751    -0.00000
     0.00000    -0.00000     1.00000
           0           3          10           3
    -8.88557     7.74028    -0.03031
    -0.65751    -0.75345    -0.00000
     0.75345    -0.65751    -0.00000
     0.00000    -0.00000     1.00000
           0           3          10           4
    -8.88557     7.74028     6.34509
    -0.65751    -0.75345    -0.00000
     0.75345    -0.65751    -0.00000
     0.00000    -0.00000     1.00000
           0           3          10           5
    -8.88557     7.74028    12.72049
    -0.65751    -0.75345    -0.00000
     0.75345    -0.65751    -0.00000
     0.00000    -0.00000     1.00000
           0           3          11           1
   -11.66075     5.44467   -12.78111
    -0.42341    -0.90594    -0.00000
     0.90594    -0.42341    -0.00000
     0.00000    -0.00000     1.00000
           0           3          11           2
   -11.66075     5.44467    -6.40571
    -0.42341    -0.90594    -0.00000
     0.90594    -0.42341    -0.00000
     0.00000    -0.00000     1.00000
           0           3          11           3
   -11.66075     5.44467    -0.03031
    -0.42341    -0.90594    -0.00000
     0.90594    -0.42341    -0.00000
     0.00000    -0.00000     1.00000
           0           3          11           4
   -11.66075     5.44467     6.34509
    -0.42341    -0.90594    -0.00000
     0.90594    -0.42341    -0.00000
     0.00000    -0.00000     1.00000
           0           3          11           5
   -11.66075     5.44467    12.72049
    -0.42341    -0.90594    -0.00000
     0.90594    -0.42341    -0.00000
     0.00000    -0.00000     1.00000
           0           3          12           1
   -10.30992     1.43055   -12.78111
    -0.13727    -0.99053    -0.00000
     0.99053    -0.13727    -0.00000
     0.00000    -0.00000     1.00000
           0           3          12           2
   -10.30992     1.43055    -6.40571
    -0.13727    -0.99053    -0.00000
     0.99053    -0.13727    -0.00000
     0.00000    -0.00000     1.00000
           0           3          12           3
   -10.30992     1.43055    -0.03031
    -0.13727    -0.99053    -0.00000
     0.99053    -0.13727    -0.00000
     0.00000    -0.00000     1.00000
           0           3          12           4
   -10.30992     1.43055     6.34509
    -0.13727    -0.99053    -0.00000
     0.99053    -0.13727    -0.00000
     0.00000    -0.00000     1.00000
           0           3          12           5
   -10.30992     1.43055    12.72049
    -0.13727    -0.99053    -0.00000
     0.99053    -0.13727    -0.00000
     0.00000    -0.00000     1.00000
           0           3          13           1
   -11.60213    -2.06859   -12.78111
     0.17623    -0.98435    -0.00000
     0.98435     0.17623    -0.00000
     0.00000     0.00000     1.00000
           0           3          13           2
   -11.60213    -2.06859    -6.40571
     0.17623    -0.98435    -0.00000
     0.98435     0.17623    -0.00000
     0.00000     0.00000     1.00000
           0           3          13           3
   -11.60213    -2.06859    -0.03031
     0.17623    -0.98435    -0.00000
     0.98435     0.17623    -0.00000
     0.00000     0.00000     1.00000
           0           3          13           4
   -11.60213    -2.06859     6.34509
     0.17623    -0.98435    -0.00000
     0.98435     0.17623    -0.00000
     0.00000     0.00000     1.00000
           0           3          13           5
   -11.60213    -2.06859    12.72049
     0.17623    -0.98435    -0.00000
     0.98435     0.17623    -0.00000
     0.00000     0.00000     1.00000
           0           3          14           1
   -11.54823    -5.66977   -12.78111
     0.44166    -0.89718    -0.00000
     0.89718     0.44166    -0.00000
     0.00000     0.00000     1.00000
           0           3          14           2
   -11.54823    -5.66977    -6.40571
     0.44166    -0.89718    -0.00000
     0.89718     0.44166    -0.00000
     0.00000     0.00000     1.00000
           0           3          14           3
   -11.54823    -5.66977    -0.03031
     0.44166    -0.89718    -0.00000
     0.89718     0.44166    -0.00000
     0.00000     0.00000     1.00000
           0           3          14           4
   -11.54823    -5.66977     6.34509
     0.44166    -0.89718    -0.00000
     0.89718     0.44166    -0.00000
     0.00000     0.00000     1.00000
           0           3          14           5
   -11.54823    -5.66977    12.72049
     0.44166    -0.89718    -0.00000
     0.89718     0.44166    -0.00000
     0.00000     0.00000     1.00000
           0           3          15           1
    -7.57191    -7.12812   -12.78111
     0.68671    -0.72693    -0.00000
     0.72693     0.68671    -0.00000
     0.00000     0.00000     1.00000
           0           3          15           2
    -7.57191    -7.12812    -6.40571
     0.68671    -0.72693    -0.00000
     0.72693     0.68671    -0.00000
     0.00000     0.00000     1.00000
           0           3          15           3
    -7.57191    -7.12812    -0.03031
     0.68671    -0.72693    -0.00000
     0.72693     0.68671    -0.00000
     0.00000     0.00000     1.00000
           0           3          15           4
    -7.57191    -7.12812     6.34509
     0.68671    -0.72693    -0.00000
     0.72693     0.68671    -0.00000
     0.00000     0.00000     1.00000
           0           3          15           5
    -7.57191    -7.12812    12.72049
     0.68671    -0.72693    -0.00000
     0.72693     0.68671    -0.00000
     0.00000     0.00000     1.00000
           0           3          16           1
    -5.65125   -10.32574   -12.78111
     0.87807    -0.47854    -0.00000
     0.47854     0.87807    -0.00000
     0.00000     0.00000     1.00000
           0           3          16           2
    -5.65125   -10.32574    -6.40571
     0.87807    -0.47854    -0.00000
     0.47854     0.87807    -0.00000
     0.00000     0.00000     1.00000
           0           3          16           3
    -5.65125   -10.32574    -0.03031
     0.87807    -0.47854    -0.00000
     0.47854     0.87807    -0.00000
     0.00000     0.00000     1.00000
           0           3          16           4
    -5.65125   -10.32574     6.34509
     0.87807    -0.47854    -0.00000
     0.47854     0.87807    -0.00000
     0.00000     0.00000     1.00000
           0           3          16           5
    -5.65125   -10.32574    12.72049
     0.87807    -0.47854    -0.00000
     0.47854     0.87807    -0.00000
     0.00000     0.00000     1.00000
           0           4           1           1
     6.54132   -14.10308   -15.84956
     0.90726     0.42056    -0.00000
    -0.42056     0.90726    -0.00000
    -0.00000     0.00000     1.00000
           0           4           1           2
     6.54132   -14.10308    -9.47416
     0.90726     0.42056    -0.00000
    -0.42056     0.90726    -0.00000
    -0.00000     0.00000     1.00000
           0           4           1           3
     6.54132   -14.10308    -3.09876
     0.90726     0.42056    -0.00000
    -0.42056     0.90726    -0.00000
    -0.00000     0.00000     1.00000
           0           4           1           4
     6.54132   -14.10308     3.27664
     0.90726     0.42056    -0.00000
    -0.42056     0.90726    -0.00000
    -0.00000     0.00000     1.00000
           0           4           1           5
     6.54132   -14.10308     9.65204
     0.90726     0.42056    -0.00000
    -0.42056     0.90726    -0.00000
    -0.00000     0.00000     1.00000
           0           4           1           6
     6.54132   -14.10308    16.02744
     0.90726     0.42056    -0.00000
    -0.42056     0.90726    -0.00000
    -0.00000     0.00000     1.00000
           0           4           2           1
    10.11773   -13.27105   -15.84956
     0.79537     0.60613    -0.00000
    -0.60613     0.79537    -0.00000
    -0.00000     0.00000     1.00000
           0           4           2           2
    10.11773   -13.27105    -9.47416
     0.79537     0.60613    -0.00000
    -0.60613     0.79537    -0.00000
    -0.00000     0.00000     1.00000
           0           4           2           3
    10.11773   -13.27105    -3.09876
     0.79537     0.60613    -0.00000
    -0.60613     0.79537    -0.00000
    -0.00000     0.00000     1.00000
           0           4           2           4
    10.11773   -13.27105     3.27664
     0.79537     0.60613    -0.00000
    -0.60613     0.79537    -0.00000
    -0.00000     0.00000     1.00000
           0           4           2           5
    10.11773   -13.27105     9.65204
     0.79537     0.60613    -0.00000
    -0.60613     0.79537    -0.00000
    -0.00000     0.00000     1.00000
           0           4           2           6
    10.11773   -13.27105    16.02744
     0.79537     0.60613    -0.00000
    -0.60613     0.79537    -0.00000
    -0.00000     0.00000     1.00000
           0           4           3           1
    13.43372   -11.72312   -15.84956
     0.65764     0.75333    -0.00000
    -0.75333     0.65764    -0.00000
    -0.00000     0.00000     1.00000
           0           4           3           2
    13.43372   -11.72312    -9.47416
     0.65764     0.75333    -0.00000
    -0.75333     0.65764    -0.00000
    -0.00000     0.00000     1.00000
           0           4           3           3
    13.43372   -11.72312    -3.09876
     0.65764     0.75333    -0.00000
    -0.75333     0.65764    -0.00000
    -0.00000     0.00000     1.00000
           0           4           3           4
    13.43372   -11.72312     3.27664
     0.65764     0.75333    -0.00000
    -0.75333     0.65764    -0.00000
    -0.00000     0.00000     1.00000
           0           4           3           5
    13.43372   -11.72312     9.65204
     0.65764     0.75333    -0.00000
    -0.75333     0.65764    -0.00000
    -0.00000     0.00000     1.00000
           0           4           3           6
    13.43372   -11.72312    16.02744
     0.65764     0.75333    -0.00000
    -0.75333     0.65764    -0.00000
    -0.00000     0.00000     1.00000
           0           4           4           1
    13.58958    -7.55458   -15.84956
     0.48603     0.87394     0.00000
    -0.87394     0.48603     0.00000
     0.00000    -0.00000     1.00000
           0           4           4           2
    13.58958    -7.55458    -9.47416
     0.48603     0.87394     0.00000
    -0.87394     0.48603     0.00000
     0.00000    -0.00000     1.00000
           0           4           4           3
    13.58958    -7.55458    -3.09876
     0.48603     0.87394     0.00000
    -0.87394     0.48603     0.00000
     0.00000    -0.00000     1.00000
           0           4           4           4
    13.58958    -7.55458     3.27664
     0.48603     0.87394     0.00000
    -0.87394     0.48603     0.00000
     0.00000    -0.00000     1.00000
           0           4           4           5
    13.58958    -7.55458     9.65204
     0.48603     0.87394     0.00000
    -0.87394     0.48603     0.00000
     0.00000    -0.00000     1.00000
           0           4           4           6
    13.58958    -7.55458    16.02744
     0.48603     0.87394     0.00000
    -0.87394     0.48603     0.00000
     0.00000    -0.00000     1.00000
           0           4           5           1
    15.99148    -4.77719   -15.84956
     0.28636     0.95812     0.00000
    -0.95812     0.28636     0.00000
     0.00000    -0.00000     1.00000
           0           4           5           2
    15.99148    -4.77719    -9.47416
     0.28636     0.95812     0.00000
    -0.95812     0.28636     0.00000
     0.00000    -0.00000     1.00000
           0           4           5           3
    15.99148    -4.77719    -3.09876
     0.28636     0.95812     0.00000
    -0.95812     0.28636     0.00000
     0.00000    -0.00000     1.00000
           0           4           5           4
    15.99148    -4.77719     3.27664
     0.28636     0.95812     0.00000
    -0.95812     0.28636     0.00000
     0.00000    -0.00000     1.00000
           0           4           5           5
    15.99148    -4.77719     9.65204
     0.28636     0.95812     0.00000
    -0.95812     0.28636     0.00000
     0.00000    -0.00000     1.00000
           0           4           5           6
    15.99148    -4.77719    16.02744
     0.28636     0.95812     0.00000
    -0.95812     0.28636     0.00000
     0.00000    -0.00000     1.00000
           0           4           6           1
    17.76153    -1.57426   -15.84956
     0.08837     0.99609     0.00000
    -0.99609     0.08837     0.00000
     0.00000    -0.00000     1.00000
           0           4           6           2
    17.76153    -1.57426    -9.47416
     0.08837     0.99609     0.00000
    -0.99609     0.08837     0.00000
     0.00000    -0.00000     1.00000
           0           4           6           3
    17.76153    -1.57426    -3.09876
     0.08837     0.99609     0.00000
    -0.99609     0.08837     0.00000
     0.00000    -0.00000     1.00000
           0           4           6           4
    17.76153    -1.57426     3.27664
     0.08837     0.99609     0.00000
    -0.99609     0.08837     0.00000
     0.00000    -0.00000     1.00000
           0           4           6           5
    17.76153    -1.57426     9.65204
     0.08837     0.99609     0.00000
    -0.99609     0.08837     0.00000
     0.00000    -0.00000     1.00000
           0           4           6           6
    17.76153    -1.57426    16.02744
     0.08837     0.99609     0.00000
    -0.99609     0.08837     0.00000
     0.00000    -0.00000     1.00000
           0           4           7           1
    15.43439     1.88775   -15.84956
    -0.12135     0.99261     0.00000
    -0.99261    -0.12135     0.00000
     0.00000     0.00000     1.00000
           0           4           7           2
    15.43439     1.88775    -9.47416
    -0.12135     0.99261     0.00000
    -0.99261    -0.12135     0.00000
     0.00000     0.00000     1.00000
           0           4           7           3
    15.43439     1.88775    -3.09876
    -0.12135     0.99261     0.00000
    -0.99261    -0.12135     0.00000
     0.00000     0.00000     1.00000
           0           4           7           4
    15.43439     1.88775     3.27664
    -0.12135     0.99261     0.00000
    -0.99261    -0.12135     0.00000
     0.00000     0.00000     1.00000
           0           4           7           5
    15.43439     1.88775     9.65204
    -0.12135     0.99261     0.00000
    -0.99261    -0.12135     0.00000
     0.00000     0.00000     1.00000
           0           4           7           6
    15.43439     1.88775    16.02744
    -0.12135     0.99261     0.00000
    -0.99261    -0.12135     0.00000
     0.00000     0.00000     1.00000
           0           4           8           1
    15.74187     5.54677   -15.84956
    -0.33233     0.94316     0.00000
    -0.94316    -0.33233     0.00000
     0.00000     0.00000     1.00000
           0           4           8           2
    15.74187     5.54677    -9.47416
    -0.33233     0.94316     0.00000
    -0.94316    -0.33233     0.00000
     0.00000     0.00000     1.00000
           0           4           8           3
    15.74187     5.54677    -3.09876
    -0.33233     0.94316     0.00000
    -0.94316    -0.33233     0.00000
     0.00000     0.00000     1.00000
           0           4           8           4
    15.74187     5.54677     3.27664
    -0.33233     0.94316     0.00000
    -0.94316    -0.33233     0.00000
     0.00000     0.00000     1.00000
           0           4           8           5
    15.74187     5.54677     9.65204
    -0.33233     0.94316     0.00000
    -0.94316    -0.33233     0.00000
     0.00000     0.00000     1.00000
           0           4           8           6
    15.74187     5.54677    16.02744
    -0.33233     0.94316     0.00000
    -0.94316    -0.33233     0.00000
     0.00000     0.00000     1.00000
           0           4           9           1
    15.28806     9.17801   -15.84956
    -0.51474     0.85735     0.00000
    -0.85735    -0.51474     0.00000
     0.00000     0.00000     1.00000
           0           4           9           2
    15.28806     9.17801    -9.47416
    -0.51474     0.85735     0.00000
    -0.85735    -0.51474     0.00000
     0.00000     0.00000     1.00000
           0           4           9           3
    15.28806     9.17801    -3.09876
    -0.51474     0.85735     0.00000
    -0.85735    -0.51474     0.00000
     0.00000     0.00000     1.00000
           0           4           9           4
    15.28806     9.17801     3.27664
    -0.51474     0.85735     0.00000
    -0.85735    -0.51474     0.00000
     0.00000     0.00000     1.00000
           0           4           9           5
    15.28806     9.17801     9.65204
    -0.51474     0.85735     0.00000
    -0.85735    -0.51474     0.00000
     0.00000     0.00000     1.00000
           0           4           9           6
    15.28806     9.17801    16.02744
    -0.51474     0.85735     0.00000
    -0.85735    -0.51474     0.00000
     0.00000     0.00000     1.00000
           0           4          10           1
    11.36920    10.60756   -15.84956
    -0.68225     0.73112     0.00000
    -0.73112    -0.68225     0.00000
     0.00000     0.00000     1.00000
           0           4          10           2
    11.36920    10.60756    -9.47416
    -0.68225     0.73112     0.00000
    -0.73112    -0.68225     0.00000
     0.00000     0.00000     1.00000
           0           4          10           3
    11.36920    10.60756    -3.09876
    -0.68225     0.73112     0.00000
    -0.73112    -0.68225     0.00000
     0.00000     0.00000     1.00000
           0           4          10           4
    11.36920    10.60756     3.27664
    -0.68225     0.73112     0.00000
    -0.73112    -0.68225     0.00000
     0.00000     0.00000     1.00000
           0           4          10           5
    11.36920    10.60756     9.65204
    -0.68225     0.73112     0.00000
    -0.73112    -0.68225     0.00000
     0.00000     0.00000     1.00000
           0           4          10           6
    11.36920    10.60756    16.02744
    -0.68225     0.73112     0.00000
    -0.73112    -0.68225     0.00000
     0.00000     0.00000     1.00000
           0           4          11           1
     9.46450    13.74684   -15.84956
    -0.82373     0.56698     0.00000
    -0.56698    -0.82373     0.00000
     0.00000     0.00000     1.00000
           0           4          11           2
     9.46450    13.74684    -9.47416
    -0.82373     0.56698     0.00000
    -0.56698    -0.82373     0.00000
     0.00000     0.00000     1.00000
           0           4          11           3
     9.46450    13.74684    -3.09876
    -0.82373     0.56698     0.00000
    -0.56698    -0.82373     0.00000
     0.00000     0.00000     1.00000
           0           4          11           4
     9.46450    13.74684     3.27664
    -0.82373     0.56698     0.00000
    -0.56698    -0.82373     0.00000
     0.00000     0.00000     1.00000
           0           4          11           5
     9.46450    13.74684     9.65204
    -0.82373     0.56698     0.00000
    -0.56698    -0.82373     0.00000
     0.00000     0.00000     1.00000
           0           4          11           6
     9.46450    13.74684    16.02744
    -0.82373     0.56698     0.00000
    -0.56698    -0.82373     0.00000
     0.00000     0.00000     1.00000
           0           4          12           1
     6.96064    16.41566   -15.84956
    -0.92071     0.39025     0.00000
    -0.39025    -0.92071     0.00000
     0.00000     0.00000     1.00000
           0           4          12           2
     6.96064    16.41566    -9.47416
    -0.92071     0.39025     0.00000
    -0.39025    -0.92071     0.00000
     0.00000     0.00000     1.00000
           0           4          12           3
     6.96064    16.41566    -3.09876
    -0.92071     0.39025     0.00000
    -0.39025    -0.92071     0.00000
     0.00000     0.00000     1.00000
           0           4          12           4
     6.96064    16.41566     3.27664
    -0.92071     0.39025     0.00000
    -0.39025    -0.92071     0.00000
     0.00000     0.00000     1.00000
           0           4          12           5
     6.96064    16.41566     9.65204
    -0.92071     0.39025     0.00000
    -0.39025    -0.92071     0.00000
     0.00000     0.00000     1.00000
           0           4          12           6
     6.96064    16.41566    16.02744
    -0.92071     0.39025     0.00000
    -0.39025    -0.92071     0.00000
     0.00000     0.00000     1.00000
           0           4          13           1
    -6.97861    16.41912    15.90819
     0.92071     0.39025     0.00000
     0.39025    -0.92071     0.00000
     0.00000    -0.00000    -1.00000
           0           4          13           2
    -6.97861    16.41912     9.53279
     0.92071     0.39025     0.00000
     0.39025    -0.92071     0.00000
     0.00000    -0.00000    -1.00000
           0           4          13           3
    -6.97861    16.41912     3.15739
     0.92071     0.39025     0.00000
     0.39025    -0.92071     0.00000
     0.00000    -0.00000    -1.00000
           0           4          13           4
    -6.97861    16.41912    -3.21801
     0.92071     0.39025     0.00000
     0.39025    -0.92071     0.00000
     0.00000    -0.00000    -1.00000
           0           4          13           5
    -6.97861    16.41912    -9.59341
     0.92071     0.39025     0.00000
     0.39025    -0.92071     0.00000
     0.00000    -0.00000    -1.00000
           0           4          13           6
    -6.97861    16.41912   -15.96881
     0.92071     0.39025     0.00000
     0.39025    -0.92071     0.00000
     0.00000    -0.00000    -1.00000
           0           4          14           1
    -9.48247    13.75030    15.90819
     0.82373     0.56698     0.00000
     0.56698    -0.82373     0.00000
     0.00000    -0.00000    -1.00000
           0           4          14           2
    -9.48247    13.75030     9.53279
     0.82373     0.56698     0.00000
     0.56698    -0.82373     0.00000
     0.00000    -0.00000    -1.00000
           0           4          14           3
    -9.48247    13.75030     3.15739
     0.82373     0.56698     0.00000
     0.56698    -0.82373     0.00000
     0.00000    -0.00000    -1.00000
           0           4          14           4
    -9.48247    13.75030    -3.21801
     0.82373     0.56698     0.00000
     0.56698    -0.82373     0.00000
     0.00000    -0.00000    -1.00000
           0           4          14           5
    -9.48247    13.75030    -9.59341
     0.82373     0.56698     0.00000
     0.56698    -0.82373     0.00000
     0.00000    -0.00000    -1.00000
           0           4          14           6
    -9.48247    13.75030   -15.96881
     0.82373     0.56698     0.00000
     0.56698    -0.82373     0.00000
     0.00000    -0.00000    -1.00000
           0           4          15           1
   -11.38717    10.61102    15.90819
     0.68225     0.73112     0.00000
     0.73112    -0.68225     0.00000
     0.00000    -0.00000    -1.00000
           0           4          15           2
   -11.38717    10.61102     9.53279
     0.68225     0.73112     0.00000
     0.73112    -0.68225     0.00000
     0.00000    -0.00000    -1.00000
           0           4          15           3
   -11.38717    10.61102     3.15739
     0.68225     0.73112     0.00000
     0.73112    -0.68225     0.00000
     0.00000    -0.00000    -1.00000
           0           4          15           4
   -11.38718    10.61102    -3.21801
     0.68225     0.73112     0.00000
     0.73112    -0.68225     0.00000
     0.00000    -0.00000    -1.00000
           0           4          15           5
   -11.38718    10.61102    -9.59341
     0.68225     0.73112     0.00000
     0.73112    -0.68225     0.00000
     0.00000    -0.00000    -1.00000
           0           4          15           6
   -11.38718    10.61102   -15.96881
     0.68225     0.73112     0.00000
     0.73112    -0.68225     0.00000
     0.00000    -0.00000    -1.00000
           0           4          16           1
   -15.30603     9.18147    15.90819
     0.51474     0.85735     0.00000
     0.85735    -0.51474     0.00000
     0.00000    -0.00000    -1.00000
           0           4          16           2
   -15.30603     9.18147     9.53279
     0.51474     0.85735     0.00000
     0.85735    -0.51474     0.00000
     0.00000    -0.00000    -1.00000
           0           4          16           3
   -15.30603     9.18147     3.15739
     0.51474     0.85735     0.00000
     0.85735    -0.51474     0.00000
     0.00000    -0.00000    -1.00000
           0           4          16           4
   -15.30603     9.18147    -3.21801
     0.51474     0.85735     0.00000
     0.85735    -0.51474     0.00000
     0.00000    -0.00000    -1.00000
           0           4          16           5
   -15.30604     9.18147    -9.59341
     0.51474     0.85735     0.00000
     0.85735    -0.51474     0.00000
     0.00000    -0.00000    -1.00000
           0           4          16           6
   -15.30604     9.18147   -15.96881
     0.51474     0.85735     0.00000
     0.85735    -0.51474     0.00000
     0.00000    -0.00000    -1.00000
           0           4          17           1
   -15.75984     5.55023    15.90819
     0.33233     0.94316     0.00000
     0.94316    -0.33233     0.00000
     0.00000    -0.00000    -1.00000
           0           4          17           2
   -15.75984     5.55023     9.53279
     0.33233     0.94316     0.00000
     0.94316    -0.33233     0.00000
     0.00000    -0.00000    -1.00000
           0           4          17           3
   -15.75984     5.55023     3.15739
     0.33233     0.94316     0.00000
     0.94316    -0.33233     0.00000
     0.00000    -0.00000    -1.00000
           0           4          17           4
   -15.75984     5.55023    -3.21801
     0.33233     0.94316     0.00000
     0.94316    -0.33233     0.00000
     0.00000    -0.00000    -1.00000
           0           4          17           5
   -15.75984     5.55023    -9.59341
     0.33233     0.94316     0.00000
     0.94316    -0.33233     0.00000
     0.00000    -0.00000    -1.00000
           0           4          17           6
   -15.75984     5.55023   -15.96881
     0.33233     0.94316     0.00000
     0.94316    -0.33233     0.00000
     0.00000    -0.00000    -1.00000
           0           4          18           1
   -15.45236     1.89121    15.90819
     0.12135     0.99261     0.00000
     0.99261    -0.12135     0.00000
     0.00000    -0.00000    -1.00000
           0           4          18           2
   -15.45236     1.89121     9.53279
     0.12135     0.99261     0.00000
     0.99261    -0.12135     0.00000
     0.00000    -0.00000    -1.00000
           0           4          18           3
   -15.45236     1.89121     3.15739
     0.12135     0.99261     0.00000
     0.99261    -0.12135     0.00000
     0.00000    -0.00000    -1.00000
           0           4          18           4
   -15.45236     1.89121    -3.21801
     0.12135     0.99261     0.00000
     0.99261    -0.12135     0.00000
     0.00000    -0.00000    -1.00000
           0           4          18           5
   -15.45236     1.89121    -9.59341
     0.12135     0.99261     0.00000
     0.99261    -0.12135     0.00000
     0.00000    -0.00000    -1.00000
           0           4          18           6
   -15.45236     1.89121   -15.96881
     0.12135     0.99261     0.00000
     0.99261    -0.12135     0.00000
     0.00000    -0.00000    -1.00000
           0           4          19           1
   -17.77950    -1.57080    15.90819
    -0.08837     0.99609    -0.00000
     0.99609     0.08837    -0.00000
    -0.00000    -0.00000    -1.00000
           0           4          19           2
   -17.77950    -1.57080     9.53279
    -0.08837     0.99609    -0.00000
     0.99609     0.08837    -0.00000
    -0.00000    -0.00000    -1.00000
           0           4          19           3
   -17.77950    -1.57080     3.15739
    -0.08837     0.99609    -0.00000
     0.99609     0.08837    -0.00000
    -0.00000    -0.00000    -1.00000
           0           4          19           4
   -17.77950    -1.57080    -3.21801
    -0.08837     0.99609    -0.00000
     0.99609     0.08837    -0.00000
    -0.00000    -0.00000    -1.00000
           0           4          19           5
   -17.77950    -1.57080    -9.59341
    -0.08837     0.99609    -0.00000
     0.99609     0.08837    -0.00000
    -0.00000    -0.00000    -1.00000
           0           4          19           6
   -17.77950    -1.57080   -15.96881
    -0.08837     0.99609    -0.00000
     0.99609     0.08837    -0.00000
    -0.00000    -0.00000    -1.00000
           0           4          20           1
   -16.00945    -4.77373    15.90819
    -0.28636     0.95812    -0.00000
     0.95812     0.28636    -0.00000
    -0.00000    -0.00000    -1.00000
           0           4          20           2
   -16.00945    -4.77373     9.53279
    -0.28636     0.95812    -0.00000
     0.95812     0.28636    -0.00000
    -0.00000    -0.00000    -1.00000
           0           4          20           3
   -16.00945    -4.77373     3.15739
    -0.28636     0.95812    -0.00000
     0.95812     0.28636    -0.00000
    -0.00000    -0.00000    -1.00000
           0           4          20           4
   -16.00945    -4.77373    -3.21801
    -0.28636     0.95812    -0.00000
     0.95812     0.28636    -0.00000
    -0.00000    -0.00000    -1.00000
           0           4          20           5
   -16.00945    -4.77373    -9.59341
    -0.28636     0.95812    -0.00000
     0.95812     0.28636    -0.00000
    -0.00000    -0.00000    -1.00000
           0           4          20           6
   -16.00945    -4.77373   -15.96881
    -0.28636     0.95812    -0.00000
     0.95812     0.28636    -0.00000
    -0.00000    -0.00000    -1.00000
           0           4          21           1
   -13.60755    -7.55112    15.90819
    -0.48603     0.87394    -0.00000
     0.87394     0.48603    -0.00000
    -0.00000    -0.00000    -1.00000
           0           4          21           2
   -13.60755    -7.55112     9.53279
    -0.48603     0.87394    -0.00000
     0.87394     0.48603    -0.00000
    -0.00000    -0.00000    -1.00000
           0           4          21           3
   -13.60755    -7.55112     3.15739
    -0.48603     0.87394    -0.00000
     0.87394     0.48603    -0.00000
    -0.00000    -0.00000    -1.00000
           0           4          21           4
   -13.60755    -7.55112    -3.21801
    -0.48603     0.87394    -0.00000
     0.87394     0.48603    -0.00000
    -0.00000    -0.00000    -1.00000
           0           4          21           5
   -13.60755    -7.55112    -9.59341
    -0.48603     0.87394    -0.00000
     0.87394     0.48603    -0.00000
    -0.00000    -0.00000    -1.00000
           0           4          21           6
   -13.60755    -7.55112   -15.96881
    -0.48603     0.87394    -0.00000
     0.87394     0.48603    -0.00000
    -0.00000    -0.00000    -1.00000
           0           4          22           1
   -13.45168   -11.71966    15.90819
    -0.65764     0.75333    -0.00000
     0.75333     0.65764    -0.00000
    -0.00000    -0.00000    -1.00000
           0           4          22           2
   -13.45168   -11.71966     9.53279
    -0.65764     0.75333    -0.00000
     0.75333     0.65764    -0.00000
    -0.00000    -0.00000    -1.00000
           0           4          22           3
   -13.45169   -11.71966     3.15739
    -0.65764     0.75333    -0.00000
     0.75333     0.65764    -0.00000
    -0.00000    -0.00000    -1.00000
           0           4          22           4
   -13.45169   -11.71966    -3.21801
    -0.65764     0.75333    -0.00000
     0.75333     0.65764    -0.00000
    -0.00000    -0.00000    -1.00000
           0           4          22           5
   -13.45169   -11.71966    -9.59341
    -0.65764     0.75333    -0.00000
     0.75333     0.65764    -0.00000
    -0.00000    -0.00000    -1.00000
           0           4          22           6
   -13.45169   -11.71966   -15.96881
    -0.65764     0.75333    -0.00000
     0.75333     0.65764    -0.00000
    -0.00000    -0.00000    -1.00000
           0           4          23           1
   -10.13569   -13.26759    15.90819
    -0.79537     0.60613    -0.00000
     0.60613     0.79537    -0.00000
    -0.00000    -0.00000    -1.00000
           0           4          23           2
   -10.13569   -13.26759     9.53279
    -0.79537     0.60613    -0.00000
     0.60613     0.79537    -0.00000
    -0.00000    -0.00000    -1.00000
           0           4          23           3
   -10.13569   -13.26759     3.15739
    -0.79537     0.60613    -0.00000
     0.60613     0.79537    -0.00000
    -0.00000    -0.00000    -1.00000
           0           4          23           4
   -10.13569   -13.26759    -3.21801
    -0.79537     0.60613    -0.00000
     0.60613     0.79537    -0.00000
    -0.00000    -0.00000    -1.00000
           0           4          23           5
   -10.13569   -13.26759    -9.59341
    -0.79537     0.60613    -0.00000
     0.60613     0.79537    -0.00000
    -0.00000    -0.00000    -1.00000
           0           4          23           6
   -10.13569   -13.26759   -15.96881
    -0.79537     0.60613    -0.00000
     0.60613     0.79537    -0.00000
    -0.00000    -0.00000    -1.00000
           0           4          24           1
    -6.55929   -14.09962    15.90819
    -0.90726     0.42056    -0.00000
     0.42056     0.90726    -0.00000
    -0.00000    -0.00000    -1.00000
           0           4          24           2
    -6.55929   -14.09962     9.53279
    -0.90726     0.42056    -0.00000
     0.42056     0.90726    -0.00000
    -0.00000    -0.00000    -1.00000
           0           4          24           3
    -6.55929   -14.09962     3.15739
    -0.90726     0.42056    -0.00000
     0.42056     0.90726    -0.00000
    -0.00000    -0.00000    -1.00000
           0           4          24           4
    -6.55929   -14.09962    -3.21801
    -0.90726     0.42056    -0.00000
     0.42056     0.90726    -0.00000
    -0.00000    -0.00000    -1.00000
           0           4          24           5
    -6.55929   -14.09962    -9.59341
    -0.90726     0.42056    -0.00000
     0.42056     0.90726    -0.00000
    -0.00000    -0.00000    -1.00000
           0           4          24           6
    -6.55929   -14.09962   -15.96881
    -0.90726     0.42056    -0.00000
     0.42056     0.90726    -0.00000
    -0.00000    -0.00000    -1.00000
