 SVX cage parameters:
     2.20000
     0.50000     0.20000
     0.00000
           6
   -40.00000   -26.50000   -26.50000    26.50000    26.50000    40.00000
    53.00000    53.00000    22.14782    22.14782    53.00000    53.00000
     0.00000     0.00000     0.00000
 SVX barrel parameters:
           4
     2.63000     5.19260    11.76500    16.68700     1.14100
     0.00000     0.00000     0.00000     0.00000
           4           4           5           6
     0.69600     0.69600     1.74500     1.74500
     0.01000     0.01000     0.03125     0.03125
     2.83600     2.83600     3.18770     3.18770
     0.01900     0.01900     0.00000     0.00000
     0.02000     0.02000     0.00000     0.00000
    26.70000    13.62600    17.00000    12.00000
   -13.00000   -12.98000     0.00000     0.00000
           2
           5           5
     0.00000   180.00000
           2
          10          10
     0.00000   180.00000
           2
           8           8
     0.00000   180.00000
           2
          12          12
     0.00000   180.00000
 SVX barrel sensor rotation matrices and translation vectors:
           0           1           1           1
     1.59496    -2.12459     8.68664
     0.63997     0.76840    -0.00000
    -0.76840     0.63997    -0.00000
    -0.00000     0.00000     1.00000
           0           1           1           2
     1.59496    -2.12459     2.99465
     0.63997     0.76840    -0.00000
    -0.76840     0.63997    -0.00000
    -0.00000     0.00000     1.00000
           0           1           1           3
     1.59496    -2.12459    -2.69737
     0.63997     0.76840    -0.00000
    -0.76840     0.63997    -0.00000
    -0.00000     0.00000     1.00000
           0           1           1           4
     1.59496    -2.12459    -8.38937
     0.63997     0.76840    -0.00000
    -0.76840     0.63997    -0.00000
    -0.00000     0.00000     1.00000
           0           1           2           1
     2.34957    -1.17925     8.68752
     0.22643     0.97403    -0.00000
    -0.97403     0.22643    -0.00000
    -0.00000     0.00000     1.00000
           0           1           2           2
     2.34957    -1.17925     2.99553
     0.22643     0.97403    -0.00000
    -0.97403     0.22643    -0.00000
    -0.00000     0.00000     1.00000
           0           1           2           3
     2.34957    -1.17925    -2.69648
     0.22643     0.97403    -0.00000
    -0.97403     0.22643    -0.00000
    -0.00000     0.00000     1.00000
           0           1           2           4
     2.34957    -1.17925    -8.38848
     0.22643     0.97403    -0.00000
    -0.97403     0.22643    -0.00000
    -0.00000     0.00000     1.00000
           0           1           3           1
     2.61482    -0.00305     8.67990
    -0.23542     0.97189     0.00000
    -0.97189    -0.23542     0.00000
     0.00000     0.00000     1.00000
           0           1           3           2
     2.61482    -0.00305     2.98791
    -0.23542     0.97189     0.00000
    -0.97189    -0.23542     0.00000
     0.00000     0.00000     1.00000
           0           1           3           3
     2.61482    -0.00305    -2.70410
    -0.23542     0.97189     0.00000
    -0.97189    -0.23542     0.00000
     0.00000     0.00000     1.00000
           0           1           3           4
     2.61482    -0.00305    -8.39610
    -0.23542     0.97189     0.00000
    -0.97189    -0.23542     0.00000
     0.00000     0.00000     1.00000
           0           1           4           1
     2.34771     1.18010     8.68635
    -0.64705     0.76245     0.00000
    -0.76245    -0.64705     0.00000
     0.00000     0.00000     1.00000
           0           1           4           2
     2.34771     1.18010     2.99436
    -0.64705     0.76245     0.00000
    -0.76245    -0.64705     0.00000
     0.00000     0.00000     1.00000
           0           1           4           3
     2.34771     1.18010    -2.69765
    -0.64705     0.76245     0.00000
    -0.76245    -0.64705     0.00000
     0.00000     0.00000     1.00000
           0           1           4           4
     2.34771     1.18010    -8.38965
    -0.64705     0.76245     0.00000
    -0.76245    -0.64705     0.00000
     0.00000     0.00000     1.00000
           0           1           5           1
     1.53767     2.07920     8.66973
    -0.92065     0.39038     0.00000
    -0.39038    -0.92065     0.00000
     0.00000     0.00000     1.00000
           0           1           5           2
     1.53767     2.07920     2.97774
    -0.92065     0.39038     0.00000
    -0.39038    -0.92065     0.00000
     0.00000     0.00000     1.00000
           0           1           5           3
     1.53767     2.07920    -2.71427
    -0.92065     0.39038     0.00000
    -0.39038    -0.92065     0.00000
     0.00000     0.00000     1.00000
           0           1           5           4
     1.53767     2.07920    -8.40627
    -0.92065     0.39038     0.00000
    -0.39038    -0.92065     0.00000
     0.00000     0.00000     1.00000
           0           1           6           1
    -1.54454     2.07979    -8.53679
     0.92057     0.39057     0.00000
     0.39057    -0.92057     0.00000
     0.00000    -0.00000    -1.00000
           0           1           6           2
    -1.54454     2.07979    -2.84479
     0.92057     0.39057     0.00000
     0.39057    -0.92057     0.00000
     0.00000    -0.00000    -1.00000
           0           1           6           3
    -1.54454     2.07979     2.84721
     0.92057     0.39057     0.00000
     0.39057    -0.92057     0.00000
     0.00000    -0.00000    -1.00000
           0           1           6           4
    -1.54454     2.07979     8.53921
     0.92057     0.39057     0.00000
     0.39057    -0.92057     0.00000
     0.00000    -0.00000    -1.00000
           0           1           7           1
    -2.33306     1.16848    -8.53577
     0.64688     0.76259     0.00000
     0.76259    -0.64688     0.00000
     0.00000    -0.00000    -1.00000
           0           1           7           2
    -2.33306     1.16848    -2.84377
     0.64688     0.76259     0.00000
     0.76259    -0.64688     0.00000
     0.00000    -0.00000    -1.00000
           0           1           7           3
    -2.33306     1.16848     2.84823
     0.64688     0.76259     0.00000
     0.76259    -0.64688     0.00000
     0.00000    -0.00000    -1.00000
           0           1           7           4
    -2.33306     1.16848     8.54023
     0.64688     0.76259     0.00000
     0.76259    -0.64688     0.00000
     0.00000    -0.00000    -1.00000
           0           1           8           1
    -2.64404     0.00452    -8.54669
     0.23520     0.97195    -0.00000
     0.97195    -0.23520    -0.00000
    -0.00000     0.00000    -1.00000
           0           1           8           2
    -2.64404     0.00452    -2.85469
     0.23520     0.97195    -0.00000
     0.97195    -0.23520    -0.00000
    -0.00000     0.00000    -1.00000
           0           1           8           3
    -2.64404     0.00452     2.83731
     0.23520     0.97195    -0.00000
     0.97195    -0.23520    -0.00000
    -0.00000     0.00000    -1.00000
           0           1           8           4
    -2.64404     0.00452     8.52931
     0.23520     0.97195    -0.00000
     0.97195    -0.23520    -0.00000
    -0.00000     0.00000    -1.00000
           0           1           9           1
    -2.36672    -1.17606    -8.52999
    -0.22663     0.97398    -0.00000
     0.97398     0.22663    -0.00000
    -0.00000    -0.00000    -1.00000
           0           1           9           2
    -2.36672    -1.17606    -2.83799
    -0.22663     0.97398    -0.00000
     0.97398     0.22663    -0.00000
    -0.00000    -0.00000    -1.00000
           0           1           9           3
    -2.36672    -1.17606     2.85401
    -0.22663     0.97398    -0.00000
     0.97398     0.22663    -0.00000
    -0.00000    -0.00000    -1.00000
           0           1           9           4
    -2.36672    -1.17606     8.54601
    -0.22663     0.97398    -0.00000
     0.97398     0.22663    -0.00000
    -0.00000    -0.00000    -1.00000
           0           1          10           1
    -1.62800    -2.13312    -8.52806
    -0.64010     0.76829    -0.00000
     0.76829     0.64010    -0.00000
    -0.00000    -0.00000    -1.00000
           0           1          10           2
    -1.62800    -2.13312    -2.83606
    -0.64010     0.76829    -0.00000
     0.76829     0.64010    -0.00000
    -0.00000    -0.00000    -1.00000
           0           1          10           3
    -1.62800    -2.13312     2.85594
    -0.64010     0.76829    -0.00000
     0.76829     0.64010    -0.00000
    -0.00000    -0.00000    -1.00000
           0           1          10           4
    -1.62800    -2.13312     8.54794
    -0.64010     0.76829    -0.00000
     0.76829     0.64010    -0.00000
    -0.00000    -0.00000    -1.00000
           0           2           1           1
     2.52869    -4.56054     8.68157
     0.74603     0.66591    -0.00000
    -0.66591     0.74603    -0.00000
    -0.00000     0.00000     1.00000
           0           2           1           2
     2.52869    -4.56054     2.98958
     0.74603     0.66591    -0.00000
    -0.66591     0.74603    -0.00000
    -0.00000     0.00000     1.00000
           0           2           1           3
     2.52869    -4.56054    -2.70242
     0.74603     0.66591    -0.00000
    -0.66591     0.74603    -0.00000
    -0.00000     0.00000     1.00000
           0           2           1           4
     2.52869    -4.56054    -8.39443
     0.74603     0.66591    -0.00000
    -0.66591     0.74603    -0.00000
    -0.00000     0.00000     1.00000
           0           2           2           1
     3.52369    -3.85079     8.68631
     0.56816     0.82292    -0.00000
    -0.82292     0.56816    -0.00000
    -0.00000     0.00000     1.00000
           0           2           2           2
     3.52369    -3.85079     2.99431
     0.56816     0.82292    -0.00000
    -0.82292     0.56816    -0.00000
    -0.00000     0.00000     1.00000
           0           2           2           3
     3.52369    -3.85079    -2.69769
     0.56816     0.82292    -0.00000
    -0.82292     0.56816    -0.00000
    -0.00000     0.00000     1.00000
           0           2           2           4
     3.52369    -3.85079    -8.38969
     0.56816     0.82292    -0.00000
    -0.82292     0.56816    -0.00000
    -0.00000     0.00000     1.00000
           0           2           3           1
     4.30291    -2.90503     8.67545
     0.35830     0.93361    -0.00000
    -0.93361     0.35830    -0.00000
    -0.00000     0.00000     1.00000
           0           2           3           2
     4.30291    -2.90503     2.98345
     0.35830     0.93361    -0.00000
    -0.93361     0.35830    -0.00000
    -0.00000     0.00000     1.00000
           0           2           3           3
     4.30291    -2.90503    -2.70855
     0.35830     0.93361    -0.00000
    -0.93361     0.35830    -0.00000
    -0.00000     0.00000     1.00000
           0           2           3           4
     4.30291    -2.90503    -8.40055
     0.35830     0.93361    -0.00000
    -0.93361     0.35830    -0.00000
    -0.00000     0.00000     1.00000
           0           2           4           1
     4.85391    -1.80968     8.67733
     0.12828     0.99174    -0.00000
    -0.99174     0.12828    -0.00000
    -0.00000     0.00000     1.00000
           0           2           4           2
     4.85391    -1.80968     2.98533
     0.12828     0.99174    -0.00000
    -0.99174     0.12828    -0.00000
    -0.00000     0.00000     1.00000
           0           2           4           3
     4.85391    -1.80968    -2.70667
     0.12828     0.99174    -0.00000
    -0.99174     0.12828    -0.00000
    -0.00000     0.00000     1.00000
           0           2           4           4
     4.85391    -1.80968    -8.39867
     0.12828     0.99174    -0.00000
    -0.99174     0.12828    -0.00000
    -0.00000     0.00000     1.00000
           0           2           5           1
     5.16153    -0.62192     8.67333
    -0.10898     0.99404     0.00000
    -0.99404    -0.10898     0.00000
     0.00000     0.00000     1.00000
           0           2           5           2
     5.16153    -0.62192     2.98133
    -0.10898     0.99404     0.00000
    -0.99404    -0.10898     0.00000
     0.00000     0.00000     1.00000
           0           2           5           3
     5.16153    -0.62192    -2.71067
    -0.10898     0.99404     0.00000
    -0.99404    -0.10898     0.00000
     0.00000     0.00000     1.00000
           0           2           5           4
     5.16153    -0.62192    -8.40268
    -0.10898     0.99404     0.00000
    -0.99404    -0.10898     0.00000
     0.00000     0.00000     1.00000
           0           2           6           1
     5.09498     0.59241     8.65804
    -0.34009     0.94039     0.00000
    -0.94039    -0.34009     0.00000
     0.00000     0.00000     1.00000
           0           2           6           2
     5.09498     0.59241     2.96604
    -0.34009     0.94039     0.00000
    -0.94039    -0.34009     0.00000
     0.00000     0.00000     1.00000
           0           2           6           3
     5.09498     0.59241    -2.72596
    -0.34009     0.94039     0.00000
    -0.94039    -0.34009     0.00000
     0.00000     0.00000     1.00000
           0           2           6           4
     5.09498     0.59241    -8.41796
    -0.34009     0.94039     0.00000
    -0.94039    -0.34009     0.00000
     0.00000     0.00000     1.00000
           0           2           7           1
     4.90439     1.81621     8.67757
    -0.55207     0.83380     0.00000
    -0.83380    -0.55207     0.00000
     0.00000     0.00000     1.00000
           0           2           7           2
     4.90439     1.81621     2.98557
    -0.55207     0.83380     0.00000
    -0.83380    -0.55207     0.00000
     0.00000     0.00000     1.00000
           0           2           7           3
     4.90439     1.81621    -2.70643
    -0.55207     0.83380     0.00000
    -0.83380    -0.55207     0.00000
     0.00000     0.00000     1.00000
           0           2           7           4
     4.90439     1.81621    -8.39843
    -0.55207     0.83380     0.00000
    -0.83380    -0.55207     0.00000
     0.00000     0.00000     1.00000
           0           2           8           1
     4.32555     2.89367     8.67446
    -0.73296     0.68028     0.00000
    -0.68028    -0.73296     0.00000
     0.00000     0.00000     1.00000
           0           2           8           2
     4.32555     2.89367     2.98246
    -0.73296     0.68028     0.00000
    -0.68028    -0.73296     0.00000
     0.00000     0.00000     1.00000
           0           2           8           3
     4.32555     2.89367    -2.70954
    -0.73296     0.68028     0.00000
    -0.68028    -0.73296     0.00000
     0.00000     0.00000     1.00000
           0           2           8           4
     4.32555     2.89367    -8.40154
    -0.73296     0.68028     0.00000
    -0.68028    -0.73296     0.00000
     0.00000     0.00000     1.00000
           0           2           9           1
     3.48701     3.79170     8.66161
    -0.87259     0.48846     0.00000
    -0.48846    -0.87259     0.00000
     0.00000     0.00000     1.00000
           0           2           9           2
     3.48701     3.79170     2.96961
    -0.87259     0.48846     0.00000
    -0.48846    -0.87259     0.00000
     0.00000     0.00000     1.00000
           0           2           9           3
     3.48701     3.79170    -2.72239
    -0.87259     0.48846     0.00000
    -0.48846    -0.87259     0.00000
     0.00000     0.00000     1.00000
           0           2           9           4
     3.48701     3.79170    -8.41439
    -0.87259     0.48846     0.00000
    -0.48846    -0.87259     0.00000
     0.00000     0.00000     1.00000
           0           2          10           1
     2.48906     4.49341     8.67242
    -0.96310     0.26914     0.00000
    -0.26914    -0.96310     0.00000
     0.00000     0.00000     1.00000
           0           2          10           2
     2.48906     4.49341     2.98042
    -0.96310     0.26914     0.00000
    -0.26914    -0.96310     0.00000
     0.00000     0.00000     1.00000
           0           2          10           3
     2.48906     4.49341    -2.71158
    -0.96310     0.26914     0.00000
    -0.26914    -0.96310     0.00000
     0.00000     0.00000     1.00000
           0           2          10           4
     2.48906     4.49341    -8.40358
    -0.96310     0.26914     0.00000
    -0.26914    -0.96310     0.00000
     0.00000     0.00000     1.00000
           0           2          11           1
    -2.47349     4.50222    -8.55083
     0.96361     0.26733     0.00000
     0.26733    -0.96361     0.00000
     0.00000    -0.00000    -1.00000
           0           2          11           2
    -2.47349     4.50222    -2.85883
     0.96361     0.26733     0.00000
     0.26733    -0.96361     0.00000
     0.00000    -0.00000    -1.00000
           0           2          11           3
    -2.47349     4.50222     2.83316
     0.96361     0.26733     0.00000
     0.26733    -0.96361     0.00000
     0.00000    -0.00000    -1.00000
           0           2          11           4
    -2.47349     4.50222     8.52517
     0.96361     0.26733     0.00000
     0.26733    -0.96361     0.00000
     0.00000    -0.00000    -1.00000
           0           2          12           1
    -3.51177     3.83693    -8.54709
     0.87351     0.48681     0.00000
     0.48681    -0.87351     0.00000
     0.00000    -0.00000    -1.00000
           0           2          12           2
    -3.51177     3.83693    -2.85509
     0.87351     0.48681     0.00000
     0.48681    -0.87351     0.00000
     0.00000    -0.00000    -1.00000
           0           2          12           3
    -3.51177     3.83693     2.83691
     0.87351     0.48681     0.00000
     0.48681    -0.87351     0.00000
     0.00000    -0.00000    -1.00000
           0           2          12           4
    -3.51177     3.83693     8.52891
     0.87351     0.48681     0.00000
     0.48681    -0.87351     0.00000
     0.00000    -0.00000    -1.00000
           0           2          13           1
    -4.29402     2.89079    -8.54961
     0.73423     0.67890     0.00000
     0.67890    -0.73423     0.00000
     0.00000    -0.00000    -1.00000
           0           2          13           2
    -4.29402     2.89079    -2.85761
     0.73423     0.67890     0.00000
     0.67890    -0.73423     0.00000
     0.00000    -0.00000    -1.00000
           0           2          13           3
    -4.29402     2.89079     2.83439
     0.73423     0.67890     0.00000
     0.67890    -0.73423     0.00000
     0.00000    -0.00000    -1.00000
           0           2          13           4
    -4.29402     2.89079     8.52639
     0.73423     0.67890     0.00000
     0.67890    -0.73423     0.00000
     0.00000    -0.00000    -1.00000
           0           2          14           1
    -4.84738     1.79993    -8.55031
     0.55362     0.83277     0.00000
     0.83277    -0.55362     0.00000
     0.00000    -0.00000    -1.00000
           0           2          14           2
    -4.84738     1.79993    -2.85831
     0.55362     0.83277     0.00000
     0.83277    -0.55362     0.00000
     0.00000    -0.00000    -1.00000
           0           2          14           3
    -4.84738     1.79993     2.83369
     0.55362     0.83277     0.00000
     0.83277    -0.55362     0.00000
     0.00000    -0.00000    -1.00000
           0           2          14           4
    -4.84738     1.79993     8.52569
     0.55362     0.83277     0.00000
     0.83277    -0.55362     0.00000
     0.00000    -0.00000    -1.00000
           0           2          15           1
    -5.19084     0.62150    -8.54848
     0.34185     0.93976    -0.00000
     0.93976    -0.34185    -0.00000
    -0.00000     0.00000    -1.00000
           0           2          15           2
    -5.19084     0.62150    -2.85648
     0.34185     0.93976    -0.00000
     0.93976    -0.34185    -0.00000
    -0.00000     0.00000    -1.00000
           0           2          15           3
    -5.19084     0.62150     2.83552
     0.34185     0.93976    -0.00000
     0.93976    -0.34185    -0.00000
    -0.00000     0.00000    -1.00000
           0           2          15           4
    -5.19084     0.62150     8.52752
     0.34185     0.93976    -0.00000
     0.93976    -0.34185    -0.00000
    -0.00000     0.00000    -1.00000
           0           2          16           1
    -5.16537    -0.60382    -8.54216
     0.11084     0.99384    -0.00000
     0.99384    -0.11084    -0.00000
    -0.00000     0.00000    -1.00000
           0           2          16           2
    -5.16537    -0.60382    -2.85016
     0.11084     0.99384    -0.00000
     0.99384    -0.11084    -0.00000
    -0.00000     0.00000    -1.00000
           0           2          16           3
    -5.16537    -0.60382     2.84184
     0.11084     0.99384    -0.00000
     0.99384    -0.11084    -0.00000
    -0.00000     0.00000    -1.00000
           0           2          16           4
    -5.16537    -0.60382     8.53384
     0.11084     0.99384    -0.00000
     0.99384    -0.11084    -0.00000
    -0.00000     0.00000    -1.00000
           0           2          17           1
    -4.86424    -1.79290    -8.54361
    -0.12642     0.99198    -0.00000
     0.99198     0.12642    -0.00000
    -0.00000    -0.00000    -1.00000
           0           2          17           2
    -4.86424    -1.79290    -2.85161
    -0.12642     0.99198    -0.00000
     0.99198     0.12642    -0.00000
    -0.00000    -0.00000    -1.00000
           0           2          17           3
    -4.86424    -1.79290     2.84039
    -0.12642     0.99198    -0.00000
     0.99198     0.12642    -0.00000
    -0.00000    -0.00000    -1.00000
           0           2          17           4
    -4.86424    -1.79290     8.53239
    -0.12642     0.99198    -0.00000
     0.99198     0.12642    -0.00000
    -0.00000    -0.00000    -1.00000
           0           2          18           1
    -4.32518    -2.89374    -8.54619
    -0.35655     0.93428    -0.00000
     0.93428     0.35655    -0.00000
    -0.00000    -0.00000    -1.00000
           0           2          18           2
    -4.32518    -2.89374    -2.85419
    -0.35655     0.93428    -0.00000
     0.93428     0.35655    -0.00000
    -0.00000    -0.00000    -1.00000
           0           2          18           3
    -4.32517    -2.89374     2.83781
    -0.35655     0.93428    -0.00000
     0.93428     0.35655    -0.00000
    -0.00000    -0.00000    -1.00000
           0           2          18           4
    -4.32517    -2.89374     8.52981
    -0.35655     0.93428    -0.00000
     0.93428     0.35655    -0.00000
    -0.00000    -0.00000    -1.00000
           0           2          19           1
    -3.55013    -3.84348    -8.53835
    -0.56662     0.82398    -0.00000
     0.82398     0.56662    -0.00000
    -0.00000    -0.00000    -1.00000
           0           2          19           2
    -3.55013    -3.84348    -2.84635
    -0.56662     0.82398    -0.00000
     0.82398     0.56662    -0.00000
    -0.00000    -0.00000    -1.00000
           0           2          19           3
    -3.55013    -3.84348     2.84565
    -0.56662     0.82398    -0.00000
     0.82398     0.56662    -0.00000
    -0.00000    -0.00000    -1.00000
           0           2          19           4
    -3.55013    -3.84348     8.53765
    -0.56662     0.82398    -0.00000
     0.82398     0.56662    -0.00000
    -0.00000    -0.00000    -1.00000
           0           2          20           1
    -2.57380    -4.57760    -8.53855
    -0.74478     0.66731    -0.00000
     0.66731     0.74478    -0.00000
    -0.00000    -0.00000    -1.00000
           0           2          20           2
    -2.57380    -4.57760    -2.84655
    -0.74478     0.66731    -0.00000
     0.66731     0.74478    -0.00000
    -0.00000    -0.00000    -1.00000
           0           2          20           3
    -2.57380    -4.57760     2.84545
    -0.74478     0.66731    -0.00000
     0.66731     0.74478    -0.00000
    -0.00000    -0.00000    -1.00000
           0           2          20           4
    -2.57380    -4.57760     8.53745
    -0.74478     0.66731    -0.00000
     0.66731     0.74478    -0.00000
    -0.00000    -0.00000    -1.00000
           0           3           1           1
     5.67223   -10.33905    12.84431
    -0.87814    -0.47840     0.00000
    -0.47840     0.87814     0.00000
    -0.00000     0.00000    -1.00000
           0           3           1           2
     5.67223   -10.33905     6.46891
    -0.87814    -0.47840     0.00000
    -0.47840     0.87814     0.00000
    -0.00000     0.00000    -1.00000
           0           3           1           3
     5.67223   -10.33905     0.09351
    -0.87814    -0.47840     0.00000
    -0.47840     0.87814     0.00000
    -0.00000     0.00000    -1.00000
           0           3           1           4
     5.67223   -10.33905    -6.28189
    -0.87814    -0.47840     0.00000
    -0.47840     0.87814     0.00000
    -0.00000     0.00000    -1.00000
           0           3           1           5
     5.67223   -10.33905   -12.65729
    -0.87814    -0.47840     0.00000
    -0.47840     0.87814     0.00000
    -0.00000     0.00000    -1.00000
           0           3           2           1
     7.57377    -7.15037    12.83468
    -0.68684    -0.72680     0.00000
    -0.72680     0.68684     0.00000
    -0.00000     0.00000    -1.00000
           0           3           2           2
     7.57377    -7.15037     6.45928
    -0.68684    -0.72680     0.00000
    -0.72680     0.68684     0.00000
    -0.00000     0.00000    -1.00000
           0           3           2           3
     7.57377    -7.15037     0.08388
    -0.68684    -0.72680     0.00000
    -0.72680     0.68684     0.00000
    -0.00000     0.00000    -1.00000
           0           3           2           4
     7.57377    -7.15037    -6.29152
    -0.68684    -0.72680     0.00000
    -0.72680     0.68684     0.00000
    -0.00000     0.00000    -1.00000
           0           3           2           5
     7.57377    -7.15037   -12.66692
    -0.68684    -0.72680     0.00000
    -0.72680     0.68684     0.00000
    -0.00000     0.00000    -1.00000
           0           3           3           1
    11.48905    -5.64894    12.83161
    -0.44180    -0.89711     0.00000
    -0.89711     0.44180     0.00000
    -0.00000     0.00000    -1.00000
           0           3           3           2
    11.48905    -5.64894     6.45621
    -0.44180    -0.89711     0.00000
    -0.89711     0.44180     0.00000
    -0.00000     0.00000    -1.00000
           0           3           3           3
    11.48904    -5.64894     0.08081
    -0.44180    -0.89711     0.00000
    -0.89711     0.44180     0.00000
    -0.00000     0.00000    -1.00000
           0           3           3           4
    11.48904    -5.64894    -6.29459
    -0.44180    -0.89711     0.00000
    -0.89711     0.44180     0.00000
    -0.00000     0.00000    -1.00000
           0           3           3           5
    11.48904    -5.64894   -12.66999
    -0.44180    -0.89711     0.00000
    -0.89711     0.44180     0.00000
    -0.00000     0.00000    -1.00000
           0           3           4           1
    11.55682    -2.06777    12.84915
    -0.17639    -0.98432     0.00000
    -0.98432     0.17639     0.00000
    -0.00000     0.00000    -1.00000
           0           3           4           2
    11.55682    -2.06777     6.47374
    -0.17639    -0.98432     0.00000
    -0.98432     0.17639     0.00000
    -0.00000     0.00000    -1.00000
           0           3           4           3
    11.55682    -2.06777     0.09834
    -0.17639    -0.98432     0.00000
    -0.98432     0.17639     0.00000
    -0.00000     0.00000    -1.00000
           0           3           4           4
    11.55682    -2.06777    -6.27706
    -0.17639    -0.98432     0.00000
    -0.98432     0.17639     0.00000
    -0.00000     0.00000    -1.00000
           0           3           4           5
    11.55682    -2.06777   -12.65246
    -0.17639    -0.98432     0.00000
    -0.98432     0.17639     0.00000
    -0.00000     0.00000    -1.00000
           0           3           5           1
    10.11392     1.39293    12.82067
     0.13709    -0.99056     0.00000
    -0.99056    -0.13709     0.00000
    -0.00000    -0.00000    -1.00000
           0           3           5           2
    10.11392     1.39293     6.44527
     0.13709    -0.99056     0.00000
    -0.99056    -0.13709     0.00000
    -0.00000    -0.00000    -1.00000
           0           3           5           3
    10.11392     1.39293     0.06987
     0.13709    -0.99056     0.00000
    -0.99056    -0.13709     0.00000
    -0.00000    -0.00000    -1.00000
           0           3           5           4
    10.11392     1.39293    -6.30553
     0.13709    -0.99056     0.00000
    -0.99056    -0.13709     0.00000
    -0.00000    -0.00000    -1.00000
           0           3           5           5
    10.11392     1.39293   -12.68093
     0.13709    -0.99056     0.00000
    -0.99056    -0.13709     0.00000
    -0.00000    -0.00000    -1.00000
           0           3           6           1
    11.73294     5.47472    12.87148
     0.42327    -0.90600     0.00000
    -0.90600    -0.42327     0.00000
    -0.00000    -0.00000    -1.00000
           0           3           6           2
    11.73294     5.47472     6.49608
     0.42327    -0.90600     0.00000
    -0.90600    -0.42327     0.00000
    -0.00000    -0.00000    -1.00000
           0           3           6           3
    11.73294     5.47472     0.12068
     0.42327    -0.90600     0.00000
    -0.90600    -0.42327     0.00000
    -0.00000    -0.00000    -1.00000
           0           3           6           4
    11.73294     5.47472    -6.25472
     0.42327    -0.90600     0.00000
    -0.90600    -0.42327     0.00000
    -0.00000    -0.00000    -1.00000
           0           3           6           5
    11.73294     5.47472   -12.63012
     0.42327    -0.90600     0.00000
    -0.90600    -0.42327     0.00000
    -0.00000    -0.00000    -1.00000
           0           3           7           1
     8.86769     7.69243    12.85205
     0.65738    -0.75356     0.00000
    -0.75356    -0.65738     0.00000
    -0.00000    -0.00000    -1.00000
           0           3           7           2
     8.86769     7.69243     6.47665
     0.65738    -0.75356     0.00000
    -0.75356    -0.65738     0.00000
    -0.00000    -0.00000    -1.00000
           0           3           7           3
     8.86769     7.69243     0.10124
     0.65738    -0.75356     0.00000
    -0.75356    -0.65738     0.00000
    -0.00000    -0.00000    -1.00000
           0           3           7           4
     8.86769     7.69243    -6.27416
     0.65738    -0.75356     0.00000
    -0.75356    -0.65738     0.00000
    -0.00000    -0.00000    -1.00000
           0           3           7           5
     8.86769     7.69243   -12.64955
     0.65738    -0.75356     0.00000
    -0.75356    -0.65738     0.00000
    -0.00000    -0.00000    -1.00000
           0           3           8           1
     5.32703     8.86953    12.84286
     0.85842    -0.51295     0.00000
    -0.51295    -0.85842     0.00000
    -0.00000    -0.00000    -1.00000
           0           3           8           2
     5.32703     8.86953     6.46746
     0.85842    -0.51295     0.00000
    -0.51295    -0.85842     0.00000
    -0.00000    -0.00000    -1.00000
           0           3           8           3
     5.32703     8.86953     0.09206
     0.85842    -0.51295     0.00000
    -0.51295    -0.85842     0.00000
    -0.00000    -0.00000    -1.00000
           0           3           8           4
     5.32703     8.86953    -6.28334
     0.85842    -0.51295     0.00000
    -0.51295    -0.85842     0.00000
    -0.00000    -0.00000    -1.00000
           0           3           8           5
     5.32703     8.86953   -12.65874
     0.85842    -0.51295     0.00000
    -0.51295    -0.85842     0.00000
    -0.00000    -0.00000    -1.00000
           0           3           9           1
    -5.32407     8.90148   -12.79836
    -0.85793    -0.51376     0.00000
     0.51376    -0.85793     0.00000
    -0.00000     0.00000     1.00000
           0           3           9           2
    -5.32407     8.90148    -6.42296
    -0.85793    -0.51376     0.00000
     0.51376    -0.85793     0.00000
    -0.00000     0.00000     1.00000
           0           3           9           3
    -5.32407     8.90148    -0.04755
    -0.85793    -0.51376     0.00000
     0.51376    -0.85793     0.00000
    -0.00000     0.00000     1.00000
           0           3           9           4
    -5.32407     8.90148     6.32785
    -0.85793    -0.51376     0.00000
     0.51376    -0.85793     0.00000
    -0.00000     0.00000     1.00000
           0           3           9           5
    -5.32407     8.90148    12.70325
    -0.85793    -0.51376     0.00000
     0.51376    -0.85793     0.00000
    -0.00000     0.00000     1.00000
           0           3          10           1
    -8.83185     7.71590   -12.77222
    -0.65675    -0.75411    -0.00000
     0.75411    -0.65675    -0.00000
     0.00000    -0.00000     1.00000
           0           3          10           2
    -8.83185     7.71590    -6.39682
    -0.65675    -0.75411    -0.00000
     0.75411    -0.65675    -0.00000
     0.00000    -0.00000     1.00000
           0           3          10           3
    -8.83185     7.71590    -0.02142
    -0.65675    -0.75411    -0.00000
     0.75411    -0.65675    -0.00000
     0.00000    -0.00000     1.00000
           0           3          10           4
    -8.83185     7.71590     6.35398
    -0.65675    -0.75411    -0.00000
     0.75411    -0.65675    -0.00000
     0.00000    -0.00000     1.00000
           0           3          10           5
    -8.83185     7.71590    12.72938
    -0.65675    -0.75411    -0.00000
     0.75411    -0.65675    -0.00000
     0.00000    -0.00000     1.00000
           0           3          11           1
   -11.61244     5.43890   -12.78160
    -0.42258    -0.90633    -0.00000
     0.90633    -0.42258    -0.00000
     0.00000    -0.00000     1.00000
           0           3          11           2
   -11.61244     5.43890    -6.40620
    -0.42258    -0.90633    -0.00000
     0.90633    -0.42258    -0.00000
     0.00000    -0.00000     1.00000
           0           3          11           3
   -11.61244     5.43890    -0.03080
    -0.42258    -0.90633    -0.00000
     0.90633    -0.42258    -0.00000
     0.00000    -0.00000     1.00000
           0           3          11           4
   -11.61244     5.43890     6.34460
    -0.42258    -0.90633    -0.00000
     0.90633    -0.42258    -0.00000
     0.00000    -0.00000     1.00000
           0           3          11           5
   -11.61244     5.43890    12.72000
    -0.42258    -0.90633    -0.00000
     0.90633    -0.42258    -0.00000
     0.00000    -0.00000     1.00000
           0           3          12           1
   -10.28577     1.43259   -12.76569
    -0.13615    -0.99069    -0.00000
     0.99069    -0.13615    -0.00000
     0.00000    -0.00000     1.00000
           0           3          12           2
   -10.28577     1.43259    -6.39029
    -0.13615    -0.99069    -0.00000
     0.99069    -0.13615    -0.00000
     0.00000    -0.00000     1.00000
           0           3          12           3
   -10.28577     1.43259    -0.01489
    -0.13615    -0.99069    -0.00000
     0.99069    -0.13615    -0.00000
     0.00000    -0.00000     1.00000
           0           3          12           4
   -10.28577     1.43259     6.36051
    -0.13615    -0.99069    -0.00000
     0.99069    -0.13615    -0.00000
     0.00000    -0.00000     1.00000
           0           3          12           5
   -10.28577     1.43259    12.73591
    -0.13615    -0.99069    -0.00000
     0.99069    -0.13615    -0.00000
     0.00000    -0.00000     1.00000
           0           3          13           1
   -11.49643    -2.02259   -12.77377
     0.17722    -0.98417    -0.00000
     0.98417     0.17722    -0.00000
     0.00000     0.00000     1.00000
           0           3          13           2
   -11.49643    -2.02259    -6.39837
     0.17722    -0.98417    -0.00000
     0.98417     0.17722    -0.00000
     0.00000     0.00000     1.00000
           0           3          13           3
   -11.49643    -2.02259    -0.02297
     0.17722    -0.98417    -0.00000
     0.98417     0.17722    -0.00000
     0.00000     0.00000     1.00000
           0           3          13           4
   -11.49643    -2.02259     6.35243
     0.17722    -0.98417    -0.00000
     0.98417     0.17722    -0.00000
     0.00000     0.00000     1.00000
           0           3          13           5
   -11.49643    -2.02259    12.72783
     0.17722    -0.98417    -0.00000
     0.98417     0.17722    -0.00000
     0.00000     0.00000     1.00000
           0           3          14           1
   -11.50777    -5.62925   -12.80091
     0.44248    -0.89678    -0.00000
     0.89678     0.44248    -0.00000
     0.00000     0.00000     1.00000
           0           3          14           2
   -11.50777    -5.62925    -6.42551
     0.44248    -0.89678    -0.00000
     0.89678     0.44248    -0.00000
     0.00000     0.00000     1.00000
           0           3          14           3
   -11.50777    -5.62925    -0.05011
     0.44248    -0.89678    -0.00000
     0.89678     0.44248    -0.00000
     0.00000     0.00000     1.00000
           0           3          14           4
   -11.50777    -5.62925     6.32529
     0.44248    -0.89678    -0.00000
     0.89678     0.44248    -0.00000
     0.00000     0.00000     1.00000
           0           3          14           5
   -11.50777    -5.62925    12.70069
     0.44248    -0.89678    -0.00000
     0.89678     0.44248    -0.00000
     0.00000     0.00000     1.00000
           0           3          15           1
    -7.52274    -7.07544   -12.77447
     0.68754    -0.72615    -0.00000
     0.72615     0.68754    -0.00000
     0.00000     0.00000     1.00000
           0           3          15           2
    -7.52274    -7.07544    -6.39907
     0.68754    -0.72615    -0.00000
     0.72615     0.68754    -0.00000
     0.00000     0.00000     1.00000
           0           3          15           3
    -7.52274    -7.07544    -0.02367
     0.68754    -0.72615    -0.00000
     0.72615     0.68754    -0.00000
     0.00000     0.00000     1.00000
           0           3          15           4
    -7.52274    -7.07544     6.35173
     0.68754    -0.72615    -0.00000
     0.72615     0.68754    -0.00000
     0.00000     0.00000     1.00000
           0           3          15           5
    -7.52274    -7.07544    12.72713
     0.68754    -0.72615    -0.00000
     0.72615     0.68754    -0.00000
     0.00000     0.00000     1.00000
           0           3          16           1
    -5.75520   -10.40130   -12.76680
     0.87855    -0.47766    -0.00000
     0.47766     0.87855    -0.00000
     0.00000     0.00000     1.00000
           0           3          16           2
    -5.75520   -10.40130    -6.39140
     0.87855    -0.47766    -0.00000
     0.47766     0.87855    -0.00000
     0.00000     0.00000     1.00000
           0           3          16           3
    -5.75520   -10.40130    -0.01600
     0.87855    -0.47766    -0.00000
     0.47766     0.87855    -0.00000
     0.00000     0.00000     1.00000
           0           3          16           4
    -5.75520   -10.40130     6.35940
     0.87855    -0.47766    -0.00000
     0.47766     0.87855    -0.00000
     0.00000     0.00000     1.00000
           0           3          16           5
    -5.75520   -10.40130    12.73480
     0.87855    -0.47766    -0.00000
     0.47766     0.87855    -0.00000
     0.00000     0.00000     1.00000
           0           4           1           1
     6.58060   -14.06757   -15.84948
     0.90741     0.42024    -0.00000
    -0.42024     0.90741    -0.00000
    -0.00000     0.00000     1.00000
           0           4           1           2
     6.58060   -14.06757    -9.47408
     0.90741     0.42024    -0.00000
    -0.42024     0.90741    -0.00000
    -0.00000     0.00000     1.00000
           0           4           1           3
     6.58060   -14.06757    -3.09868
     0.90741     0.42024    -0.00000
    -0.42024     0.90741    -0.00000
    -0.00000     0.00000     1.00000
           0           4           1           4
     6.58060   -14.06757     3.27672
     0.90741     0.42024    -0.00000
    -0.42024     0.90741    -0.00000
    -0.00000     0.00000     1.00000
           0           4           1           5
     6.58060   -14.06757     9.65212
     0.90741     0.42024    -0.00000
    -0.42024     0.90741    -0.00000
    -0.00000     0.00000     1.00000
           0           4           1           6
     6.58060   -14.06757    16.02752
     0.90741     0.42024    -0.00000
    -0.42024     0.90741    -0.00000
    -0.00000     0.00000     1.00000
           0           4           2           1
    10.22573   -13.35871   -15.87336
     0.79558     0.60585    -0.00000
    -0.60585     0.79558    -0.00000
    -0.00000     0.00000     1.00000
           0           4           2           2
    10.22573   -13.35871    -9.49796
     0.79558     0.60585    -0.00000
    -0.60585     0.79558    -0.00000
    -0.00000     0.00000     1.00000
           0           4           2           3
    10.22573   -13.35871    -3.12256
     0.79558     0.60585    -0.00000
    -0.60585     0.79558    -0.00000
    -0.00000     0.00000     1.00000
           0           4           2           4
    10.22573   -13.35871     3.25284
     0.79558     0.60585    -0.00000
    -0.60585     0.79558    -0.00000
    -0.00000     0.00000     1.00000
           0           4           2           5
    10.22573   -13.35871     9.62824
     0.79558     0.60585    -0.00000
    -0.60585     0.79558    -0.00000
    -0.00000     0.00000     1.00000
           0           4           2           6
    10.22573   -13.35871    16.00364
     0.79558     0.60585    -0.00000
    -0.60585     0.79558    -0.00000
    -0.00000     0.00000     1.00000
           0           4           3           1
    13.48609   -11.73948   -15.82335
     0.65788     0.75312    -0.00000
    -0.75312     0.65788    -0.00000
    -0.00000     0.00000     1.00000
           0           4           3           2
    13.48609   -11.73948    -9.44795
     0.65788     0.75312    -0.00000
    -0.75312     0.65788    -0.00000
    -0.00000     0.00000     1.00000
           0           4           3           3
    13.48609   -11.73948    -3.07255
     0.65788     0.75312    -0.00000
    -0.75312     0.65788    -0.00000
    -0.00000     0.00000     1.00000
           0           4           3           4
    13.48609   -11.73948     3.30285
     0.65788     0.75312    -0.00000
    -0.75312     0.65788    -0.00000
    -0.00000     0.00000     1.00000
           0           4           3           5
    13.48609   -11.73948     9.67825
     0.65788     0.75312    -0.00000
    -0.75312     0.65788    -0.00000
    -0.00000     0.00000     1.00000
           0           4           3           6
    13.48609   -11.73948    16.05365
     0.65788     0.75312    -0.00000
    -0.75312     0.65788    -0.00000
    -0.00000     0.00000     1.00000
           0           4           4           1
    13.48930    -7.48978   -15.86390
     0.48635     0.87377     0.00000
    -0.87377     0.48635     0.00000
     0.00000    -0.00000     1.00000
           0           4           4           2
    13.48930    -7.48978    -9.48850
     0.48635     0.87377     0.00000
    -0.87377     0.48635     0.00000
     0.00000    -0.00000     1.00000
           0           4           4           3
    13.48930    -7.48978    -3.11310
     0.48635     0.87377     0.00000
    -0.87377     0.48635     0.00000
     0.00000    -0.00000     1.00000
           0           4           4           4
    13.48930    -7.48978     3.26230
     0.48635     0.87377     0.00000
    -0.87377     0.48635     0.00000
     0.00000    -0.00000     1.00000
           0           4           4           5
    13.48930    -7.48978     9.63770
     0.48635     0.87377     0.00000
    -0.87377     0.48635     0.00000
     0.00000    -0.00000     1.00000
           0           4           4           6
    13.48930    -7.48978    16.01310
     0.48635     0.87377     0.00000
    -0.87377     0.48635     0.00000
     0.00000    -0.00000     1.00000
           0           4           5           1
    15.94608    -4.74969   -15.85104
     0.28669     0.95802     0.00000
    -0.95802     0.28669     0.00000
     0.00000    -0.00000     1.00000
           0           4           5           2
    15.94608    -4.74969    -9.47564
     0.28669     0.95802     0.00000
    -0.95802     0.28669     0.00000
     0.00000    -0.00000     1.00000
           0           4           5           3
    15.94608    -4.74969    -3.10024
     0.28669     0.95802     0.00000
    -0.95802     0.28669     0.00000
     0.00000    -0.00000     1.00000
           0           4           5           4
    15.94608    -4.74969     3.27516
     0.28669     0.95802     0.00000
    -0.95802     0.28669     0.00000
     0.00000    -0.00000     1.00000
           0           4           5           5
    15.94608    -4.74969     9.65056
     0.28669     0.95802     0.00000
    -0.95802     0.28669     0.00000
     0.00000    -0.00000     1.00000
           0           4           5           6
    15.94608    -4.74969    16.02596
     0.28669     0.95802     0.00000
    -0.95802     0.28669     0.00000
     0.00000    -0.00000     1.00000
           0           4           6           1
    17.86015    -1.57368   -15.84098
     0.08869     0.99606     0.00000
    -0.99606     0.08869     0.00000
     0.00000    -0.00000     1.00000
           0           4           6           2
    17.86015    -1.57368    -9.46558
     0.08869     0.99606     0.00000
    -0.99606     0.08869     0.00000
     0.00000    -0.00000     1.00000
           0           4           6           3
    17.86015    -1.57368    -3.09018
     0.08869     0.99606     0.00000
    -0.99606     0.08869     0.00000
     0.00000    -0.00000     1.00000
           0           4           6           4
    17.86015    -1.57368     3.28522
     0.08869     0.99606     0.00000
    -0.99606     0.08869     0.00000
     0.00000    -0.00000     1.00000
           0           4           6           5
    17.86015    -1.57368     9.66062
     0.08869     0.99606     0.00000
    -0.99606     0.08869     0.00000
     0.00000    -0.00000     1.00000
           0           4           6           6
    17.86015    -1.57368    16.03602
     0.08869     0.99606     0.00000
    -0.99606     0.08869     0.00000
     0.00000    -0.00000     1.00000
           0           4           7           1
    15.11208     1.84297   -15.89452
    -0.12099     0.99265     0.00000
    -0.99265    -0.12099     0.00000
     0.00000     0.00000     1.00000
           0           4           7           2
    15.11208     1.84297    -9.51912
    -0.12099     0.99265     0.00000
    -0.99265    -0.12099     0.00000
     0.00000     0.00000     1.00000
           0           4           7           3
    15.11208     1.84297    -3.14372
    -0.12099     0.99265     0.00000
    -0.99265    -0.12099     0.00000
     0.00000     0.00000     1.00000
           0           4           7           4
    15.11208     1.84297     3.23168
    -0.12099     0.99265     0.00000
    -0.99265    -0.12099     0.00000
     0.00000     0.00000     1.00000
           0           4           7           5
    15.11208     1.84297     9.60708
    -0.12099     0.99265     0.00000
    -0.99265    -0.12099     0.00000
     0.00000     0.00000     1.00000
           0           4           7           6
    15.11208     1.84297    15.98248
    -0.12099     0.99265     0.00000
    -0.99265    -0.12099     0.00000
     0.00000     0.00000     1.00000
           0           4           8           1
    15.84835     5.60055   -15.81910
    -0.33201     0.94328     0.00000
    -0.94328    -0.33201     0.00000
     0.00000     0.00000     1.00000
           0           4           8           2
    15.84835     5.60055    -9.44370
    -0.33201     0.94328     0.00000
    -0.94328    -0.33201     0.00000
     0.00000     0.00000     1.00000
           0           4           8           3
    15.84835     5.60055    -3.06830
    -0.33201     0.94328     0.00000
    -0.94328    -0.33201     0.00000
     0.00000     0.00000     1.00000
           0           4           8           4
    15.84835     5.60055     3.30710
    -0.33201     0.94328     0.00000
    -0.94328    -0.33201     0.00000
     0.00000     0.00000     1.00000
           0           4           8           5
    15.84835     5.60055     9.68250
    -0.33201     0.94328     0.00000
    -0.94328    -0.33201     0.00000
     0.00000     0.00000     1.00000
           0           4           8           6
    15.84835     5.60055    16.05790
    -0.33201     0.94328     0.00000
    -0.94328    -0.33201     0.00000
     0.00000     0.00000     1.00000
           0           4           9           1
    15.48877     9.29024   -15.81257
    -0.51447     0.85751     0.00000
    -0.85751    -0.51447     0.00000
     0.00000     0.00000     1.00000
           0           4           9           2
    15.48877     9.29024    -9.43717
    -0.51447     0.85751     0.00000
    -0.85751    -0.51447     0.00000
     0.00000     0.00000     1.00000
           0           4           9           3
    15.48877     9.29024    -3.06177
    -0.51447     0.85751     0.00000
    -0.85751    -0.51447     0.00000
     0.00000     0.00000     1.00000
           0           4           9           4
    15.48877     9.29024     3.31363
    -0.51447     0.85751     0.00000
    -0.85751    -0.51447     0.00000
     0.00000     0.00000     1.00000
           0           4           9           5
    15.48877     9.29024     9.68903
    -0.51447     0.85751     0.00000
    -0.85751    -0.51447     0.00000
     0.00000     0.00000     1.00000
           0           4           9           6
    15.48877     9.29024    16.06443
    -0.51447     0.85751     0.00000
    -0.85751    -0.51447     0.00000
     0.00000     0.00000     1.00000
           0           4          10           1
    11.31004    10.49415   -15.86883
    -0.68198     0.73137     0.00000
    -0.73137    -0.68198     0.00000
     0.00000     0.00000     1.00000
           0           4          10           2
    11.31004    10.49415    -9.49343
    -0.68198     0.73137     0.00000
    -0.73137    -0.68198     0.00000
     0.00000     0.00000     1.00000
           0           4          10           3
    11.31004    10.49415    -3.11803
    -0.68198     0.73137     0.00000
    -0.73137    -0.68198     0.00000
     0.00000     0.00000     1.00000
           0           4          10           4
    11.31004    10.49415     3.25737
    -0.68198     0.73137     0.00000
    -0.73137    -0.68198     0.00000
     0.00000     0.00000     1.00000
           0           4          10           5
    11.31004    10.49415     9.63277
    -0.68198     0.73137     0.00000
    -0.73137    -0.68198     0.00000
     0.00000     0.00000     1.00000
           0           4          10           6
    11.31004    10.49415    16.00817
    -0.68198     0.73137     0.00000
    -0.73137    -0.68198     0.00000
     0.00000     0.00000     1.00000
           0           4          11           1
     9.47080    13.75518   -15.85422
    -0.82354     0.56726     0.00000
    -0.56726    -0.82354     0.00000
     0.00000     0.00000     1.00000
           0           4          11           2
     9.47080    13.75518    -9.47882
    -0.82354     0.56726     0.00000
    -0.56726    -0.82354     0.00000
     0.00000     0.00000     1.00000
           0           4          11           3
     9.47080    13.75518    -3.10342
    -0.82354     0.56726     0.00000
    -0.56726    -0.82354     0.00000
     0.00000     0.00000     1.00000
           0           4          11           4
     9.47080    13.75518     3.27198
    -0.82354     0.56726     0.00000
    -0.56726    -0.82354     0.00000
     0.00000     0.00000     1.00000
           0           4          11           5
     9.47080    13.75518     9.64738
    -0.82354     0.56726     0.00000
    -0.56726    -0.82354     0.00000
     0.00000     0.00000     1.00000
           0           4          11           6
     9.47080    13.75518    16.02278
    -0.82354     0.56726     0.00000
    -0.56726    -0.82354     0.00000
     0.00000     0.00000     1.00000
           0           4          12           1
     7.07486    16.56966   -15.84511
    -0.92058     0.39055     0.00000
    -0.39055    -0.92058     0.00000
     0.00000     0.00000     1.00000
           0           4          12           2
     7.07486    16.56966    -9.46971
    -0.92058     0.39055     0.00000
    -0.39055    -0.92058     0.00000
     0.00000     0.00000     1.00000
           0           4          12           3
     7.07486    16.56966    -3.09431
    -0.92058     0.39055     0.00000
    -0.39055    -0.92058     0.00000
     0.00000     0.00000     1.00000
           0           4          12           4
     7.07486    16.56966     3.28109
    -0.92058     0.39055     0.00000
    -0.39055    -0.92058     0.00000
     0.00000     0.00000     1.00000
           0           4          12           5
     7.07486    16.56966     9.65649
    -0.92058     0.39055     0.00000
    -0.39055    -0.92058     0.00000
     0.00000     0.00000     1.00000
           0           4          12           6
     7.07486    16.56966    16.03189
    -0.92058     0.39055     0.00000
    -0.39055    -0.92058     0.00000
     0.00000     0.00000     1.00000
           0           4          13           1
    -7.27149    16.71836    15.90624
     0.92067     0.39035     0.00000
     0.39035    -0.92067     0.00000
     0.00000    -0.00000    -1.00000
           0           4          13           2
    -7.27149    16.71836     9.53084
     0.92067     0.39035     0.00000
     0.39035    -0.92067     0.00000
     0.00000    -0.00000    -1.00000
           0           4          13           3
    -7.27149    16.71836     3.15544
     0.92067     0.39035     0.00000
     0.39035    -0.92067     0.00000
     0.00000    -0.00000    -1.00000
           0           4          13           4
    -7.27149    16.71836    -3.21996
     0.92067     0.39035     0.00000
     0.39035    -0.92067     0.00000
     0.00000    -0.00000    -1.00000
           0           4          13           5
    -7.27149    16.71836    -9.59536
     0.92067     0.39035     0.00000
     0.39035    -0.92067     0.00000
     0.00000    -0.00000    -1.00000
           0           4          13           6
    -7.27149    16.71836   -15.97076
     0.92067     0.39035     0.00000
     0.39035    -0.92067     0.00000
     0.00000    -0.00000    -1.00000
           0           4          14           1
    -9.49011    13.74746    15.88251
     0.82367     0.56707     0.00000
     0.56707    -0.82367     0.00000
     0.00000    -0.00000    -1.00000
           0           4          14           2
    -9.49011    13.74746     9.50712
     0.82367     0.56707     0.00000
     0.56707    -0.82367     0.00000
     0.00000    -0.00000    -1.00000
           0           4          14           3
    -9.49011    13.74746     3.13171
     0.82367     0.56707     0.00000
     0.56707    -0.82367     0.00000
     0.00000    -0.00000    -1.00000
           0           4          14           4
    -9.49011    13.74746    -3.24369
     0.82367     0.56707     0.00000
     0.56707    -0.82367     0.00000
     0.00000    -0.00000    -1.00000
           0           4          14           5
    -9.49011    13.74746    -9.61909
     0.82367     0.56707     0.00000
     0.56707    -0.82367     0.00000
     0.00000    -0.00000    -1.00000
           0           4          14           6
    -9.49011    13.74746   -15.99448
     0.82367     0.56707     0.00000
     0.56707    -0.82367     0.00000
     0.00000    -0.00000    -1.00000
           0           4          15           1
   -11.26477    10.49853    15.90565
     0.68216     0.73120     0.00000
     0.73120    -0.68216     0.00000
     0.00000    -0.00000    -1.00000
           0           4          15           2
   -11.26477    10.49853     9.53026
     0.68216     0.73120     0.00000
     0.73120    -0.68216     0.00000
     0.00000    -0.00000    -1.00000
           0           4          15           3
   -11.26477    10.49853     3.15486
     0.68216     0.73120     0.00000
     0.73120    -0.68216     0.00000
     0.00000    -0.00000    -1.00000
           0           4          15           4
   -11.26478    10.49853    -3.22054
     0.68216     0.73120     0.00000
     0.73120    -0.68216     0.00000
     0.00000    -0.00000    -1.00000
           0           4          15           5
   -11.26478    10.49853    -9.59593
     0.68216     0.73120     0.00000
     0.73120    -0.68216     0.00000
     0.00000    -0.00000    -1.00000
           0           4          15           6
   -11.26478    10.49853   -15.97134
     0.68216     0.73120     0.00000
     0.73120    -0.68216     0.00000
     0.00000    -0.00000    -1.00000
           0           4          16           1
   -15.39669     9.23813    15.91129
     0.51464     0.85740     0.00000
     0.85740    -0.51464     0.00000
     0.00000    -0.00000    -1.00000
           0           4          16           2
   -15.39669     9.23813     9.53589
     0.51464     0.85740     0.00000
     0.85740    -0.51464     0.00000
     0.00000    -0.00000    -1.00000
           0           4          16           3
   -15.39669     9.23813     3.16049
     0.51464     0.85740     0.00000
     0.85740    -0.51464     0.00000
     0.00000    -0.00000    -1.00000
           0           4          16           4
   -15.39669     9.23813    -3.21491
     0.51464     0.85740     0.00000
     0.85740    -0.51464     0.00000
     0.00000    -0.00000    -1.00000
           0           4          16           5
   -15.39670     9.23813    -9.59031
     0.51464     0.85740     0.00000
     0.85740    -0.51464     0.00000
     0.00000    -0.00000    -1.00000
           0           4          16           6
   -15.39670     9.23813   -15.96571
     0.51464     0.85740     0.00000
     0.85740    -0.51464     0.00000
     0.00000    -0.00000    -1.00000
           0           4          17           1
   -15.76675     5.54641    15.88339
     0.33222     0.94320     0.00000
     0.94320    -0.33222     0.00000
     0.00000    -0.00000    -1.00000
           0           4          17           2
   -15.76675     5.54641     9.50799
     0.33222     0.94320     0.00000
     0.94320    -0.33222     0.00000
     0.00000    -0.00000    -1.00000
           0           4          17           3
   -15.76675     5.54641     3.13259
     0.33222     0.94320     0.00000
     0.94320    -0.33222     0.00000
     0.00000    -0.00000    -1.00000
           0           4          17           4
   -15.76675     5.54641    -3.24281
     0.33222     0.94320     0.00000
     0.94320    -0.33222     0.00000
     0.00000    -0.00000    -1.00000
           0           4          17           5
   -15.76675     5.54641    -9.61821
     0.33222     0.94320     0.00000
     0.94320    -0.33222     0.00000
     0.00000    -0.00000    -1.00000
           0           4          17           6
   -15.76675     5.54641   -15.99361
     0.33222     0.94320     0.00000
     0.94320    -0.33222     0.00000
     0.00000    -0.00000    -1.00000
           0           4          18           1
   -15.45855     1.88627    15.88229
     0.12123     0.99262     0.00000
     0.99262    -0.12123     0.00000
     0.00000    -0.00000    -1.00000
           0           4          18           2
   -15.45855     1.88627     9.50689
     0.12123     0.99262     0.00000
     0.99262    -0.12123     0.00000
     0.00000    -0.00000    -1.00000
           0           4          18           3
   -15.45855     1.88627     3.13149
     0.12123     0.99262     0.00000
     0.99262    -0.12123     0.00000
     0.00000    -0.00000    -1.00000
           0           4          18           4
   -15.45855     1.88627    -3.24391
     0.12123     0.99262     0.00000
     0.99262    -0.12123     0.00000
     0.00000    -0.00000    -1.00000
           0           4          18           5
   -15.45855     1.88627    -9.61931
     0.12123     0.99262     0.00000
     0.99262    -0.12123     0.00000
     0.00000    -0.00000    -1.00000
           0           4          18           6
   -15.45855     1.88627   -15.99471
     0.12123     0.99262     0.00000
     0.99262    -0.12123     0.00000
     0.00000    -0.00000    -1.00000
           0           4          19           1
   -17.73722    -1.53069    15.87584
    -0.08848     0.99608    -0.00000
     0.99608     0.08848    -0.00000
    -0.00000    -0.00000    -1.00000
           0           4          19           2
   -17.73722    -1.53069     9.50044
    -0.08848     0.99608    -0.00000
     0.99608     0.08848    -0.00000
    -0.00000    -0.00000    -1.00000
           0           4          19           3
   -17.73722    -1.53069     3.12504
    -0.08848     0.99608    -0.00000
     0.99608     0.08848    -0.00000
    -0.00000    -0.00000    -1.00000
           0           4          19           4
   -17.73722    -1.53069    -3.25036
    -0.08848     0.99608    -0.00000
     0.99608     0.08848    -0.00000
    -0.00000    -0.00000    -1.00000
           0           4          19           5
   -17.73722    -1.53069    -9.62576
    -0.08848     0.99608    -0.00000
     0.99608     0.08848    -0.00000
    -0.00000    -0.00000    -1.00000
           0           4          19           6
   -17.73722    -1.53069   -16.00116
    -0.08848     0.99608    -0.00000
     0.99608     0.08848    -0.00000
    -0.00000    -0.00000    -1.00000
           0           4          20           1
   -15.91717    -4.73039    15.88184
    -0.28647     0.95809    -0.00000
     0.95809     0.28647    -0.00000
    -0.00000    -0.00000    -1.00000
           0           4          20           2
   -15.91717    -4.73039     9.50644
    -0.28647     0.95809    -0.00000
     0.95809     0.28647    -0.00000
    -0.00000    -0.00000    -1.00000
           0           4          20           3
   -15.91717    -4.73039     3.13104
    -0.28647     0.95809    -0.00000
     0.95809     0.28647    -0.00000
    -0.00000    -0.00000    -1.00000
           0           4          20           4
   -15.91717    -4.73039    -3.24436
    -0.28647     0.95809    -0.00000
     0.95809     0.28647    -0.00000
    -0.00000    -0.00000    -1.00000
           0           4          20           5
   -15.91717    -4.73039    -9.61976
    -0.28647     0.95809    -0.00000
     0.95809     0.28647    -0.00000
    -0.00000    -0.00000    -1.00000
           0           4          20           6
   -15.91717    -4.73039   -15.99516
    -0.28647     0.95809    -0.00000
     0.95809     0.28647    -0.00000
    -0.00000    -0.00000    -1.00000
           0           4          21           1
   -13.51333    -7.49680    15.87130
    -0.48614     0.87388    -0.00000
     0.87388     0.48614    -0.00000
    -0.00000    -0.00000    -1.00000
           0           4          21           2
   -13.51333    -7.49680     9.49590
    -0.48614     0.87388    -0.00000
     0.87388     0.48614    -0.00000
    -0.00000    -0.00000    -1.00000
           0           4          21           3
   -13.51333    -7.49680     3.12050
    -0.48614     0.87388    -0.00000
     0.87388     0.48614    -0.00000
    -0.00000    -0.00000    -1.00000
           0           4          21           4
   -13.51333    -7.49680    -3.25490
    -0.48614     0.87388    -0.00000
     0.87388     0.48614    -0.00000
    -0.00000    -0.00000    -1.00000
           0           4          21           5
   -13.51333    -7.49680    -9.63030
    -0.48614     0.87388    -0.00000
     0.87388     0.48614    -0.00000
    -0.00000    -0.00000    -1.00000
           0           4          21           6
   -13.51333    -7.49680   -16.00570
    -0.48614     0.87388    -0.00000
     0.87388     0.48614    -0.00000
    -0.00000    -0.00000    -1.00000
           0           4          22           1
   -13.56134   -11.77271    15.90260
    -0.65772     0.75326    -0.00000
     0.75326     0.65772    -0.00000
    -0.00000    -0.00000    -1.00000
           0           4          22           2
   -13.56134   -11.77271     9.52720
    -0.65772     0.75326    -0.00000
     0.75326     0.65772    -0.00000
    -0.00000    -0.00000    -1.00000
           0           4          22           3
   -13.56135   -11.77271     3.15180
    -0.65772     0.75326    -0.00000
     0.75326     0.65772    -0.00000
    -0.00000    -0.00000    -1.00000
           0           4          22           4
   -13.56135   -11.77271    -3.22360
    -0.65772     0.75326    -0.00000
     0.75326     0.65772    -0.00000
    -0.00000    -0.00000    -1.00000
           0           4          22           5
   -13.56135   -11.77271    -9.59900
    -0.65772     0.75326    -0.00000
     0.75326     0.65772    -0.00000
    -0.00000    -0.00000    -1.00000
           0           4          22           6
   -13.56135   -11.77271   -15.97440
    -0.65772     0.75326    -0.00000
     0.75326     0.65772    -0.00000
    -0.00000    -0.00000    -1.00000
           0           4          23           1
   -10.35788   -13.47801    15.91038
    -0.79544     0.60603    -0.00000
     0.60603     0.79544    -0.00000
    -0.00000    -0.00000    -1.00000
           0           4          23           2
   -10.35788   -13.47801     9.53498
    -0.79544     0.60603    -0.00000
     0.60603     0.79544    -0.00000
    -0.00000    -0.00000    -1.00000
           0           4          23           3
   -10.35788   -13.47801     3.15958
    -0.79544     0.60603    -0.00000
     0.60603     0.79544    -0.00000
    -0.00000    -0.00000    -1.00000
           0           4          23           4
   -10.35788   -13.47801    -3.21582
    -0.79544     0.60603    -0.00000
     0.60603     0.79544    -0.00000
    -0.00000    -0.00000    -1.00000
           0           4          23           5
   -10.35788   -13.47801    -9.59122
    -0.79544     0.60603    -0.00000
     0.60603     0.79544    -0.00000
    -0.00000    -0.00000    -1.00000
           0           4          23           6
   -10.35788   -13.47801   -15.96662
    -0.79544     0.60603    -0.00000
     0.60603     0.79544    -0.00000
    -0.00000    -0.00000    -1.00000
           0           4          24           1
    -6.56385   -14.10244    15.88339
    -0.90731     0.42045    -0.00000
     0.42045     0.90731    -0.00000
    -0.00000    -0.00000    -1.00000
           0           4          24           2
    -6.56385   -14.10244     9.50799
    -0.90731     0.42045    -0.00000
     0.42045     0.90731    -0.00000
    -0.00000    -0.00000    -1.00000
           0           4          24           3
    -6.56385   -14.10244     3.13259
    -0.90731     0.42045    -0.00000
     0.42045     0.90731    -0.00000
    -0.00000    -0.00000    -1.00000
           0           4          24           4
    -6.56385   -14.10244    -3.24281
    -0.90731     0.42045    -0.00000
     0.42045     0.90731    -0.00000
    -0.00000    -0.00000    -1.00000
           0           4          24           5
    -6.56385   -14.10244    -9.61821
    -0.90731     0.42045    -0.00000
     0.42045     0.90731    -0.00000
    -0.00000    -0.00000    -1.00000
           0           4          24           6
    -6.56385   -14.10244   -15.99361
    -0.90731     0.42045    -0.00000
     0.42045     0.90731    -0.00000
    -0.00000    -0.00000    -1.00000
