 SVX cage parameters:
     2.20000
     0.50000     0.20000
     0.00000
           6
   -40.00000   -26.50000   -26.50000    26.50000    26.50000    40.00000
    53.00000    53.00000    22.00000    22.00000    53.00000    53.00000
     0.00000     0.00000     0.00000
 SVX barrel parameters:
           4
     2.63000     5.13000    11.76500    16.68700     1.21400
     0.00000     0.00000     0.00000     0.00000
           4           4           5           6
     0.69600     0.69600     1.74500     1.74500
     0.01000     0.01000     0.03125     0.03125
     2.83600     2.83600     3.18770     3.18770
     0.01900     0.01900     0.00000     0.00000
     0.02000     0.02000     0.00000     0.00000
    26.70000    13.60000    17.00000    12.00000
   -13.00000   -13.02000     0.00000     0.00000
           2
           5           5
     0.00000   180.00000
           2
          10          10
     0.00000   180.00000
           2
           8           8
     0.00000   180.00000
           2
          12          12
     0.00000   180.00000
 SVX barrel sensor rotation matrices and translation vectors:
           0           1           1           1
     1.56859    -2.11103     8.53800
     0.64698     0.76251    -0.00000
    -0.76251     0.64698    -0.00000
    -0.00000     0.00000     1.00000
           0           1           1           2
     1.56859    -2.11103     2.84600
     0.64698     0.76251    -0.00000
    -0.76251     0.64698    -0.00000
    -0.00000     0.00000     1.00000
           0           1           1           3
     1.56859    -2.11103    -2.84600
     0.64698     0.76251    -0.00000
    -0.76251     0.64698    -0.00000
    -0.00000     0.00000     1.00000
           0           1           1           4
     1.56859    -2.11103    -8.53800
     0.64698     0.76251    -0.00000
    -0.76251     0.64698    -0.00000
    -0.00000     0.00000     1.00000
           0           1           2           1
     2.35246    -1.17594     8.53927
     0.23323     0.97242    -0.00000
    -0.97242     0.23323    -0.00000
    -0.00000     0.00000     1.00000
           0           1           2           2
     2.35246    -1.17594     2.84727
     0.23323     0.97242    -0.00000
    -0.97242     0.23323    -0.00000
    -0.00000     0.00000     1.00000
           0           1           2           3
     2.35246    -1.17594    -2.84473
     0.23323     0.97242    -0.00000
    -0.97242     0.23323    -0.00000
    -0.00000     0.00000     1.00000
           0           1           2           4
     2.35246    -1.17594    -8.53673
     0.23323     0.97242    -0.00000
    -0.97242     0.23323    -0.00000
    -0.00000     0.00000     1.00000
           0           1           3           1
     2.63000     0.00342     8.53879
    -0.22744     0.97379     0.00000
    -0.97379    -0.22744     0.00000
     0.00000     0.00000     1.00000
           0           1           3           2
     2.63000     0.00342     2.84679
    -0.22744     0.97379     0.00000
    -0.97379    -0.22744     0.00000
     0.00000     0.00000     1.00000
           0           1           3           3
     2.63000     0.00342    -2.84521
    -0.22744     0.97379     0.00000
    -0.97379    -0.22744     0.00000
     0.00000     0.00000     1.00000
           0           1           3           4
     2.63000     0.00342    -8.53721
    -0.22744     0.97379     0.00000
    -0.97379    -0.22744     0.00000
     0.00000     0.00000     1.00000
           0           1           4           1
     2.34620     1.18838     8.53844
    -0.64192     0.76677     0.00000
    -0.76677    -0.64192     0.00000
     0.00000     0.00000     1.00000
           0           1           4           2
     2.34620     1.18838     2.84644
    -0.64192     0.76677     0.00000
    -0.76677    -0.64192     0.00000
     0.00000     0.00000     1.00000
           0           1           4           3
     2.34620     1.18838    -2.84556
    -0.64192     0.76677     0.00000
    -0.76677    -0.64192     0.00000
     0.00000     0.00000     1.00000
           0           1           4           4
     2.34620     1.18838    -8.53756
    -0.64192     0.76677     0.00000
    -0.76677    -0.64192     0.00000
     0.00000     0.00000     1.00000
           0           1           5           1
     1.55752     2.11921     8.53952
    -0.91885     0.39462     0.00000
    -0.39462    -0.91885     0.00000
     0.00000     0.00000     1.00000
           0           1           5           2
     1.55752     2.11921     2.84752
    -0.91885     0.39462     0.00000
    -0.39462    -0.91885     0.00000
     0.00000     0.00000     1.00000
           0           1           5           3
     1.55752     2.11921    -2.84448
    -0.91885     0.39462     0.00000
    -0.39462    -0.91885     0.00000
     0.00000     0.00000     1.00000
           0           1           5           4
     1.55752     2.11921    -8.53648
    -0.91885     0.39462     0.00000
    -0.39462    -0.91885     0.00000
     0.00000     0.00000     1.00000
           0           1           6           1
    -1.56769     2.11170    -8.54412
     0.91694     0.39903     0.00000
     0.39903    -0.91694     0.00000
     0.00000    -0.00000    -1.00000
           0           1           6           2
    -1.56769     2.11170    -2.85212
     0.91694     0.39903     0.00000
     0.39903    -0.91694     0.00000
     0.00000    -0.00000    -1.00000
           0           1           6           3
    -1.56769     2.11170     2.83988
     0.91694     0.39903     0.00000
     0.39903    -0.91694     0.00000
     0.00000    -0.00000    -1.00000
           0           1           6           4
    -1.56769     2.11170     8.53188
     0.91694     0.39903     0.00000
     0.39903    -0.91694     0.00000
     0.00000    -0.00000    -1.00000
           0           1           7           1
    -2.34990     1.18106    -8.54257
     0.63952     0.76877    -0.00000
     0.76877    -0.63952    -0.00000
    -0.00000     0.00000    -1.00000
           0           1           7           2
    -2.34990     1.18106    -2.85057
     0.63952     0.76877    -0.00000
     0.76877    -0.63952    -0.00000
    -0.00000     0.00000    -1.00000
           0           1           7           3
    -2.34990     1.18106     2.84143
     0.63952     0.76877    -0.00000
     0.76877    -0.63952    -0.00000
    -0.00000     0.00000    -1.00000
           0           1           7           4
    -2.34990     1.18106     8.53343
     0.63952     0.76877    -0.00000
     0.76877    -0.63952    -0.00000
    -0.00000     0.00000    -1.00000
           0           1           8           1
    -2.63000     0.00597    -8.53977
     0.22839     0.97357    -0.00000
     0.97357    -0.22839    -0.00000
    -0.00000     0.00000    -1.00000
           0           1           8           2
    -2.62999     0.00597    -2.84777
     0.22839     0.97357    -0.00000
     0.97357    -0.22839    -0.00000
    -0.00000     0.00000    -1.00000
           0           1           8           3
    -2.62999     0.00597     2.84423
     0.22839     0.97357    -0.00000
     0.97357    -0.22839    -0.00000
    -0.00000     0.00000    -1.00000
           0           1           8           4
    -2.62999     0.00597     8.53623
     0.22839     0.97357    -0.00000
     0.97357    -0.22839    -0.00000
    -0.00000     0.00000    -1.00000
           0           1           9           1
    -2.34983    -1.18119    -8.53888
    -0.23540     0.97190    -0.00000
     0.97190     0.23540    -0.00000
    -0.00000    -0.00000    -1.00000
           0           1           9           2
    -2.34983    -1.18119    -2.84688
    -0.23540     0.97190    -0.00000
     0.97190     0.23540    -0.00000
    -0.00000    -0.00000    -1.00000
           0           1           9           3
    -2.34983    -1.18119     2.84512
    -0.23540     0.97190    -0.00000
     0.97190     0.23540    -0.00000
    -0.00000    -0.00000    -1.00000
           0           1           9           4
    -2.34983    -1.18119     8.53712
    -0.23540     0.97190    -0.00000
     0.97190     0.23540    -0.00000
    -0.00000    -0.00000    -1.00000
           0           1          10           1
    -1.56565    -2.11321    -8.54034
    -0.64804     0.76161    -0.00000
     0.76161     0.64804    -0.00000
    -0.00000    -0.00000    -1.00000
           0           1          10           2
    -1.56565    -2.11321    -2.84834
    -0.64804     0.76161    -0.00000
     0.76161     0.64804    -0.00000
    -0.00000    -0.00000    -1.00000
           0           1          10           3
    -1.56565    -2.11321     2.84366
    -0.64804     0.76161    -0.00000
     0.76161     0.64804    -0.00000
    -0.00000    -0.00000    -1.00000
           0           1          10           4
    -1.56565    -2.11321     8.53566
    -0.64804     0.76161    -0.00000
     0.76161     0.64804    -0.00000
    -0.00000    -0.00000    -1.00000
           0           2           1           1
     2.47100    -4.49568     8.53602
     0.74487     0.66721    -0.00000
    -0.66721     0.74487    -0.00000
     0.00000     0.00000     1.00000
           0           2           1           2
     2.47100    -4.49568     2.84402
     0.74487     0.66721    -0.00000
    -0.66721     0.74487    -0.00000
     0.00000     0.00000     1.00000
           0           2           1           3
     2.47100    -4.49568    -2.84798
     0.74487     0.66721    -0.00000
    -0.66721     0.74487    -0.00000
     0.00000     0.00000     1.00000
           0           2           1           4
     2.47100    -4.49568    -8.53998
     0.74487     0.66721    -0.00000
    -0.66721     0.74487    -0.00000
     0.00000     0.00000     1.00000
           0           2           2           1
     3.45654    -3.79068     8.53781
     0.56760     0.82330    -0.00000
    -0.82330     0.56760    -0.00000
     0.00000     0.00000     1.00000
           0           2           2           2
     3.45654    -3.79068     2.84581
     0.56760     0.82330    -0.00000
    -0.82330     0.56760    -0.00000
     0.00000     0.00000     1.00000
           0           2           2           3
     3.45654    -3.79068    -2.84619
     0.56760     0.82330    -0.00000
    -0.82330     0.56760    -0.00000
     0.00000     0.00000     1.00000
           0           2           2           4
     3.45654    -3.79068    -8.53819
     0.56760     0.82330    -0.00000
    -0.82330     0.56760    -0.00000
     0.00000     0.00000     1.00000
           0           2           3           1
     4.25428    -2.86671     8.53890
     0.35701     0.93410    -0.00000
    -0.93410     0.35701    -0.00000
    -0.00000     0.00000     1.00000
           0           2           3           2
     4.25428    -2.86671     2.84690
     0.35701     0.93410    -0.00000
    -0.93410     0.35701    -0.00000
    -0.00000     0.00000     1.00000
           0           2           3           3
     4.25428    -2.86671    -2.84510
     0.35701     0.93410    -0.00000
    -0.93410     0.35701    -0.00000
    -0.00000     0.00000     1.00000
           0           2           3           4
     4.25428    -2.86671    -8.53710
     0.35701     0.93410    -0.00000
    -0.93410     0.35701    -0.00000
    -0.00000     0.00000     1.00000
           0           2           4           1
     4.80899    -1.78621     8.53991
     0.12740     0.99185    -0.00000
    -0.99185     0.12740    -0.00000
    -0.00000     0.00000     1.00000
           0           2           4           2
     4.80899    -1.78621     2.84791
     0.12740     0.99185    -0.00000
    -0.99185     0.12740    -0.00000
    -0.00000     0.00000     1.00000
           0           2           4           3
     4.80899    -1.78621    -2.84409
     0.12740     0.99185    -0.00000
    -0.99185     0.12740    -0.00000
    -0.00000     0.00000     1.00000
           0           2           4           4
     4.80899    -1.78621    -8.53609
     0.12740     0.99185    -0.00000
    -0.99185     0.12740    -0.00000
    -0.00000     0.00000     1.00000
           0           2           5           1
     5.09386    -0.60782     8.53932
    -0.10891     0.99405     0.00000
    -0.99405    -0.10891     0.00000
     0.00000     0.00000     1.00000
           0           2           5           2
     5.09386    -0.60782     2.84732
    -0.10891     0.99405     0.00000
    -0.99405    -0.10891     0.00000
     0.00000     0.00000     1.00000
           0           2           5           3
     5.09386    -0.60782    -2.84468
    -0.10891     0.99405     0.00000
    -0.99405    -0.10891     0.00000
     0.00000     0.00000     1.00000
           0           2           5           4
     5.09386    -0.60782    -8.53668
    -0.10891     0.99405     0.00000
    -0.99405    -0.10891     0.00000
     0.00000     0.00000     1.00000
           0           2           6           1
     5.09491     0.59903     8.53891
    -0.33813     0.94110     0.00000
    -0.94110    -0.33813     0.00000
     0.00000     0.00000     1.00000
           0           2           6           2
     5.09491     0.59903     2.84691
    -0.33813     0.94110     0.00000
    -0.94110    -0.33813     0.00000
     0.00000     0.00000     1.00000
           0           2           6           3
     5.09491     0.59903    -2.84509
    -0.33813     0.94110     0.00000
    -0.94110    -0.33813     0.00000
     0.00000     0.00000     1.00000
           0           2           6           4
     5.09491     0.59903    -8.53709
    -0.33813     0.94110     0.00000
    -0.94110    -0.33813     0.00000
     0.00000     0.00000     1.00000
           0           2           7           1
     4.80928     1.78542     8.53950
    -0.55083     0.83461     0.00000
    -0.83461    -0.55083     0.00000
     0.00000     0.00000     1.00000
           0           2           7           2
     4.80928     1.78542     2.84750
    -0.55083     0.83461     0.00000
    -0.83461    -0.55083     0.00000
     0.00000     0.00000     1.00000
           0           2           7           3
     4.80928     1.78542    -2.84450
    -0.55083     0.83461     0.00000
    -0.83461    -0.55083     0.00000
     0.00000     0.00000     1.00000
           0           2           7           4
     4.80928     1.78542    -8.53650
    -0.55083     0.83461     0.00000
    -0.83461    -0.55083     0.00000
     0.00000     0.00000     1.00000
           0           2           8           1
     4.25741     2.86205     8.53928
    -0.73097     0.68241     0.00000
    -0.68241    -0.73097     0.00000
     0.00000     0.00000     1.00000
           0           2           8           2
     4.25741     2.86205     2.84728
    -0.73097     0.68241     0.00000
    -0.68241    -0.73097     0.00000
     0.00000     0.00000     1.00000
           0           2           8           3
     4.25741     2.86205    -2.84472
    -0.73097     0.68241     0.00000
    -0.68241    -0.73097     0.00000
     0.00000     0.00000     1.00000
           0           2           8           4
     4.25741     2.86205    -8.53672
    -0.73097     0.68241     0.00000
    -0.68241    -0.73097     0.00000
     0.00000     0.00000     1.00000
           0           2           9           1
     3.46061     3.78697     8.53853
    -0.87152     0.49037     0.00000
    -0.49037    -0.87152     0.00000
     0.00000     0.00000     1.00000
           0           2           9           2
     3.46061     3.78697     2.84653
    -0.87152     0.49037     0.00000
    -0.49037    -0.87152     0.00000
     0.00000     0.00000     1.00000
           0           2           9           3
     3.46061     3.78697    -2.84547
    -0.87152     0.49037     0.00000
    -0.49037    -0.87152     0.00000
     0.00000     0.00000     1.00000
           0           2           9           4
     3.46061     3.78697    -8.53747
    -0.87152     0.49037     0.00000
    -0.49037    -0.87152     0.00000
     0.00000     0.00000     1.00000
           0           2          10           1
     2.47548     4.49321     8.53682
    -0.96224     0.27219     0.00000
    -0.27219    -0.96224     0.00000
     0.00000     0.00000     1.00000
           0           2          10           2
     2.47548     4.49321     2.84482
    -0.96224     0.27219     0.00000
    -0.27219    -0.96224     0.00000
     0.00000     0.00000     1.00000
           0           2          10           3
     2.47548     4.49321    -2.84718
    -0.96224     0.27219     0.00000
    -0.27219    -0.96224     0.00000
     0.00000     0.00000     1.00000
           0           2          10           4
     2.47548     4.49321    -8.53918
    -0.96224     0.27219     0.00000
    -0.27219    -0.96224     0.00000
     0.00000     0.00000     1.00000
           0           2          11           1
    -2.46658     4.49810    -8.53631
     0.96278     0.27029     0.00000
     0.27029    -0.96278     0.00000
     0.00000    -0.00000    -1.00000
           0           2          11           2
    -2.46658     4.49810    -2.84431
     0.96278     0.27029     0.00000
     0.27029    -0.96278     0.00000
     0.00000    -0.00000    -1.00000
           0           2          11           3
    -2.46658     4.49810     2.84769
     0.96278     0.27029     0.00000
     0.27029    -0.96278     0.00000
     0.00000    -0.00000    -1.00000
           0           2          11           4
    -2.46658     4.49810     8.53969
     0.96278     0.27029     0.00000
     0.27029    -0.96278     0.00000
     0.00000    -0.00000    -1.00000
           0           2          12           1
    -3.45918     3.78827    -8.53800
     0.87170     0.49004     0.00000
     0.49004    -0.87170     0.00000
     0.00000    -0.00000    -1.00000
           0           2          12           2
    -3.45918     3.78827    -2.84600
     0.87170     0.49004     0.00000
     0.49004    -0.87170     0.00000
     0.00000    -0.00000    -1.00000
           0           2          12           3
    -3.45918     3.78827     2.84600
     0.87170     0.49004     0.00000
     0.49004    -0.87170     0.00000
     0.00000    -0.00000    -1.00000
           0           2          12           4
    -3.45918     3.78827     8.53800
     0.87170     0.49004     0.00000
     0.49004    -0.87170     0.00000
     0.00000    -0.00000    -1.00000
           0           2          13           1
    -4.25133     2.87108    -8.54038
     0.73242     0.68085     0.00000
     0.68085    -0.73242     0.00000
     0.00000    -0.00000    -1.00000
           0           2          13           2
    -4.25133     2.87108    -2.84838
     0.73242     0.68085     0.00000
     0.68085    -0.73242     0.00000
     0.00000    -0.00000    -1.00000
           0           2          13           3
    -4.25133     2.87108     2.84362
     0.73242     0.68085     0.00000
     0.68085    -0.73242     0.00000
     0.00000    -0.00000    -1.00000
           0           2          13           4
    -4.25133     2.87108     8.53562
     0.73242     0.68085     0.00000
     0.68085    -0.73242     0.00000
     0.00000    -0.00000    -1.00000
           0           2          14           1
    -4.80789     1.78917    -8.54026
     0.55148     0.83419    -0.00000
     0.83419    -0.55148    -0.00000
    -0.00000     0.00000    -1.00000
           0           2          14           2
    -4.80789     1.78917    -2.84826
     0.55148     0.83419    -0.00000
     0.83419    -0.55148    -0.00000
    -0.00000     0.00000    -1.00000
           0           2          14           3
    -4.80789     1.78917     2.84374
     0.55148     0.83419    -0.00000
     0.83419    -0.55148    -0.00000
    -0.00000     0.00000    -1.00000
           0           2          14           4
    -4.80789     1.78917     8.53574
     0.55148     0.83419    -0.00000
     0.83419    -0.55148    -0.00000
    -0.00000     0.00000    -1.00000
           0           2          15           1
    -5.09400     0.60673    -8.54019
     0.33955     0.94059    -0.00000
     0.94059    -0.33955    -0.00000
    -0.00000     0.00000    -1.00000
           0           2          15           2
    -5.09400     0.60673    -2.84819
     0.33955     0.94059    -0.00000
     0.94059    -0.33955    -0.00000
    -0.00000     0.00000    -1.00000
           0           2          15           3
    -5.09400     0.60673     2.84381
     0.33955     0.94059    -0.00000
     0.94059    -0.33955    -0.00000
    -0.00000     0.00000    -1.00000
           0           2          15           4
    -5.09400     0.60673     8.53581
     0.33955     0.94059    -0.00000
     0.94059    -0.33955    -0.00000
    -0.00000     0.00000    -1.00000
           0           2          16           1
    -5.09416    -0.60532    -8.53806
     0.10940     0.99400    -0.00000
     0.99400    -0.10940    -0.00000
    -0.00000     0.00000    -1.00000
           0           2          16           2
    -5.09416    -0.60532    -2.84607
     0.10940     0.99400    -0.00000
     0.99400    -0.10940    -0.00000
    -0.00000     0.00000    -1.00000
           0           2          16           3
    -5.09416    -0.60532     2.84593
     0.10940     0.99400    -0.00000
     0.99400    -0.10940    -0.00000
    -0.00000     0.00000    -1.00000
           0           2          16           4
    -5.09416    -0.60532     8.53794
     0.10940     0.99400    -0.00000
     0.99400    -0.10940    -0.00000
    -0.00000     0.00000    -1.00000
           0           2          17           1
    -4.80853    -1.78744    -8.53821
    -0.12766     0.99182    -0.00000
     0.99182     0.12766    -0.00000
    -0.00000    -0.00000    -1.00000
           0           2          17           2
    -4.80853    -1.78744    -2.84621
    -0.12766     0.99182    -0.00000
     0.99182     0.12766    -0.00000
    -0.00000    -0.00000    -1.00000
           0           2          17           3
    -4.80853    -1.78744     2.84579
    -0.12766     0.99182    -0.00000
     0.99182     0.12766    -0.00000
    -0.00000    -0.00000    -1.00000
           0           2          17           4
    -4.80853    -1.78744     8.53779
    -0.12766     0.99182    -0.00000
     0.99182     0.12766    -0.00000
    -0.00000    -0.00000    -1.00000
           0           2          18           1
    -4.25234    -2.86958    -8.54033
    -0.35764     0.93386    -0.00000
     0.93386     0.35764    -0.00000
    -0.00000    -0.00000    -1.00000
           0           2          18           2
    -4.25234    -2.86958    -2.84833
    -0.35764     0.93386    -0.00000
     0.93386     0.35764    -0.00000
    -0.00000    -0.00000    -1.00000
           0           2          18           3
    -4.25234    -2.86958     2.84367
    -0.35764     0.93386    -0.00000
     0.93386     0.35764    -0.00000
    -0.00000    -0.00000    -1.00000
           0           2          18           4
    -4.25234    -2.86958     8.53567
    -0.35764     0.93386    -0.00000
     0.93386     0.35764    -0.00000
    -0.00000    -0.00000    -1.00000
           0           2          19           1
    -3.45535    -3.79176    -8.54224
    -0.56786     0.82313    -0.00000
     0.82313     0.56786    -0.00000
    -0.00000    -0.00000    -1.00000
           0           2          19           2
    -3.45535    -3.79176    -2.85024
    -0.56786     0.82313    -0.00000
     0.82313     0.56786    -0.00000
    -0.00000    -0.00000    -1.00000
           0           2          19           3
    -3.45535    -3.79176     2.84176
    -0.56786     0.82313    -0.00000
     0.82313     0.56786    -0.00000
    -0.00000    -0.00000    -1.00000
           0           2          19           4
    -3.45535    -3.79176     8.53376
    -0.56786     0.82313    -0.00000
     0.82313     0.56786    -0.00000
    -0.00000    -0.00000    -1.00000
           0           2          20           1
    -2.46441    -4.49929    -8.54257
    -0.74585     0.66612    -0.00000
     0.66612     0.74585    -0.00000
    -0.00000    -0.00000    -1.00000
           0           2          20           2
    -2.46441    -4.49929    -2.85057
    -0.74585     0.66612    -0.00000
     0.66612     0.74585    -0.00000
    -0.00000    -0.00000    -1.00000
           0           2          20           3
    -2.46441    -4.49929     2.84143
    -0.74585     0.66612    -0.00000
     0.66612     0.74585    -0.00000
    -0.00000    -0.00000    -1.00000
           0           2          20           4
    -2.46441    -4.49929     8.53343
    -0.74585     0.66612    -0.00000
     0.66612     0.74585    -0.00000
    -0.00000    -0.00000    -1.00000
           0           3           1           1
     5.62434   -10.33354    12.75205
    -0.87833    -0.47806    -0.00000
    -0.47806     0.87833    -0.00000
     0.00000    -0.00000    -1.00000
           0           3           1           2
     5.62434   -10.33354     6.37665
    -0.87833    -0.47806    -0.00000
    -0.47806     0.87833    -0.00000
     0.00000    -0.00000    -1.00000
           0           3           1           3
     5.62434   -10.33354     0.00125
    -0.87833    -0.47806    -0.00000
    -0.47806     0.87833    -0.00000
     0.00000    -0.00000    -1.00000
           0           3           1           4
     5.62434   -10.33354    -6.37415
    -0.87833    -0.47806    -0.00000
    -0.47806     0.87833    -0.00000
     0.00000    -0.00000    -1.00000
           0           3           1           5
     5.62434   -10.33354   -12.74955
    -0.87833    -0.47806    -0.00000
    -0.47806     0.87833    -0.00000
     0.00000    -0.00000    -1.00000
           0           3           2           1
     7.51931    -7.12667    12.74367
    -0.68791    -0.72580     0.00000
    -0.72580     0.68791     0.00000
    -0.00000     0.00000    -1.00000
           0           3           2           2
     7.51931    -7.12667     6.36827
    -0.68791    -0.72580     0.00000
    -0.72580     0.68791     0.00000
    -0.00000     0.00000    -1.00000
           0           3           2           3
     7.51931    -7.12667    -0.00713
    -0.68791    -0.72580     0.00000
    -0.72580     0.68791     0.00000
    -0.00000     0.00000    -1.00000
           0           3           2           4
     7.51931    -7.12667    -6.38253
    -0.68791    -0.72580     0.00000
    -0.72580     0.68791     0.00000
    -0.00000     0.00000    -1.00000
           0           3           2           5
     7.51931    -7.12667   -12.75793
    -0.68791    -0.72580     0.00000
    -0.72580     0.68791     0.00000
    -0.00000     0.00000    -1.00000
           0           3           3           1
    11.53355    -5.66113    12.75382
    -0.44062    -0.89769     0.00000
    -0.89769     0.44062     0.00000
    -0.00000     0.00000    -1.00000
           0           3           3           2
    11.53355    -5.66113     6.37842
    -0.44062    -0.89769     0.00000
    -0.89769     0.44062     0.00000
    -0.00000     0.00000    -1.00000
           0           3           3           3
    11.53355    -5.66113     0.00302
    -0.44062    -0.89769     0.00000
    -0.89769     0.44062     0.00000
    -0.00000     0.00000    -1.00000
           0           3           3           4
    11.53355    -5.66113    -6.37238
    -0.44062    -0.89769     0.00000
    -0.89769     0.44062     0.00000
    -0.00000     0.00000    -1.00000
           0           3           3           5
    11.53355    -5.66113   -12.74778
    -0.44062    -0.89769     0.00000
    -0.89769     0.44062     0.00000
    -0.00000     0.00000    -1.00000
           0           3           4           1
    11.58160    -2.06928    12.74999
    -0.17589    -0.98441     0.00000
    -0.98441     0.17589     0.00000
    -0.00000     0.00000    -1.00000
           0           3           4           2
    11.58160    -2.06928     6.37459
    -0.17589    -0.98441     0.00000
    -0.98441     0.17589     0.00000
    -0.00000     0.00000    -1.00000
           0           3           4           3
    11.58160    -2.06928    -0.00081
    -0.17589    -0.98441     0.00000
    -0.98441     0.17589     0.00000
    -0.00000     0.00000    -1.00000
           0           3           4           4
    11.58160    -2.06928    -6.37621
    -0.17589    -0.98441     0.00000
    -0.98441     0.17589     0.00000
    -0.00000     0.00000    -1.00000
           0           3           4           5
    11.58160    -2.06928   -12.75161
    -0.17589    -0.98441     0.00000
    -0.98441     0.17589     0.00000
    -0.00000     0.00000    -1.00000
           0           3           5           1
    10.26259     1.41740    12.74558
     0.13681    -0.99060     0.00000
    -0.99060    -0.13681     0.00000
    -0.00000    -0.00000    -1.00000
           0           3           5           2
    10.26259     1.41740     6.37018
     0.13681    -0.99060     0.00000
    -0.99060    -0.13681     0.00000
    -0.00000    -0.00000    -1.00000
           0           3           5           3
    10.26259     1.41740    -0.00522
     0.13681    -0.99060     0.00000
    -0.99060    -0.13681     0.00000
    -0.00000    -0.00000    -1.00000
           0           3           5           4
    10.26259     1.41740    -6.38062
     0.13681    -0.99060     0.00000
    -0.99060    -0.13681     0.00000
    -0.00000    -0.00000    -1.00000
           0           3           5           5
    10.26259     1.41740   -12.75602
     0.13681    -0.99060     0.00000
    -0.99060    -0.13681     0.00000
    -0.00000    -0.00000    -1.00000
           0           3           6           1
    11.64103     5.43669    12.75319
     0.42315    -0.90606     0.00000
    -0.90606    -0.42315     0.00000
    -0.00000    -0.00000    -1.00000
           0           3           6           2
    11.64103     5.43669     6.37779
     0.42315    -0.90606     0.00000
    -0.90606    -0.42315     0.00000
    -0.00000    -0.00000    -1.00000
           0           3           6           3
    11.64103     5.43669     0.00239
     0.42315    -0.90606     0.00000
    -0.90606    -0.42315     0.00000
    -0.00000    -0.00000    -1.00000
           0           3           6           4
    11.64103     5.43669    -6.37301
     0.42315    -0.90606     0.00000
    -0.90606    -0.42315     0.00000
    -0.00000    -0.00000    -1.00000
           0           3           6           5
    11.64103     5.43669   -12.74841
     0.42315    -0.90606     0.00000
    -0.90606    -0.42315     0.00000
    -0.00000    -0.00000    -1.00000
           0           3           7           1
     8.87178     7.72702    12.74718
     0.65678    -0.75408     0.00000
    -0.75408    -0.65678     0.00000
    -0.00000    -0.00000    -1.00000
           0           3           7           2
     8.87178     7.72702     6.37178
     0.65678    -0.75408     0.00000
    -0.75408    -0.65678     0.00000
    -0.00000    -0.00000    -1.00000
           0           3           7           3
     8.87178     7.72702    -0.00362
     0.65678    -0.75408     0.00000
    -0.75408    -0.65678     0.00000
    -0.00000    -0.00000    -1.00000
           0           3           7           4
     8.87178     7.72702    -6.37902
     0.65678    -0.75408     0.00000
    -0.75408    -0.65678     0.00000
    -0.00000    -0.00000    -1.00000
           0           3           7           5
     8.87178     7.72702   -12.75442
     0.65678    -0.75408     0.00000
    -0.75408    -0.65678     0.00000
    -0.00000    -0.00000    -1.00000
           0           3           8           1
     5.31176     8.89465    12.74817
     0.85856    -0.51272     0.00000
    -0.51272    -0.85856     0.00000
    -0.00000    -0.00000    -1.00000
           0           3           8           2
     5.31176     8.89465     6.37277
     0.85856    -0.51272     0.00000
    -0.51272    -0.85856     0.00000
    -0.00000    -0.00000    -1.00000
           0           3           8           3
     5.31176     8.89465    -0.00264
     0.85856    -0.51272     0.00000
    -0.51272    -0.85856     0.00000
    -0.00000    -0.00000    -1.00000
           0           3           8           4
     5.31176     8.89465    -6.37804
     0.85856    -0.51272     0.00000
    -0.51272    -0.85856     0.00000
    -0.00000    -0.00000    -1.00000
           0           3           8           5
     5.31176     8.89465   -12.75344
     0.85856    -0.51272     0.00000
    -0.51272    -0.85856     0.00000
    -0.00000    -0.00000    -1.00000
           0           3           9           1
    -5.30748     8.89721   -12.73050
    -0.85880    -0.51230    -0.00000
     0.51230    -0.85880    -0.00000
     0.00000    -0.00000     1.00000
           0           3           9           2
    -5.30748     8.89721    -6.35510
    -0.85880    -0.51230    -0.00000
     0.51230    -0.85880    -0.00000
     0.00000    -0.00000     1.00000
           0           3           9           3
    -5.30748     8.89721     0.02030
    -0.85880    -0.51230    -0.00000
     0.51230    -0.85880    -0.00000
     0.00000    -0.00000     1.00000
           0           3           9           4
    -5.30748     8.89721     6.39570
    -0.85880    -0.51230    -0.00000
     0.51230    -0.85880    -0.00000
     0.00000    -0.00000     1.00000
           0           3           9           5
    -5.30748     8.89721    12.77110
    -0.85880    -0.51230    -0.00000
     0.51230    -0.85880    -0.00000
     0.00000    -0.00000     1.00000
           0           3          10           1
    -8.84778     7.75448   -12.74383
    -0.65912    -0.75204    -0.00000
     0.75204    -0.65912    -0.00000
     0.00000    -0.00000     1.00000
           0           3          10           2
    -8.84778     7.75448    -6.36843
    -0.65912    -0.75204    -0.00000
     0.75204    -0.65912    -0.00000
     0.00000    -0.00000     1.00000
           0           3          10           3
    -8.84778     7.75448     0.00697
    -0.65912    -0.75204    -0.00000
     0.75204    -0.65912    -0.00000
     0.00000    -0.00000     1.00000
           0           3          10           4
    -8.84778     7.75448     6.38237
    -0.65912    -0.75204    -0.00000
     0.75204    -0.65912    -0.00000
     0.00000    -0.00000     1.00000
           0           3          10           5
    -8.84778     7.75448    12.75777
    -0.65912    -0.75204    -0.00000
     0.75204    -0.65912    -0.00000
     0.00000    -0.00000     1.00000
           0           3          11           1
   -11.62497     5.47094   -12.73999
    -0.42582    -0.90481    -0.00000
     0.90481    -0.42582    -0.00000
     0.00000    -0.00000     1.00000
           0           3          11           2
   -11.62497     5.47094    -6.36459
    -0.42582    -0.90481    -0.00000
     0.90481    -0.42582    -0.00000
     0.00000    -0.00000     1.00000
           0           3          11           3
   -11.62497     5.47094     0.01081
    -0.42582    -0.90481    -0.00000
     0.90481    -0.42582    -0.00000
     0.00000    -0.00000     1.00000
           0           3          11           4
   -11.62497     5.47094     6.38621
    -0.42582    -0.90481    -0.00000
     0.90481    -0.42582    -0.00000
     0.00000    -0.00000     1.00000
           0           3          11           5
   -11.62497     5.47094    12.76161
    -0.42582    -0.90481    -0.00000
     0.90481    -0.42582    -0.00000
     0.00000    -0.00000     1.00000
           0           3          12           1
   -10.26591     1.39311   -12.74421
    -0.13447    -0.99092    -0.00000
     0.99092    -0.13447    -0.00000
     0.00000     0.00000     1.00000
           0           3          12           2
   -10.26591     1.39311    -6.36881
    -0.13447    -0.99092    -0.00000
     0.99092    -0.13447    -0.00000
     0.00000     0.00000     1.00000
           0           3          12           3
   -10.26591     1.39311     0.00659
    -0.13447    -0.99092    -0.00000
     0.99092    -0.13447    -0.00000
     0.00000     0.00000     1.00000
           0           3          12           4
   -10.26591     1.39311     6.38199
    -0.13447    -0.99092    -0.00000
     0.99092    -0.13447    -0.00000
     0.00000     0.00000     1.00000
           0           3          12           5
   -10.26591     1.39311    12.75739
    -0.13447    -0.99092    -0.00000
     0.99092    -0.13447    -0.00000
     0.00000     0.00000     1.00000
           0           3          13           1
   -11.58117    -2.07168   -12.73625
     0.17609    -0.98437    -0.00000
     0.98437     0.17609    -0.00000
     0.00000     0.00000     1.00000
           0           3          13           2
   -11.58117    -2.07168    -6.36085
     0.17609    -0.98437    -0.00000
     0.98437     0.17609    -0.00000
     0.00000     0.00000     1.00000
           0           3          13           3
   -11.58117    -2.07168     0.01455
     0.17609    -0.98437    -0.00000
     0.98437     0.17609    -0.00000
     0.00000     0.00000     1.00000
           0           3          13           4
   -11.58117    -2.07168     6.38995
     0.17609    -0.98437    -0.00000
     0.98437     0.17609    -0.00000
     0.00000     0.00000     1.00000
           0           3          13           5
   -11.58117    -2.07168    12.76535
     0.17609    -0.98437    -0.00000
     0.98437     0.17609    -0.00000
     0.00000     0.00000     1.00000
           0           3          14           1
   -11.52991    -5.66853   -12.74382
     0.44120    -0.89741    -0.00000
     0.89741     0.44120    -0.00000
     0.00000     0.00000     1.00000
           0           3          14           2
   -11.52991    -5.66853    -6.36842
     0.44120    -0.89741    -0.00000
     0.89741     0.44120    -0.00000
     0.00000     0.00000     1.00000
           0           3          14           3
   -11.52991    -5.66853     0.00698
     0.44120    -0.89741    -0.00000
     0.89741     0.44120    -0.00000
     0.00000     0.00000     1.00000
           0           3          14           4
   -11.52991    -5.66853     6.38238
     0.44120    -0.89741    -0.00000
     0.89741     0.44120    -0.00000
     0.00000     0.00000     1.00000
           0           3          14           5
   -11.52991    -5.66853    12.75778
     0.44120    -0.89741    -0.00000
     0.89741     0.44120    -0.00000
     0.00000     0.00000     1.00000
           0           3          15           1
    -7.52649    -7.11910   -12.74549
     0.68718    -0.72649    -0.00000
     0.72649     0.68718    -0.00000
     0.00000     0.00000     1.00000
           0           3          15           2
    -7.52649    -7.11910    -6.37009
     0.68718    -0.72649    -0.00000
     0.72649     0.68718    -0.00000
     0.00000     0.00000     1.00000
           0           3          15           3
    -7.52649    -7.11910     0.00531
     0.68718    -0.72649    -0.00000
     0.72649     0.68718    -0.00000
     0.00000     0.00000     1.00000
           0           3          15           4
    -7.52649    -7.11910     6.38071
     0.68718    -0.72649    -0.00000
     0.72649     0.68718    -0.00000
     0.00000     0.00000     1.00000
           0           3          15           5
    -7.52649    -7.11910    12.75611
     0.68718    -0.72649    -0.00000
     0.72649     0.68718    -0.00000
     0.00000     0.00000     1.00000
           0           3          16           1
    -5.63365   -10.32847   -12.74828
     0.87790    -0.47885    -0.00000
     0.47885     0.87790    -0.00000
     0.00000     0.00000     1.00000
           0           3          16           2
    -5.63365   -10.32847    -6.37288
     0.87790    -0.47885    -0.00000
     0.47885     0.87790    -0.00000
     0.00000     0.00000     1.00000
           0           3          16           3
    -5.63365   -10.32847     0.00252
     0.87790    -0.47885    -0.00000
     0.47885     0.87790    -0.00000
     0.00000     0.00000     1.00000
           0           3          16           4
    -5.63365   -10.32847     6.37792
     0.87790    -0.47885    -0.00000
     0.47885     0.87790    -0.00000
     0.00000     0.00000     1.00000
           0           3          16           5
    -5.63365   -10.32847    12.75332
     0.87790    -0.47885    -0.00000
     0.47885     0.87790    -0.00000
     0.00000     0.00000     1.00000
           0           4           1           1
     6.51183   -14.03602   -15.93864
     0.90713     0.42085    -0.00000
    -0.42085     0.90713    -0.00000
    -0.00000     0.00000     1.00000
           0           4           1           2
     6.51183   -14.03602    -9.56324
     0.90713     0.42085    -0.00000
    -0.42085     0.90713    -0.00000
    -0.00000     0.00000     1.00000
           0           4           1           3
     6.51183   -14.03602    -3.18784
     0.90713     0.42085    -0.00000
    -0.42085     0.90713    -0.00000
    -0.00000     0.00000     1.00000
           0           4           1           4
     6.51183   -14.03602     3.18756
     0.90713     0.42085    -0.00000
    -0.42085     0.90713    -0.00000
    -0.00000     0.00000     1.00000
           0           4           1           5
     6.51183   -14.03602     9.56296
     0.90713     0.42085    -0.00000
    -0.42085     0.90713    -0.00000
    -0.00000     0.00000     1.00000
           0           4           1           6
     6.51183   -14.03602    15.93836
     0.90713     0.42085    -0.00000
    -0.42085     0.90713    -0.00000
    -0.00000     0.00000     1.00000
           0           4           2           1
    10.10524   -13.27932   -15.93913
     0.79579     0.60558    -0.00000
    -0.60558     0.79579    -0.00000
     0.00000     0.00000     1.00000
           0           4           2           2
    10.10524   -13.27932    -9.56373
     0.79579     0.60558    -0.00000
    -0.60558     0.79579    -0.00000
     0.00000     0.00000     1.00000
           0           4           2           3
    10.10524   -13.27932    -3.18833
     0.79579     0.60558    -0.00000
    -0.60558     0.79579    -0.00000
     0.00000     0.00000     1.00000
           0           4           2           4
    10.10524   -13.27932     3.18707
     0.79579     0.60558    -0.00000
    -0.60558     0.79579    -0.00000
     0.00000     0.00000     1.00000
           0           4           2           5
    10.10524   -13.27932     9.56247
     0.79579     0.60558    -0.00000
    -0.60558     0.79579    -0.00000
     0.00000     0.00000     1.00000
           0           4           2           6
    10.10524   -13.27932    15.93787
     0.79579     0.60558    -0.00000
    -0.60558     0.79579    -0.00000
     0.00000     0.00000     1.00000
           0           4           3           1
    13.46540   -11.79529   -15.95068
     0.65892     0.75221    -0.00000
    -0.75221     0.65892    -0.00000
     0.00000     0.00000     1.00000
           0           4           3           2
    13.46540   -11.79529    -9.57528
     0.65892     0.75221    -0.00000
    -0.75221     0.65892    -0.00000
     0.00000     0.00000     1.00000
           0           4           3           3
    13.46540   -11.79529    -3.19988
     0.65892     0.75221    -0.00000
    -0.75221     0.65892    -0.00000
     0.00000     0.00000     1.00000
           0           4           3           4
    13.46540   -11.79529     3.17552
     0.65892     0.75221    -0.00000
    -0.75221     0.65892    -0.00000
     0.00000     0.00000     1.00000
           0           4           3           5
    13.46540   -11.79529     9.55092
     0.65892     0.75221    -0.00000
    -0.75221     0.65892    -0.00000
     0.00000     0.00000     1.00000
           0           4           3           6
    13.46540   -11.79529    15.92632
     0.65892     0.75221    -0.00000
    -0.75221     0.65892    -0.00000
     0.00000     0.00000     1.00000
           0           4           4           1
    13.53455    -7.49865   -15.93062
     0.48463     0.87472    -0.00000
    -0.87472     0.48463    -0.00000
    -0.00000     0.00000     1.00000
           0           4           4           2
    13.53455    -7.49865    -9.55522
     0.48463     0.87472    -0.00000
    -0.87472     0.48463    -0.00000
    -0.00000     0.00000     1.00000
           0           4           4           3
    13.53455    -7.49865    -3.17982
     0.48463     0.87472    -0.00000
    -0.87472     0.48463    -0.00000
    -0.00000     0.00000     1.00000
           0           4           4           4
    13.53455    -7.49865     3.19558
     0.48463     0.87472    -0.00000
    -0.87472     0.48463    -0.00000
    -0.00000     0.00000     1.00000
           0           4           4           5
    13.53455    -7.49865     9.57098
     0.48463     0.87472    -0.00000
    -0.87472     0.48463    -0.00000
    -0.00000     0.00000     1.00000
           0           4           4           6
    13.53455    -7.49865    15.94638
     0.48463     0.87472    -0.00000
    -0.87472     0.48463    -0.00000
    -0.00000     0.00000     1.00000
           0           4           5           1
    15.99453    -4.75722   -15.93531
     0.28509     0.95850    -0.00000
    -0.95850     0.28509    -0.00000
    -0.00000     0.00000     1.00000
           0           4           5           2
    15.99453    -4.75722    -9.55991
     0.28509     0.95850    -0.00000
    -0.95850     0.28509    -0.00000
    -0.00000     0.00000     1.00000
           0           4           5           3
    15.99453    -4.75722    -3.18451
     0.28509     0.95850    -0.00000
    -0.95850     0.28509    -0.00000
    -0.00000     0.00000     1.00000
           0           4           5           4
    15.99453    -4.75722     3.19089
     0.28509     0.95850    -0.00000
    -0.95850     0.28509    -0.00000
    -0.00000     0.00000     1.00000
           0           4           5           5
    15.99453    -4.75722     9.56629
     0.28509     0.95850    -0.00000
    -0.95850     0.28509    -0.00000
    -0.00000     0.00000     1.00000
           0           4           5           6
    15.99453    -4.75722    15.94169
     0.28509     0.95850    -0.00000
    -0.95850     0.28509    -0.00000
    -0.00000     0.00000     1.00000
           0           4           6           1
    17.83224    -1.56750   -15.93123
     0.08756     0.99616    -0.00000
    -0.99616     0.08756    -0.00000
    -0.00000     0.00000     1.00000
           0           4           6           2
    17.83224    -1.56750    -9.55583
     0.08756     0.99616    -0.00000
    -0.99616     0.08756    -0.00000
    -0.00000     0.00000     1.00000
           0           4           6           3
    17.83224    -1.56750    -3.18043
     0.08756     0.99616    -0.00000
    -0.99616     0.08756    -0.00000
    -0.00000     0.00000     1.00000
           0           4           6           4
    17.83224    -1.56750     3.19497
     0.08756     0.99616    -0.00000
    -0.99616     0.08756    -0.00000
    -0.00000     0.00000     1.00000
           0           4           6           5
    17.83224    -1.56750     9.57037
     0.08756     0.99616    -0.00000
    -0.99616     0.08756    -0.00000
    -0.00000     0.00000     1.00000
           0           4           6           6
    17.83224    -1.56750    15.94577
     0.08756     0.99616    -0.00000
    -0.99616     0.08756    -0.00000
    -0.00000     0.00000     1.00000
           0           4           7           1
    15.35844     1.87932   -15.93515
    -0.12146     0.99260     0.00000
    -0.99260    -0.12146     0.00000
     0.00000     0.00000     1.00000
           0           4           7           2
    15.35844     1.87932    -9.55974
    -0.12146     0.99260     0.00000
    -0.99260    -0.12146     0.00000
     0.00000     0.00000     1.00000
           0           4           7           3
    15.35844     1.87932    -3.18434
    -0.12146     0.99260     0.00000
    -0.99260    -0.12146     0.00000
     0.00000     0.00000     1.00000
           0           4           7           4
    15.35844     1.87932     3.19106
    -0.12146     0.99260     0.00000
    -0.99260    -0.12146     0.00000
     0.00000     0.00000     1.00000
           0           4           7           5
    15.35844     1.87932     9.56645
    -0.12146     0.99260     0.00000
    -0.99260    -0.12146     0.00000
     0.00000     0.00000     1.00000
           0           4           7           6
    15.35844     1.87932    15.94186
    -0.12146     0.99260     0.00000
    -0.99260    -0.12146     0.00000
     0.00000     0.00000     1.00000
           0           4           8           1
    15.73823     5.54655   -15.93447
    -0.33239     0.94314     0.00000
    -0.94314    -0.33239     0.00000
     0.00000     0.00000     1.00000
           0           4           8           2
    15.73823     5.54655    -9.55907
    -0.33239     0.94314     0.00000
    -0.94314    -0.33239     0.00000
     0.00000     0.00000     1.00000
           0           4           8           3
    15.73823     5.54655    -3.18367
    -0.33239     0.94314     0.00000
    -0.94314    -0.33239     0.00000
     0.00000     0.00000     1.00000
           0           4           8           4
    15.73823     5.54655     3.19173
    -0.33239     0.94314     0.00000
    -0.94314    -0.33239     0.00000
     0.00000     0.00000     1.00000
           0           4           8           5
    15.73823     5.54655     9.56713
    -0.33239     0.94314     0.00000
    -0.94314    -0.33239     0.00000
     0.00000     0.00000     1.00000
           0           4           8           6
    15.73823     5.54655    15.94253
    -0.33239     0.94314     0.00000
    -0.94314    -0.33239     0.00000
     0.00000     0.00000     1.00000
           0           4           9           1
    15.34057     9.22566   -15.93141
    -0.51537     0.85697     0.00000
    -0.85697    -0.51537     0.00000
     0.00000     0.00000     1.00000
           0           4           9           2
    15.34057     9.22566    -9.55601
    -0.51537     0.85697     0.00000
    -0.85697    -0.51537     0.00000
     0.00000     0.00000     1.00000
           0           4           9           3
    15.34057     9.22566    -3.18061
    -0.51537     0.85697     0.00000
    -0.85697    -0.51537     0.00000
     0.00000     0.00000     1.00000
           0           4           9           4
    15.34057     9.22566     3.19479
    -0.51537     0.85697     0.00000
    -0.85697    -0.51537     0.00000
     0.00000     0.00000     1.00000
           0           4           9           5
    15.34057     9.22566     9.57019
    -0.51537     0.85697     0.00000
    -0.85697    -0.51537     0.00000
     0.00000     0.00000     1.00000
           0           4           9           6
    15.34057     9.22566    15.94559
    -0.51537     0.85697     0.00000
    -0.85697    -0.51537     0.00000
     0.00000     0.00000     1.00000
           0           4          10           1
    11.32702    10.54099   -15.95534
    -0.68125     0.73205     0.00000
    -0.73205    -0.68125     0.00000
     0.00000     0.00000     1.00000
           0           4          10           2
    11.32702    10.54099    -9.57994
    -0.68125     0.73205     0.00000
    -0.73205    -0.68125     0.00000
     0.00000     0.00000     1.00000
           0           4          10           3
    11.32702    10.54099    -3.20454
    -0.68125     0.73205     0.00000
    -0.73205    -0.68125     0.00000
     0.00000     0.00000     1.00000
           0           4          10           4
    11.32702    10.54099     3.17086
    -0.68125     0.73205     0.00000
    -0.73205    -0.68125     0.00000
     0.00000     0.00000     1.00000
           0           4          10           5
    11.32702    10.54099     9.54626
    -0.68125     0.73205     0.00000
    -0.73205    -0.68125     0.00000
     0.00000     0.00000     1.00000
           0           4          10           6
    11.32702    10.54099    15.92166
    -0.68125     0.73205     0.00000
    -0.73205    -0.68125     0.00000
     0.00000     0.00000     1.00000
           0           4          11           1
     9.46122    13.74559   -15.93850
    -0.82373     0.56698     0.00000
    -0.56698    -0.82373     0.00000
     0.00000     0.00000     1.00000
           0           4          11           2
     9.46122    13.74559    -9.56310
    -0.82373     0.56698     0.00000
    -0.56698    -0.82373     0.00000
     0.00000     0.00000     1.00000
           0           4          11           3
     9.46122    13.74559    -3.18770
    -0.82373     0.56698     0.00000
    -0.56698    -0.82373     0.00000
     0.00000     0.00000     1.00000
           0           4          11           4
     9.46122    13.74559     3.18770
    -0.82373     0.56698     0.00000
    -0.56698    -0.82373     0.00000
     0.00000     0.00000     1.00000
           0           4          11           5
     9.46122    13.74559     9.56310
    -0.82373     0.56698     0.00000
    -0.56698    -0.82373     0.00000
     0.00000     0.00000     1.00000
           0           4          11           6
     9.46122    13.74559    15.93850
    -0.82373     0.56698     0.00000
    -0.56698    -0.82373     0.00000
     0.00000     0.00000     1.00000
           0           4          12           1
     6.98688    16.48118   -15.93686
    -0.92068     0.39031     0.00000
    -0.39031    -0.92068     0.00000
     0.00000     0.00000     1.00000
           0           4          12           2
     6.98688    16.48118    -9.56146
    -0.92068     0.39031     0.00000
    -0.39031    -0.92068     0.00000
     0.00000     0.00000     1.00000
           0           4          12           3
     6.98688    16.48118    -3.18606
    -0.92068     0.39031     0.00000
    -0.39031    -0.92068     0.00000
     0.00000     0.00000     1.00000
           0           4          12           4
     6.98688    16.48118     3.18934
    -0.92068     0.39031     0.00000
    -0.39031    -0.92068     0.00000
     0.00000     0.00000     1.00000
           0           4          12           5
     6.98688    16.48118     9.56474
    -0.92068     0.39031     0.00000
    -0.39031    -0.92068     0.00000
     0.00000     0.00000     1.00000
           0           4          12           6
     6.98688    16.48118    15.94014
    -0.92068     0.39031     0.00000
    -0.39031    -0.92068     0.00000
     0.00000     0.00000     1.00000
           0           4          13           1
    -6.99050    16.47965    15.92717
     0.92060     0.39051     0.00000
     0.39051    -0.92060     0.00000
     0.00000    -0.00000    -1.00000
           0           4          13           2
    -6.99050    16.47965     9.55177
     0.92060     0.39051     0.00000
     0.39051    -0.92060     0.00000
     0.00000    -0.00000    -1.00000
           0           4          13           3
    -6.99050    16.47965     3.17637
     0.92060     0.39051     0.00000
     0.39051    -0.92060     0.00000
     0.00000    -0.00000    -1.00000
           0           4          13           4
    -6.99050    16.47965    -3.19903
     0.92060     0.39051     0.00000
     0.39051    -0.92060     0.00000
     0.00000    -0.00000    -1.00000
           0           4          13           5
    -6.99050    16.47965    -9.57443
     0.92060     0.39051     0.00000
     0.39051    -0.92060     0.00000
     0.00000    -0.00000    -1.00000
           0           4          13           6
    -6.99050    16.47965   -15.94983
     0.92060     0.39051     0.00000
     0.39051    -0.92060     0.00000
     0.00000    -0.00000    -1.00000
           0           4          14           1
    -9.46511    13.74291    15.93821
     0.82357     0.56721     0.00000
     0.56721    -0.82357     0.00000
     0.00000    -0.00000    -1.00000
           0           4          14           2
    -9.46511    13.74291     9.56281
     0.82357     0.56721     0.00000
     0.56721    -0.82357     0.00000
     0.00000    -0.00000    -1.00000
           0           4          14           3
    -9.46511    13.74291     3.18741
     0.82357     0.56721     0.00000
     0.56721    -0.82357     0.00000
     0.00000    -0.00000    -1.00000
           0           4          14           4
    -9.46511    13.74291    -3.18799
     0.82357     0.56721     0.00000
     0.56721    -0.82357     0.00000
     0.00000    -0.00000    -1.00000
           0           4          14           5
    -9.46511    13.74291    -9.56339
     0.82357     0.56721     0.00000
     0.56721    -0.82357     0.00000
     0.00000    -0.00000    -1.00000
           0           4          14           6
    -9.46511    13.74291   -15.93879
     0.82357     0.56721     0.00000
     0.56721    -0.82357     0.00000
     0.00000    -0.00000    -1.00000
           0           4          15           1
   -11.29934    10.57065    15.94694
     0.68316     0.73027    -0.00000
     0.73027    -0.68316    -0.00000
    -0.00000     0.00000    -1.00000
           0           4          15           2
   -11.29934    10.57065     9.57154
     0.68316     0.73027    -0.00000
     0.73027    -0.68316    -0.00000
    -0.00000     0.00000    -1.00000
           0           4          15           3
   -11.29934    10.57065     3.19614
     0.68316     0.73027    -0.00000
     0.73027    -0.68316    -0.00000
    -0.00000     0.00000    -1.00000
           0           4          15           4
   -11.29934    10.57065    -3.17926
     0.68316     0.73027    -0.00000
     0.73027    -0.68316    -0.00000
    -0.00000     0.00000    -1.00000
           0           4          15           5
   -11.29934    10.57065    -9.55466
     0.68316     0.73027    -0.00000
     0.73027    -0.68316    -0.00000
    -0.00000     0.00000    -1.00000
           0           4          15           6
   -11.29934    10.57065   -15.93006
     0.68316     0.73027    -0.00000
     0.73027    -0.68316    -0.00000
    -0.00000     0.00000    -1.00000
           0           4          16           1
   -15.32533     9.25095    15.94250
     0.51678     0.85612    -0.00000
     0.85612    -0.51678    -0.00000
    -0.00000     0.00000    -1.00000
           0           4          16           2
   -15.32533     9.25095     9.56710
     0.51678     0.85612    -0.00000
     0.85612    -0.51678    -0.00000
    -0.00000     0.00000    -1.00000
           0           4          16           3
   -15.32533     9.25095     3.19170
     0.51678     0.85612    -0.00000
     0.85612    -0.51678    -0.00000
    -0.00000     0.00000    -1.00000
           0           4          16           4
   -15.32533     9.25095    -3.18370
     0.51678     0.85612    -0.00000
     0.85612    -0.51678    -0.00000
    -0.00000     0.00000    -1.00000
           0           4          16           5
   -15.32533     9.25095    -9.55910
     0.51678     0.85612    -0.00000
     0.85612    -0.51678    -0.00000
    -0.00000     0.00000    -1.00000
           0           4          16           6
   -15.32533     9.25095   -15.93450
     0.51678     0.85612    -0.00000
     0.85612    -0.51678    -0.00000
    -0.00000     0.00000    -1.00000
           0           4          17           1
   -15.73859     5.54552    15.93850
     0.33233     0.94316    -0.00000
     0.94316    -0.33233    -0.00000
    -0.00000     0.00000    -1.00000
           0           4          17           2
   -15.73859     5.54552     9.56310
     0.33233     0.94316    -0.00000
     0.94316    -0.33233    -0.00000
    -0.00000     0.00000    -1.00000
           0           4          17           3
   -15.73859     5.54552     3.18770
     0.33233     0.94316    -0.00000
     0.94316    -0.33233    -0.00000
    -0.00000     0.00000    -1.00000
           0           4          17           4
   -15.73859     5.54552    -3.18770
     0.33233     0.94316    -0.00000
     0.94316    -0.33233    -0.00000
    -0.00000     0.00000    -1.00000
           0           4          17           5
   -15.73859     5.54552    -9.56310
     0.33233     0.94316    -0.00000
     0.94316    -0.33233    -0.00000
    -0.00000     0.00000    -1.00000
           0           4          17           6
   -15.73859     5.54552   -15.93850
     0.33233     0.94316    -0.00000
     0.94316    -0.33233    -0.00000
    -0.00000     0.00000    -1.00000
           0           4          18           1
   -15.36975     1.78449    15.91257
     0.11533     0.99333    -0.00000
     0.99333    -0.11533    -0.00000
    -0.00000     0.00000    -1.00000
           0           4          18           2
   -15.36975     1.78449     9.53716
     0.11533     0.99333    -0.00000
     0.99333    -0.11533    -0.00000
    -0.00000     0.00000    -1.00000
           0           4          18           3
   -15.36975     1.78449     3.16177
     0.11533     0.99333    -0.00000
     0.99333    -0.11533    -0.00000
    -0.00000     0.00000    -1.00000
           0           4          18           4
   -15.36975     1.78449    -3.21363
     0.11533     0.99333    -0.00000
     0.99333    -0.11533    -0.00000
    -0.00000     0.00000    -1.00000
           0           4          18           5
   -15.36975     1.78449    -9.58904
     0.11533     0.99333    -0.00000
     0.99333    -0.11533    -0.00000
    -0.00000     0.00000    -1.00000
           0           4          18           6
   -15.36975     1.78449   -15.96444
     0.11533     0.99333    -0.00000
     0.99333    -0.11533    -0.00000
    -0.00000     0.00000    -1.00000
           0           4          19           1
   -17.82820    -1.61272    15.93041
    -0.09009     0.99593    -0.00000
     0.99593     0.09009    -0.00000
    -0.00000    -0.00000    -1.00000
           0           4          19           2
   -17.82820    -1.61272     9.55501
    -0.09009     0.99593    -0.00000
     0.99593     0.09009    -0.00000
    -0.00000    -0.00000    -1.00000
           0           4          19           3
   -17.82820    -1.61272     3.17961
    -0.09009     0.99593    -0.00000
     0.99593     0.09009    -0.00000
    -0.00000    -0.00000    -1.00000
           0           4          19           4
   -17.82820    -1.61272    -3.19579
    -0.09009     0.99593    -0.00000
     0.99593     0.09009    -0.00000
    -0.00000    -0.00000    -1.00000
           0           4          19           5
   -17.82820    -1.61272    -9.57119
    -0.09009     0.99593    -0.00000
     0.99593     0.09009    -0.00000
    -0.00000    -0.00000    -1.00000
           0           4          19           6
   -17.82820    -1.61272   -15.94659
    -0.09009     0.99593    -0.00000
     0.99593     0.09009    -0.00000
    -0.00000    -0.00000    -1.00000
           0           4          20           1
   -15.98522    -4.78840    15.94094
    -0.28696     0.95794    -0.00000
     0.95794     0.28696    -0.00000
    -0.00000    -0.00000    -1.00000
           0           4          20           2
   -15.98522    -4.78840     9.56554
    -0.28696     0.95794    -0.00000
     0.95794     0.28696    -0.00000
    -0.00000    -0.00000    -1.00000
           0           4          20           3
   -15.98522    -4.78840     3.19014
    -0.28696     0.95794    -0.00000
     0.95794     0.28696    -0.00000
    -0.00000    -0.00000    -1.00000
           0           4          20           4
   -15.98522    -4.78840    -3.18526
    -0.28696     0.95794    -0.00000
     0.95794     0.28696    -0.00000
    -0.00000    -0.00000    -1.00000
           0           4          20           5
   -15.98522    -4.78840    -9.56066
    -0.28696     0.95794    -0.00000
     0.95794     0.28696    -0.00000
    -0.00000    -0.00000    -1.00000
           0           4          20           6
   -15.98522    -4.78840   -15.93606
    -0.28696     0.95794    -0.00000
     0.95794     0.28696    -0.00000
    -0.00000    -0.00000    -1.00000
           0           4          21           1
   -13.51699    -7.53024    15.94445
    -0.48667     0.87359    -0.00000
     0.87359     0.48667    -0.00000
    -0.00000    -0.00000    -1.00000
           0           4          21           2
   -13.51699    -7.53024     9.56905
    -0.48667     0.87359    -0.00000
     0.87359     0.48667    -0.00000
    -0.00000    -0.00000    -1.00000
           0           4          21           3
   -13.51699    -7.53024     3.19365
    -0.48667     0.87359    -0.00000
     0.87359     0.48667    -0.00000
    -0.00000    -0.00000    -1.00000
           0           4          21           4
   -13.51699    -7.53024    -3.18175
    -0.48667     0.87359    -0.00000
     0.87359     0.48667    -0.00000
    -0.00000    -0.00000    -1.00000
           0           4          21           5
   -13.51699    -7.53024    -9.55715
    -0.48667     0.87359    -0.00000
     0.87359     0.48667    -0.00000
    -0.00000    -0.00000    -1.00000
           0           4          21           6
   -13.51699    -7.53024   -15.93255
    -0.48667     0.87359    -0.00000
     0.87359     0.48667    -0.00000
    -0.00000    -0.00000    -1.00000
           0           4          22           1
   -13.49912   -11.75668    15.92488
    -0.65676     0.75410    -0.00000
     0.75410     0.65676    -0.00000
    -0.00000    -0.00000    -1.00000
           0           4          22           2
   -13.49912   -11.75668     9.54948
    -0.65676     0.75410    -0.00000
     0.75410     0.65676    -0.00000
    -0.00000    -0.00000    -1.00000
           0           4          22           3
   -13.49912   -11.75668     3.17408
    -0.65676     0.75410    -0.00000
     0.75410     0.65676    -0.00000
    -0.00000    -0.00000    -1.00000
           0           4          22           4
   -13.49912   -11.75668    -3.20132
    -0.65676     0.75410    -0.00000
     0.75410     0.65676    -0.00000
    -0.00000    -0.00000    -1.00000
           0           4          22           5
   -13.49912   -11.75668    -9.57672
    -0.65676     0.75410    -0.00000
     0.75410     0.65676    -0.00000
    -0.00000    -0.00000    -1.00000
           0           4          22           6
   -13.49912   -11.75668   -15.95212
    -0.65676     0.75410    -0.00000
     0.75410     0.65676    -0.00000
    -0.00000    -0.00000    -1.00000
           0           4          23           1
   -10.13506   -13.25656    15.93484
    -0.79442     0.60736    -0.00000
     0.60736     0.79442    -0.00000
    -0.00000    -0.00000    -1.00000
           0           4          23           2
   -10.13506   -13.25656     9.55944
    -0.79442     0.60736    -0.00000
     0.60736     0.79442    -0.00000
    -0.00000    -0.00000    -1.00000
           0           4          23           3
   -10.13506   -13.25656     3.18404
    -0.79442     0.60736    -0.00000
     0.60736     0.79442    -0.00000
    -0.00000    -0.00000    -1.00000
           0           4          23           4
   -10.13506   -13.25656    -3.19136
    -0.79442     0.60736    -0.00000
     0.60736     0.79442    -0.00000
    -0.00000    -0.00000    -1.00000
           0           4          23           5
   -10.13506   -13.25656    -9.56676
    -0.79442     0.60736    -0.00000
     0.60736     0.79442    -0.00000
    -0.00000    -0.00000    -1.00000
           0           4          23           6
   -10.13506   -13.25656   -15.94216
    -0.79442     0.60736    -0.00000
     0.60736     0.79442    -0.00000
    -0.00000    -0.00000    -1.00000
           0           4          24           1
    -6.50734   -14.03810    15.93850
    -0.90726     0.42056    -0.00000
     0.42056     0.90726    -0.00000
    -0.00000    -0.00000    -1.00000
           0           4          24           2
    -6.50734   -14.03810     9.56310
    -0.90726     0.42056    -0.00000
     0.42056     0.90726    -0.00000
    -0.00000    -0.00000    -1.00000
           0           4          24           3
    -6.50734   -14.03810     3.18770
    -0.90726     0.42056    -0.00000
     0.42056     0.90726    -0.00000
    -0.00000    -0.00000    -1.00000
           0           4          24           4
    -6.50734   -14.03810    -3.18770
    -0.90726     0.42056    -0.00000
     0.42056     0.90726    -0.00000
    -0.00000    -0.00000    -1.00000
           0           4          24           5
    -6.50734   -14.03810    -9.56310
    -0.90726     0.42056    -0.00000
     0.42056     0.90726    -0.00000
    -0.00000    -0.00000    -1.00000
           0           4          24           6
    -6.50734   -14.03810   -15.93850
    -0.90726     0.42056    -0.00000
     0.42056     0.90726    -0.00000
    -0.00000    -0.00000    -1.00000
