 SVX cage parameters:
     2.20000
     0.50000     0.20000
     0.00000
           6
   -40.00000   -26.50000   -26.50000    26.50000    26.50000    40.00000
    53.00000    53.00000    22.14782    22.14782    53.00000    53.00000
     0.00000     0.00000     0.00000
 SVX barrel parameters:
           4
     2.63000     5.19260    11.76500    16.68700     1.14100
     0.00000     0.00000     0.00000     0.00000
           4           4           5           6
     0.69600     0.69600     1.74500     1.74500
     0.01000     0.01000     0.03125     0.03125
     2.83600     2.83600     3.18770     3.18770
     0.01900     0.01900     0.00000     0.00000
     0.02000     0.02000     0.00000     0.00000
    26.70000    13.62600    17.00000    12.00000
   -13.00000   -12.98000     0.00000     0.00000
           2
           5           5
     0.00000   180.00000
           2
          10          10
     0.00000   180.00000
           2
           8           8
     0.00000   180.00000
           2
          12          12
     0.00000   180.00000
 SVX barrel sensor rotation matrices and translation vectors:
           0           1           1           1
     1.59997    -2.13125     8.68702
     0.63997     0.76840    -0.00000
    -0.76840     0.63997    -0.00000
    -0.00000     0.00000     1.00000
           0           1           1           2
     1.59997    -2.13125     2.99503
     0.63997     0.76840    -0.00000
    -0.76840     0.63997    -0.00000
    -0.00000     0.00000     1.00000
           0           1           1           3
     1.59997    -2.13125    -2.69699
     0.63997     0.76840    -0.00000
    -0.76840     0.63997    -0.00000
    -0.00000     0.00000     1.00000
           0           1           1           4
     1.59997    -2.13125    -8.38899
     0.63997     0.76840    -0.00000
    -0.76840     0.63997    -0.00000
    -0.00000     0.00000     1.00000
           0           1           2           1
     2.35989    -1.18579     8.68685
     0.22688     0.97392    -0.00000
    -0.97392     0.22688    -0.00000
     0.00000     0.00000     1.00000
           0           1           2           2
     2.35989    -1.18579     2.99486
     0.22688     0.97392    -0.00000
    -0.97392     0.22688    -0.00000
     0.00000     0.00000     1.00000
           0           1           2           3
     2.35989    -1.18579    -2.69715
     0.22688     0.97392    -0.00000
    -0.97392     0.22688    -0.00000
     0.00000     0.00000     1.00000
           0           1           2           4
     2.35989    -1.18579    -8.38915
     0.22688     0.97392    -0.00000
    -0.97392     0.22688    -0.00000
     0.00000     0.00000     1.00000
           0           1           3           1
     2.62006    -0.00489     8.67945
    -0.23474     0.97206     0.00000
    -0.97206    -0.23474     0.00000
     0.00000     0.00000     1.00000
           0           1           3           2
     2.62006    -0.00489     2.98746
    -0.23474     0.97206     0.00000
    -0.97206    -0.23474     0.00000
     0.00000     0.00000     1.00000
           0           1           3           3
     2.62006    -0.00489    -2.70455
    -0.23474     0.97206     0.00000
    -0.97206    -0.23474     0.00000
     0.00000     0.00000     1.00000
           0           1           3           4
     2.62006    -0.00489    -8.39655
    -0.23474     0.97206     0.00000
    -0.97206    -0.23474     0.00000
     0.00000     0.00000     1.00000
           0           1           4           1
     2.33842     1.17634     8.68522
    -0.64729     0.76225     0.00000
    -0.76225    -0.64729     0.00000
     0.00000     0.00000     1.00000
           0           1           4           2
     2.33842     1.17634     2.99323
    -0.64729     0.76225     0.00000
    -0.76225    -0.64729     0.00000
     0.00000     0.00000     1.00000
           0           1           4           3
     2.33842     1.17634    -2.69878
    -0.64729     0.76225     0.00000
    -0.76225    -0.64729     0.00000
     0.00000     0.00000     1.00000
           0           1           4           4
     2.33842     1.17634    -8.39078
    -0.64729     0.76225     0.00000
    -0.76225    -0.64729     0.00000
     0.00000     0.00000     1.00000
           0           1           5           1
     1.54921     2.09648     8.67208
    -0.92080     0.39003     0.00000
    -0.39003    -0.92080     0.00000
     0.00000     0.00000     1.00000
           0           1           5           2
     1.54921     2.09648     2.98009
    -0.92080     0.39003     0.00000
    -0.39003    -0.92080     0.00000
     0.00000     0.00000     1.00000
           0           1           5           3
     1.54921     2.09648    -2.71192
    -0.92080     0.39003     0.00000
    -0.39003    -0.92080     0.00000
     0.00000     0.00000     1.00000
           0           1           5           4
     1.54921     2.09648    -8.40392
    -0.92080     0.39003     0.00000
    -0.39003    -0.92080     0.00000
     0.00000     0.00000     1.00000
           0           1           6           1
    -1.53878     2.07472    -8.53531
     0.92082     0.39000     0.00000
     0.39000    -0.92082     0.00000
     0.00000    -0.00000    -1.00000
           0           1           6           2
    -1.53878     2.07472    -2.84331
     0.92082     0.39000     0.00000
     0.39000    -0.92082     0.00000
     0.00000    -0.00000    -1.00000
           0           1           6           3
    -1.53878     2.07472     2.84869
     0.92082     0.39000     0.00000
     0.39000    -0.92082     0.00000
     0.00000    -0.00000    -1.00000
           0           1           6           4
    -1.53878     2.07472     8.54069
     0.92082     0.39000     0.00000
     0.39000    -0.92082     0.00000
     0.00000    -0.00000    -1.00000
           0           1           7           1
    -2.31786     1.16166    -8.53534
     0.64709     0.76241     0.00000
     0.76241    -0.64709     0.00000
     0.00000    -0.00000    -1.00000
           0           1           7           2
    -2.31786     1.16166    -2.84334
     0.64709     0.76241     0.00000
     0.76241    -0.64709     0.00000
     0.00000    -0.00000    -1.00000
           0           1           7           3
    -2.31786     1.16166     2.84866
     0.64709     0.76241     0.00000
     0.76241    -0.64709     0.00000
     0.00000    -0.00000    -1.00000
           0           1           7           4
    -2.31786     1.16166     8.54066
     0.64709     0.76241     0.00000
     0.76241    -0.64709     0.00000
     0.00000    -0.00000    -1.00000
           0           1           8           1
    -2.61821     0.00434    -8.54879
     0.23515     0.97196    -0.00000
     0.97196    -0.23515    -0.00000
    -0.00000     0.00000    -1.00000
           0           1           8           2
    -2.61821     0.00434    -2.85679
     0.23515     0.97196    -0.00000
     0.97196    -0.23515    -0.00000
    -0.00000     0.00000    -1.00000
           0           1           8           3
    -2.61821     0.00434     2.83521
     0.23515     0.97196    -0.00000
     0.97196    -0.23515    -0.00000
    -0.00000     0.00000    -1.00000
           0           1           8           4
    -2.61821     0.00434     8.52721
     0.23515     0.97196    -0.00000
     0.97196    -0.23515    -0.00000
    -0.00000     0.00000    -1.00000
           0           1           9           1
    -2.35730    -1.17136    -8.53206
    -0.22662     0.97398    -0.00000
     0.97398     0.22662    -0.00000
    -0.00000    -0.00000    -1.00000
           0           1           9           2
    -2.35730    -1.17136    -2.84006
    -0.22662     0.97398    -0.00000
     0.97398     0.22662    -0.00000
    -0.00000    -0.00000    -1.00000
           0           1           9           3
    -2.35730    -1.17136     2.85194
    -0.22662     0.97398    -0.00000
     0.97398     0.22662    -0.00000
    -0.00000    -0.00000    -1.00000
           0           1           9           4
    -2.35730    -1.17136     8.54394
    -0.22662     0.97398    -0.00000
     0.97398     0.22662    -0.00000
    -0.00000    -0.00000    -1.00000
           0           1          10           1
    -1.60959    -2.11409    -8.53071
    -0.64099     0.76755    -0.00000
     0.76755     0.64099    -0.00000
    -0.00000    -0.00000    -1.00000
           0           1          10           2
    -1.60959    -2.11409    -2.83871
    -0.64099     0.76755    -0.00000
     0.76755     0.64099    -0.00000
    -0.00000    -0.00000    -1.00000
           0           1          10           3
    -1.60959    -2.11409     2.85329
    -0.64099     0.76755    -0.00000
     0.76755     0.64099    -0.00000
    -0.00000    -0.00000    -1.00000
           0           1          10           4
    -1.60959    -2.11409     8.54529
    -0.64099     0.76755    -0.00000
     0.76755     0.64099    -0.00000
    -0.00000    -0.00000    -1.00000
           0           2           1           1
     2.53443    -4.56965     8.68253
     0.74595     0.66600    -0.00000
    -0.66600     0.74595    -0.00000
    -0.00000     0.00000     1.00000
           0           2           1           2
     2.53443    -4.56965     2.99054
     0.74595     0.66600    -0.00000
    -0.66600     0.74595    -0.00000
    -0.00000     0.00000     1.00000
           0           2           1           3
     2.53443    -4.56965    -2.70146
     0.74595     0.66600    -0.00000
    -0.66600     0.74595    -0.00000
    -0.00000     0.00000     1.00000
           0           2           1           4
     2.53443    -4.56965    -8.39347
     0.74595     0.66600    -0.00000
    -0.66600     0.74595    -0.00000
    -0.00000     0.00000     1.00000
           0           2           2           1
     3.52448    -3.85108     8.68879
     0.56810     0.82296    -0.00000
    -0.82296     0.56810    -0.00000
    -0.00000     0.00000     1.00000
           0           2           2           2
     3.52448    -3.85108     2.99679
     0.56810     0.82296    -0.00000
    -0.82296     0.56810    -0.00000
    -0.00000     0.00000     1.00000
           0           2           2           3
     3.52448    -3.85108    -2.69521
     0.56810     0.82296    -0.00000
    -0.82296     0.56810    -0.00000
    -0.00000     0.00000     1.00000
           0           2           2           4
     3.52448    -3.85108    -8.38721
     0.56810     0.82296    -0.00000
    -0.82296     0.56810    -0.00000
    -0.00000     0.00000     1.00000
           0           2           3           1
     4.32211    -2.91786     8.67519
     0.35828     0.93361    -0.00000
    -0.93361     0.35828    -0.00000
    -0.00000     0.00000     1.00000
           0           2           3           2
     4.32211    -2.91786     2.98319
     0.35828     0.93361    -0.00000
    -0.93361     0.35828    -0.00000
    -0.00000     0.00000     1.00000
           0           2           3           3
     4.32211    -2.91786    -2.70881
     0.35828     0.93361    -0.00000
    -0.93361     0.35828    -0.00000
    -0.00000     0.00000     1.00000
           0           2           3           4
     4.32211    -2.91786    -8.40081
     0.35828     0.93361    -0.00000
    -0.93361     0.35828    -0.00000
    -0.00000     0.00000     1.00000
           0           2           4           1
     4.88298    -1.82450     8.67630
     0.12899     0.99165    -0.00000
    -0.99165     0.12899    -0.00000
     0.00000     0.00000     1.00000
           0           2           4           2
     4.88298    -1.82450     2.98430
     0.12899     0.99165    -0.00000
    -0.99165     0.12899    -0.00000
     0.00000     0.00000     1.00000
           0           2           4           3
     4.88298    -1.82450    -2.70770
     0.12899     0.99165    -0.00000
    -0.99165     0.12899    -0.00000
     0.00000     0.00000     1.00000
           0           2           4           4
     4.88298    -1.82450    -8.39970
     0.12899     0.99165    -0.00000
    -0.99165     0.12899    -0.00000
     0.00000     0.00000     1.00000
           0           2           5           1
     5.17292    -0.62532     8.67185
    -0.10860     0.99409     0.00000
    -0.99409    -0.10860     0.00000
     0.00000     0.00000     1.00000
           0           2           5           2
     5.17292    -0.62532     2.97985
    -0.10860     0.99409     0.00000
    -0.99409    -0.10860     0.00000
     0.00000     0.00000     1.00000
           0           2           5           3
     5.17292    -0.62532    -2.71215
    -0.10860     0.99409     0.00000
    -0.99409    -0.10860     0.00000
     0.00000     0.00000     1.00000
           0           2           5           4
     5.17292    -0.62532    -8.40416
    -0.10860     0.99409     0.00000
    -0.99409    -0.10860     0.00000
     0.00000     0.00000     1.00000
           0           2           6           1
     5.18306     0.59990     8.65512
    -0.33960     0.94057     0.00000
    -0.94057    -0.33960     0.00000
     0.00000     0.00000     1.00000
           0           2           6           2
     5.18306     0.59990     2.96312
    -0.33960     0.94057     0.00000
    -0.94057    -0.33960     0.00000
     0.00000     0.00000     1.00000
           0           2           6           3
     5.18306     0.59990    -2.72888
    -0.33960     0.94057     0.00000
    -0.94057    -0.33960     0.00000
     0.00000     0.00000     1.00000
           0           2           6           4
     5.18306     0.59990    -8.42089
    -0.33960     0.94057     0.00000
    -0.94057    -0.33960     0.00000
     0.00000     0.00000     1.00000
           0           2           7           1
     4.87530     1.80567     8.67618
    -0.55210     0.83378     0.00000
    -0.83378    -0.55210     0.00000
     0.00000     0.00000     1.00000
           0           2           7           2
     4.87530     1.80567     2.98418
    -0.55210     0.83378     0.00000
    -0.83378    -0.55210     0.00000
     0.00000     0.00000     1.00000
           0           2           7           3
     4.87530     1.80567    -2.70782
    -0.55210     0.83378     0.00000
    -0.83378    -0.55210     0.00000
     0.00000     0.00000     1.00000
           0           2           7           4
     4.87530     1.80567    -8.39982
    -0.55210     0.83378     0.00000
    -0.83378    -0.55210     0.00000
     0.00000     0.00000     1.00000
           0           2           8           1
     4.30950     2.88537     8.67378
    -0.73322     0.67999     0.00000
    -0.67999    -0.73322     0.00000
     0.00000     0.00000     1.00000
           0           2           8           2
     4.30950     2.88537     2.98178
    -0.73322     0.67999     0.00000
    -0.67999    -0.73322     0.00000
     0.00000     0.00000     1.00000
           0           2           8           3
     4.30950     2.88537    -2.71022
    -0.73322     0.67999     0.00000
    -0.67999    -0.73322     0.00000
     0.00000     0.00000     1.00000
           0           2           8           4
     4.30950     2.88537    -8.40222
    -0.73322     0.67999     0.00000
    -0.67999    -0.73322     0.00000
     0.00000     0.00000     1.00000
           0           2           9           1
     3.50045     3.81073     8.66320
    -0.87287     0.48795     0.00000
    -0.48795    -0.87287     0.00000
     0.00000     0.00000     1.00000
           0           2           9           2
     3.50045     3.81073     2.97120
    -0.87287     0.48795     0.00000
    -0.48795    -0.87287     0.00000
     0.00000     0.00000     1.00000
           0           2           9           3
     3.50045     3.81073    -2.72080
    -0.87287     0.48795     0.00000
    -0.48795    -0.87287     0.00000
     0.00000     0.00000     1.00000
           0           2           9           4
     3.50045     3.81073    -8.41280
    -0.87287     0.48795     0.00000
    -0.48795    -0.87287     0.00000
     0.00000     0.00000     1.00000
           0           2          10           1
     2.50789     4.52630     8.67662
    -0.96307     0.26924     0.00000
    -0.26924    -0.96307     0.00000
     0.00000     0.00000     1.00000
           0           2          10           2
     2.50789     4.52630     2.98462
    -0.96307     0.26924     0.00000
    -0.26924    -0.96307     0.00000
     0.00000     0.00000     1.00000
           0           2          10           3
     2.50789     4.52630    -2.70738
    -0.96307     0.26924     0.00000
    -0.26924    -0.96307     0.00000
     0.00000     0.00000     1.00000
           0           2          10           4
     2.50789     4.52630    -8.39938
    -0.96307     0.26924     0.00000
    -0.26924    -0.96307     0.00000
     0.00000     0.00000     1.00000
           0           2          11           1
    -2.48196     4.51830    -8.54596
     0.96362     0.26727     0.00000
     0.26727    -0.96362     0.00000
     0.00000    -0.00000    -1.00000
           0           2          11           2
    -2.48196     4.51830    -2.85396
     0.96362     0.26727     0.00000
     0.26727    -0.96362     0.00000
     0.00000    -0.00000    -1.00000
           0           2          11           3
    -2.48196     4.51830     2.83803
     0.96362     0.26727     0.00000
     0.26727    -0.96362     0.00000
     0.00000    -0.00000    -1.00000
           0           2          11           4
    -2.48196     4.51830     8.53004
     0.96362     0.26727     0.00000
     0.26727    -0.96362     0.00000
     0.00000    -0.00000    -1.00000
           0           2          12           1
    -3.51177     3.83693    -8.54709
     0.87351     0.48681     0.00000
     0.48681    -0.87351     0.00000
     0.00000    -0.00000    -1.00000
           0           2          12           2
    -3.51177     3.83693    -2.85509
     0.87351     0.48681     0.00000
     0.48681    -0.87351     0.00000
     0.00000    -0.00000    -1.00000
           0           2          12           3
    -3.51177     3.83693     2.83691
     0.87351     0.48681     0.00000
     0.48681    -0.87351     0.00000
     0.00000    -0.00000    -1.00000
           0           2          12           4
    -3.51177     3.83693     8.52891
     0.87351     0.48681     0.00000
     0.48681    -0.87351     0.00000
     0.00000    -0.00000    -1.00000
           0           2          13           1
    -4.28482     2.88625    -8.55075
     0.73441     0.67870     0.00000
     0.67870    -0.73441     0.00000
     0.00000    -0.00000    -1.00000
           0           2          13           2
    -4.28482     2.88625    -2.85875
     0.73441     0.67870     0.00000
     0.67870    -0.73441     0.00000
     0.00000    -0.00000    -1.00000
           0           2          13           3
    -4.28482     2.88625     2.83325
     0.73441     0.67870     0.00000
     0.67870    -0.73441     0.00000
     0.00000    -0.00000    -1.00000
           0           2          13           4
    -4.28482     2.88625     8.52525
     0.73441     0.67870     0.00000
     0.67870    -0.73441     0.00000
     0.00000    -0.00000    -1.00000
           0           2          14           1
    -4.84831     1.79933    -8.54842
     0.55348     0.83286     0.00000
     0.83286    -0.55348     0.00000
     0.00000    -0.00000    -1.00000
           0           2          14           2
    -4.84831     1.79933    -2.85642
     0.55348     0.83286     0.00000
     0.83286    -0.55348     0.00000
     0.00000    -0.00000    -1.00000
           0           2          14           3
    -4.84831     1.79933     2.83558
     0.55348     0.83286     0.00000
     0.83286    -0.55348     0.00000
     0.00000    -0.00000    -1.00000
           0           2          14           4
    -4.84831     1.79933     8.52758
     0.55348     0.83286     0.00000
     0.83286    -0.55348     0.00000
     0.00000    -0.00000    -1.00000
           0           2          15           1
    -5.14379     0.61788    -8.55033
     0.34221     0.93962    -0.00000
     0.93962    -0.34221    -0.00000
    -0.00000     0.00000    -1.00000
           0           2          15           2
    -5.14379     0.61788    -2.85833
     0.34221     0.93962    -0.00000
     0.93962    -0.34221    -0.00000
    -0.00000     0.00000    -1.00000
           0           2          15           3
    -5.14379     0.61788     2.83367
     0.34221     0.93962    -0.00000
     0.93962    -0.34221    -0.00000
    -0.00000     0.00000    -1.00000
           0           2          15           4
    -5.14379     0.61788     8.52567
     0.34221     0.93962    -0.00000
     0.93962    -0.34221    -0.00000
    -0.00000     0.00000    -1.00000
           0           2          16           1
    -5.15584    -0.60503    -8.54392
     0.11040     0.99389    -0.00000
     0.99389    -0.11040    -0.00000
    -0.00000     0.00000    -1.00000
           0           2          16           2
    -5.15584    -0.60503    -2.85192
     0.11040     0.99389    -0.00000
     0.99389    -0.11040    -0.00000
    -0.00000     0.00000    -1.00000
           0           2          16           3
    -5.15584    -0.60503     2.84008
     0.11040     0.99389    -0.00000
     0.99389    -0.11040    -0.00000
    -0.00000     0.00000    -1.00000
           0           2          16           4
    -5.15584    -0.60503     8.53208
     0.11040     0.99389    -0.00000
     0.99389    -0.11040    -0.00000
    -0.00000     0.00000    -1.00000
           0           2          17           1
    -4.87682    -1.79646    -8.54549
    -0.12623     0.99200    -0.00000
     0.99200     0.12623    -0.00000
    -0.00000    -0.00000    -1.00000
           0           2          17           2
    -4.87682    -1.79646    -2.85349
    -0.12623     0.99200    -0.00000
     0.99200     0.12623    -0.00000
    -0.00000    -0.00000    -1.00000
           0           2          17           3
    -4.87682    -1.79646     2.83851
    -0.12623     0.99200    -0.00000
     0.99200     0.12623    -0.00000
    -0.00000    -0.00000    -1.00000
           0           2          17           4
    -4.87682    -1.79646     8.53051
    -0.12623     0.99200    -0.00000
     0.99200     0.12623    -0.00000
    -0.00000    -0.00000    -1.00000
           0           2          18           1
    -4.32527    -2.89326    -8.54697
    -0.35647     0.93431    -0.00000
     0.93431     0.35647    -0.00000
    -0.00000    -0.00000    -1.00000
           0           2          18           2
    -4.32527    -2.89326    -2.85497
    -0.35647     0.93431    -0.00000
     0.93431     0.35647    -0.00000
    -0.00000    -0.00000    -1.00000
           0           2          18           3
    -4.32526    -2.89326     2.83703
    -0.35647     0.93431    -0.00000
     0.93431     0.35647    -0.00000
    -0.00000    -0.00000    -1.00000
           0           2          18           4
    -4.32526    -2.89326     8.52903
    -0.35647     0.93431    -0.00000
     0.93431     0.35647    -0.00000
    -0.00000    -0.00000    -1.00000
           0           2          19           1
    -3.53481    -3.82800    -8.53993
    -0.56674     0.82390    -0.00000
     0.82390     0.56674    -0.00000
    -0.00000    -0.00000    -1.00000
           0           2          19           2
    -3.53481    -3.82800    -2.84793
    -0.56674     0.82390    -0.00000
     0.82390     0.56674    -0.00000
    -0.00000    -0.00000    -1.00000
           0           2          19           3
    -3.53481    -3.82800     2.84407
    -0.56674     0.82390    -0.00000
     0.82390     0.56674    -0.00000
    -0.00000    -0.00000    -1.00000
           0           2          19           4
    -3.53481    -3.82800     8.53607
    -0.56674     0.82390    -0.00000
     0.82390     0.56674    -0.00000
    -0.00000    -0.00000    -1.00000
           0           2          20           1
    -2.55522    -4.55438    -8.53970
    -0.74539     0.66662    -0.00000
     0.66662     0.74539    -0.00000
    -0.00000    -0.00000    -1.00000
           0           2          20           2
    -2.55522    -4.55438    -2.84770
    -0.74539     0.66662    -0.00000
     0.66662     0.74539    -0.00000
    -0.00000    -0.00000    -1.00000
           0           2          20           3
    -2.55522    -4.55438     2.84430
    -0.74539     0.66662    -0.00000
     0.66662     0.74539    -0.00000
    -0.00000    -0.00000    -1.00000
           0           2          20           4
    -2.55522    -4.55438     8.53630
    -0.74539     0.66662    -0.00000
     0.66662     0.74539    -0.00000
    -0.00000    -0.00000    -1.00000
           0           3           1           1
     5.67251   -10.33890    12.84510
    -0.87813    -0.47842     0.00000
    -0.47842     0.87813     0.00000
    -0.00000     0.00000    -1.00000
           0           3           1           2
     5.67251   -10.33890     6.46970
    -0.87813    -0.47842     0.00000
    -0.47842     0.87813     0.00000
    -0.00000     0.00000    -1.00000
           0           3           1           3
     5.67251   -10.33890     0.09430
    -0.87813    -0.47842     0.00000
    -0.47842     0.87813     0.00000
    -0.00000     0.00000    -1.00000
           0           3           1           4
     5.67251   -10.33890    -6.28110
    -0.87813    -0.47842     0.00000
    -0.47842     0.87813     0.00000
    -0.00000     0.00000    -1.00000
           0           3           1           5
     5.67251   -10.33890   -12.65650
    -0.87813    -0.47842     0.00000
    -0.47842     0.87813     0.00000
    -0.00000     0.00000    -1.00000
           0           3           2           1
     7.56802    -7.14210    12.83617
    -0.68670    -0.72694     0.00000
    -0.72694     0.68670     0.00000
    -0.00000     0.00000    -1.00000
           0           3           2           2
     7.56802    -7.14210     6.46078
    -0.68670    -0.72694     0.00000
    -0.72694     0.68670     0.00000
    -0.00000     0.00000    -1.00000
           0           3           2           3
     7.56802    -7.14210     0.08538
    -0.68670    -0.72694     0.00000
    -0.72694     0.68670     0.00000
    -0.00000     0.00000    -1.00000
           0           3           2           4
     7.56802    -7.14210    -6.29002
    -0.68670    -0.72694     0.00000
    -0.72694     0.68670     0.00000
    -0.00000     0.00000    -1.00000
           0           3           2           5
     7.56802    -7.14210   -12.66542
    -0.68670    -0.72694     0.00000
    -0.72694     0.68670     0.00000
    -0.00000     0.00000    -1.00000
           0           3           3           1
    11.44790    -5.63120    12.83573
    -0.44196    -0.89704     0.00000
    -0.89704     0.44196     0.00000
    -0.00000     0.00000    -1.00000
           0           3           3           2
    11.44790    -5.63120     6.46033
    -0.44196    -0.89704     0.00000
    -0.89704     0.44196     0.00000
    -0.00000     0.00000    -1.00000
           0           3           3           3
    11.44789    -5.63120     0.08493
    -0.44196    -0.89704     0.00000
    -0.89704     0.44196     0.00000
    -0.00000     0.00000    -1.00000
           0           3           3           4
    11.44789    -5.63120    -6.29047
    -0.44196    -0.89704     0.00000
    -0.89704     0.44196     0.00000
    -0.00000     0.00000    -1.00000
           0           3           3           5
    11.44789    -5.63120   -12.66587
    -0.44196    -0.89704     0.00000
    -0.89704     0.44196     0.00000
    -0.00000     0.00000    -1.00000
           0           3           4           1
    11.53372    -2.06913    12.84495
    -0.17684    -0.98424     0.00000
    -0.98424     0.17684     0.00000
    -0.00000     0.00000    -1.00000
           0           3           4           2
    11.53372    -2.06913     6.46954
    -0.17684    -0.98424     0.00000
    -0.98424     0.17684     0.00000
    -0.00000     0.00000    -1.00000
           0           3           4           3
    11.53372    -2.06913     0.09414
    -0.17684    -0.98424     0.00000
    -0.98424     0.17684     0.00000
    -0.00000     0.00000    -1.00000
           0           3           4           4
    11.53372    -2.06913    -6.28126
    -0.17684    -0.98424     0.00000
    -0.98424     0.17684     0.00000
    -0.00000     0.00000    -1.00000
           0           3           4           5
    11.53372    -2.06913   -12.65666
    -0.17684    -0.98424     0.00000
    -0.98424     0.17684     0.00000
    -0.00000     0.00000    -1.00000
           0           3           5           1
    10.06581     1.38219    12.81309
     0.13669    -0.99061     0.00000
    -0.99061    -0.13669     0.00000
    -0.00000    -0.00000    -1.00000
           0           3           5           2
    10.06581     1.38219     6.43769
     0.13669    -0.99061     0.00000
    -0.99061    -0.13669     0.00000
    -0.00000    -0.00000    -1.00000
           0           3           5           3
    10.06581     1.38219     0.06229
     0.13669    -0.99061     0.00000
    -0.99061    -0.13669     0.00000
    -0.00000    -0.00000    -1.00000
           0           3           5           4
    10.06581     1.38219    -6.31311
     0.13669    -0.99061     0.00000
    -0.99061    -0.13669     0.00000
    -0.00000    -0.00000    -1.00000
           0           3           5           5
    10.06581     1.38219   -12.68851
     0.13669    -0.99061     0.00000
    -0.99061    -0.13669     0.00000
    -0.00000    -0.00000    -1.00000
           0           3           6           1
    11.77572     5.49954    12.87083
     0.42358    -0.90586     0.00000
    -0.90586    -0.42358     0.00000
    -0.00000    -0.00000    -1.00000
           0           3           6           2
    11.77572     5.49954     6.49543
     0.42358    -0.90586     0.00000
    -0.90586    -0.42358     0.00000
    -0.00000    -0.00000    -1.00000
           0           3           6           3
    11.77572     5.49954     0.12003
     0.42358    -0.90586     0.00000
    -0.90586    -0.42358     0.00000
    -0.00000    -0.00000    -1.00000
           0           3           6           4
    11.77572     5.49954    -6.25537
     0.42358    -0.90586     0.00000
    -0.90586    -0.42358     0.00000
    -0.00000    -0.00000    -1.00000
           0           3           6           5
    11.77572     5.49954   -12.63077
     0.42358    -0.90586     0.00000
    -0.90586    -0.42358     0.00000
    -0.00000    -0.00000    -1.00000
           0           3           7           1
     8.85494     7.69008    12.85414
     0.65780    -0.75319     0.00000
    -0.75319    -0.65780     0.00000
    -0.00000    -0.00000    -1.00000
           0           3           7           2
     8.85494     7.69008     6.47874
     0.65780    -0.75319     0.00000
    -0.75319    -0.65780     0.00000
    -0.00000    -0.00000    -1.00000
           0           3           7           3
     8.85494     7.69008     0.10333
     0.65780    -0.75319     0.00000
    -0.75319    -0.65780     0.00000
    -0.00000    -0.00000    -1.00000
           0           3           7           4
     8.85494     7.69008    -6.27207
     0.65780    -0.75319     0.00000
    -0.75319    -0.65780     0.00000
    -0.00000    -0.00000    -1.00000
           0           3           7           5
     8.85494     7.69008   -12.64746
     0.65780    -0.75319     0.00000
    -0.75319    -0.65780     0.00000
    -0.00000    -0.00000    -1.00000
           0           3           8           1
     5.33872     8.88720    12.84068
     0.85837    -0.51303     0.00000
    -0.51303    -0.85837     0.00000
    -0.00000    -0.00000    -1.00000
           0           3           8           2
     5.33872     8.88720     6.46528
     0.85837    -0.51303     0.00000
    -0.51303    -0.85837     0.00000
    -0.00000    -0.00000    -1.00000
           0           3           8           3
     5.33872     8.88720     0.08988
     0.85837    -0.51303     0.00000
    -0.51303    -0.85837     0.00000
    -0.00000    -0.00000    -1.00000
           0           3           8           4
     5.33872     8.88720    -6.28552
     0.85837    -0.51303     0.00000
    -0.51303    -0.85837     0.00000
    -0.00000    -0.00000    -1.00000
           0           3           8           5
     5.33872     8.88720   -12.66092
     0.85837    -0.51303     0.00000
    -0.51303    -0.85837     0.00000
    -0.00000    -0.00000    -1.00000
           0           3           9           1
    -5.33862     8.92778   -12.77929
    -0.85798    -0.51368     0.00000
     0.51368    -0.85798     0.00000
     0.00000     0.00000     1.00000
           0           3           9           2
    -5.33862     8.92778    -6.40389
    -0.85798    -0.51368     0.00000
     0.51368    -0.85798     0.00000
     0.00000     0.00000     1.00000
           0           3           9           3
    -5.33862     8.92778    -0.02848
    -0.85798    -0.51368     0.00000
     0.51368    -0.85798     0.00000
     0.00000     0.00000     1.00000
           0           3           9           4
    -5.33862     8.92778     6.34692
    -0.85798    -0.51368     0.00000
     0.51368    -0.85798     0.00000
     0.00000     0.00000     1.00000
           0           3           9           5
    -5.33862     8.92778    12.72232
    -0.85798    -0.51368     0.00000
     0.51368    -0.85798     0.00000
     0.00000     0.00000     1.00000
           0           3          10           1
    -8.83463     7.72038   -12.77170
    -0.65685    -0.75402    -0.00000
     0.75402    -0.65685    -0.00000
     0.00000    -0.00000     1.00000
           0           3          10           2
    -8.83463     7.72038    -6.39630
    -0.65685    -0.75402    -0.00000
     0.75402    -0.65685    -0.00000
     0.00000    -0.00000     1.00000
           0           3          10           3
    -8.83463     7.72038    -0.02090
    -0.65685    -0.75402    -0.00000
     0.75402    -0.65685    -0.00000
     0.00000    -0.00000     1.00000
           0           3          10           4
    -8.83463     7.72038     6.35450
    -0.65685    -0.75402    -0.00000
     0.75402    -0.65685    -0.00000
     0.00000    -0.00000     1.00000
           0           3          10           5
    -8.83463     7.72038    12.72990
    -0.65685    -0.75402    -0.00000
     0.75402    -0.65685    -0.00000
     0.00000    -0.00000     1.00000
           0           3          11           1
   -11.62217     5.44277   -12.78194
    -0.42253    -0.90635    -0.00000
     0.90635    -0.42253    -0.00000
     0.00000     0.00000     1.00000
           0           3          11           2
   -11.62217     5.44277    -6.40654
    -0.42253    -0.90635    -0.00000
     0.90635    -0.42253    -0.00000
     0.00000     0.00000     1.00000
           0           3          11           3
   -11.62217     5.44277    -0.03114
    -0.42253    -0.90635    -0.00000
     0.90635    -0.42253    -0.00000
     0.00000     0.00000     1.00000
           0           3          11           4
   -11.62217     5.44277     6.34426
    -0.42253    -0.90635    -0.00000
     0.90635    -0.42253    -0.00000
     0.00000     0.00000     1.00000
           0           3          11           5
   -11.62217     5.44277    12.71966
    -0.42253    -0.90635    -0.00000
     0.90635    -0.42253    -0.00000
     0.00000     0.00000     1.00000
           0           3          12           1
   -10.32244     1.43855   -12.76503
    -0.13623    -0.99068    -0.00000
     0.99068    -0.13623    -0.00000
     0.00000    -0.00000     1.00000
           0           3          12           2
   -10.32244     1.43855    -6.38963
    -0.13623    -0.99068    -0.00000
     0.99068    -0.13623    -0.00000
     0.00000    -0.00000     1.00000
           0           3          12           3
   -10.32244     1.43855    -0.01423
    -0.13623    -0.99068    -0.00000
     0.99068    -0.13623    -0.00000
     0.00000    -0.00000     1.00000
           0           3          12           4
   -10.32244     1.43855     6.36117
    -0.13623    -0.99068    -0.00000
     0.99068    -0.13623    -0.00000
     0.00000    -0.00000     1.00000
           0           3          12           5
   -10.32244     1.43855    12.73657
    -0.13623    -0.99068    -0.00000
     0.99068    -0.13623    -0.00000
     0.00000    -0.00000     1.00000
           0           3          13           1
   -11.47479    -2.02149   -12.77709
     0.17745    -0.98413    -0.00000
     0.98413     0.17745    -0.00000
     0.00000     0.00000     1.00000
           0           3          13           2
   -11.47479    -2.02149    -6.40169
     0.17745    -0.98413    -0.00000
     0.98413     0.17745    -0.00000
     0.00000     0.00000     1.00000
           0           3          13           3
   -11.47479    -2.02149    -0.02629
     0.17745    -0.98413    -0.00000
     0.98413     0.17745    -0.00000
     0.00000     0.00000     1.00000
           0           3          13           4
   -11.47479    -2.02149     6.34911
     0.17745    -0.98413    -0.00000
     0.98413     0.17745    -0.00000
     0.00000     0.00000     1.00000
           0           3          13           5
   -11.47479    -2.02149    12.72451
     0.17745    -0.98413    -0.00000
     0.98413     0.17745    -0.00000
     0.00000     0.00000     1.00000
           0           3          14           1
   -11.50812    -5.62766   -12.80130
     0.44237    -0.89683    -0.00000
     0.89683     0.44237    -0.00000
     0.00000     0.00000     1.00000
           0           3          14           2
   -11.50812    -5.62766    -6.42590
     0.44237    -0.89683    -0.00000
     0.89683     0.44237    -0.00000
     0.00000     0.00000     1.00000
           0           3          14           3
   -11.50812    -5.62766    -0.05050
     0.44237    -0.89683    -0.00000
     0.89683     0.44237    -0.00000
     0.00000     0.00000     1.00000
           0           3          14           4
   -11.50812    -5.62766     6.32490
     0.44237    -0.89683    -0.00000
     0.89683     0.44237    -0.00000
     0.00000     0.00000     1.00000
           0           3          14           5
   -11.50812    -5.62766    12.70030
     0.44237    -0.89683    -0.00000
     0.89683     0.44237    -0.00000
     0.00000     0.00000     1.00000
           0           3          15           1
    -7.53380    -7.08579   -12.77401
     0.68754    -0.72615    -0.00000
     0.72615     0.68754    -0.00000
     0.00000     0.00000     1.00000
           0           3          15           2
    -7.53380    -7.08579    -6.39861
     0.68754    -0.72615    -0.00000
     0.72615     0.68754    -0.00000
     0.00000     0.00000     1.00000
           0           3          15           3
    -7.53380    -7.08579    -0.02321
     0.68754    -0.72615    -0.00000
     0.72615     0.68754    -0.00000
     0.00000     0.00000     1.00000
           0           3          15           4
    -7.53380    -7.08579     6.35219
     0.68754    -0.72615    -0.00000
     0.72615     0.68754    -0.00000
     0.00000     0.00000     1.00000
           0           3          15           5
    -7.53380    -7.08579    12.72759
     0.68754    -0.72615    -0.00000
     0.72615     0.68754    -0.00000
     0.00000     0.00000     1.00000
           0           3          16           1
    -5.79348   -10.46466   -12.76571
     0.87843    -0.47786    -0.00000
     0.47786     0.87843    -0.00000
     0.00000     0.00000     1.00000
           0           3          16           2
    -5.79348   -10.46466    -6.39031
     0.87843    -0.47786    -0.00000
     0.47786     0.87843    -0.00000
     0.00000     0.00000     1.00000
           0           3          16           3
    -5.79348   -10.46466    -0.01491
     0.87843    -0.47786    -0.00000
     0.47786     0.87843    -0.00000
     0.00000     0.00000     1.00000
           0           3          16           4
    -5.79348   -10.46466     6.36049
     0.87843    -0.47786    -0.00000
     0.47786     0.87843    -0.00000
     0.00000     0.00000     1.00000
           0           3          16           5
    -5.79348   -10.46466    12.73590
     0.87843    -0.47786    -0.00000
     0.47786     0.87843    -0.00000
     0.00000     0.00000     1.00000
           0           4           1           1
     6.57906   -14.06539   -15.85046
     0.90743     0.42021    -0.00000
    -0.42021     0.90743    -0.00000
     0.00000     0.00000     1.00000
           0           4           1           2
     6.57906   -14.06539    -9.47507
     0.90743     0.42021    -0.00000
    -0.42021     0.90743    -0.00000
     0.00000     0.00000     1.00000
           0           4           1           3
     6.57906   -14.06539    -3.09966
     0.90743     0.42021    -0.00000
    -0.42021     0.90743    -0.00000
     0.00000     0.00000     1.00000
           0           4           1           4
     6.57906   -14.06539     3.27574
     0.90743     0.42021    -0.00000
    -0.42021     0.90743    -0.00000
     0.00000     0.00000     1.00000
           0           4           1           5
     6.57906   -14.06539     9.65113
     0.90743     0.42021    -0.00000
    -0.42021     0.90743    -0.00000
     0.00000     0.00000     1.00000
           0           4           1           6
     6.57906   -14.06539    16.02654
     0.90743     0.42021    -0.00000
    -0.42021     0.90743    -0.00000
     0.00000     0.00000     1.00000
           0           4           2           1
    10.26462   -13.40635   -15.86398
     0.79551     0.60594    -0.00000
    -0.60594     0.79551    -0.00000
    -0.00000     0.00000     1.00000
           0           4           2           2
    10.26462   -13.40635    -9.48858
     0.79551     0.60594    -0.00000
    -0.60594     0.79551    -0.00000
    -0.00000     0.00000     1.00000
           0           4           2           3
    10.26462   -13.40635    -3.11318
     0.79551     0.60594    -0.00000
    -0.60594     0.79551    -0.00000
    -0.00000     0.00000     1.00000
           0           4           2           4
    10.26462   -13.40635     3.26222
     0.79551     0.60594    -0.00000
    -0.60594     0.79551    -0.00000
    -0.00000     0.00000     1.00000
           0           4           2           5
    10.26462   -13.40635     9.63762
     0.79551     0.60594    -0.00000
    -0.60594     0.79551    -0.00000
    -0.00000     0.00000     1.00000
           0           4           2           6
    10.26462   -13.40635    16.01302
     0.79551     0.60594    -0.00000
    -0.60594     0.79551    -0.00000
    -0.00000     0.00000     1.00000
           0           4           3           1
    13.47174   -11.72408   -15.82365
     0.65779     0.75320    -0.00000
    -0.75320     0.65779    -0.00000
    -0.00000     0.00000     1.00000
           0           4           3           2
    13.47174   -11.72408    -9.44825
     0.65779     0.75320    -0.00000
    -0.75320     0.65779    -0.00000
    -0.00000     0.00000     1.00000
           0           4           3           3
    13.47174   -11.72408    -3.07285
     0.65779     0.75320    -0.00000
    -0.75320     0.65779    -0.00000
    -0.00000     0.00000     1.00000
           0           4           3           4
    13.47174   -11.72408     3.30255
     0.65779     0.75320    -0.00000
    -0.75320     0.65779    -0.00000
    -0.00000     0.00000     1.00000
           0           4           3           5
    13.47174   -11.72408     9.67795
     0.65779     0.75320    -0.00000
    -0.75320     0.65779    -0.00000
    -0.00000     0.00000     1.00000
           0           4           3           6
    13.47174   -11.72408    16.05334
     0.65779     0.75320    -0.00000
    -0.75320     0.65779    -0.00000
    -0.00000     0.00000     1.00000
           0           4           4           1
    13.43791    -7.46379   -15.85980
     0.48647     0.87370     0.00000
    -0.87370     0.48647     0.00000
     0.00000    -0.00000     1.00000
           0           4           4           2
    13.43791    -7.46379    -9.48440
     0.48647     0.87370     0.00000
    -0.87370     0.48647     0.00000
     0.00000    -0.00000     1.00000
           0           4           4           3
    13.43791    -7.46379    -3.10900
     0.48647     0.87370     0.00000
    -0.87370     0.48647     0.00000
     0.00000    -0.00000     1.00000
           0           4           4           4
    13.43791    -7.46379     3.26640
     0.48647     0.87370     0.00000
    -0.87370     0.48647     0.00000
     0.00000    -0.00000     1.00000
           0           4           4           5
    13.43791    -7.46379     9.64180
     0.48647     0.87370     0.00000
    -0.87370     0.48647     0.00000
     0.00000    -0.00000     1.00000
           0           4           4           6
    13.43791    -7.46379    16.01720
     0.48647     0.87370     0.00000
    -0.87370     0.48647     0.00000
     0.00000    -0.00000     1.00000
           0           4           5           1
    15.89540    -4.74173   -15.85779
     0.28709     0.95790     0.00000
    -0.95790     0.28709     0.00000
     0.00000    -0.00000     1.00000
           0           4           5           2
    15.89540    -4.74173    -9.48239
     0.28709     0.95790     0.00000
    -0.95790     0.28709     0.00000
     0.00000    -0.00000     1.00000
           0           4           5           3
    15.89540    -4.74173    -3.10699
     0.28709     0.95790     0.00000
    -0.95790     0.28709     0.00000
     0.00000    -0.00000     1.00000
           0           4           5           4
    15.89540    -4.74173     3.26841
     0.28709     0.95790     0.00000
    -0.95790     0.28709     0.00000
     0.00000    -0.00000     1.00000
           0           4           5           5
    15.89540    -4.74173     9.64381
     0.28709     0.95790     0.00000
    -0.95790     0.28709     0.00000
     0.00000    -0.00000     1.00000
           0           4           5           6
    15.89540    -4.74173    16.01921
     0.28709     0.95790     0.00000
    -0.95790     0.28709     0.00000
     0.00000    -0.00000     1.00000
           0           4           6           1
    17.87266    -1.58335   -15.84752
     0.08916     0.99602     0.00000
    -0.99602     0.08916     0.00000
     0.00000    -0.00000     1.00000
           0           4           6           2
    17.87266    -1.58335    -9.47212
     0.08916     0.99602     0.00000
    -0.99602     0.08916     0.00000
     0.00000    -0.00000     1.00000
           0           4           6           3
    17.87266    -1.58335    -3.09672
     0.08916     0.99602     0.00000
    -0.99602     0.08916     0.00000
     0.00000    -0.00000     1.00000
           0           4           6           4
    17.87266    -1.58335     3.27868
     0.08916     0.99602     0.00000
    -0.99602     0.08916     0.00000
     0.00000    -0.00000     1.00000
           0           4           6           5
    17.87266    -1.58335     9.65408
     0.08916     0.99602     0.00000
    -0.99602     0.08916     0.00000
     0.00000    -0.00000     1.00000
           0           4           6           6
    17.87266    -1.58335    16.02948
     0.08916     0.99602     0.00000
    -0.99602     0.08916     0.00000
     0.00000    -0.00000     1.00000
           0           4           7           1
    15.00551     1.82511   -15.90189
    -0.12067     0.99269     0.00000
    -0.99269    -0.12067     0.00000
     0.00000     0.00000     1.00000
           0           4           7           2
    15.00551     1.82511    -9.52649
    -0.12067     0.99269     0.00000
    -0.99269    -0.12067     0.00000
     0.00000     0.00000     1.00000
           0           4           7           3
    15.00551     1.82511    -3.15109
    -0.12067     0.99269     0.00000
    -0.99269    -0.12067     0.00000
     0.00000     0.00000     1.00000
           0           4           7           4
    15.00551     1.82511     3.22431
    -0.12067     0.99269     0.00000
    -0.99269    -0.12067     0.00000
     0.00000     0.00000     1.00000
           0           4           7           5
    15.00551     1.82511     9.59971
    -0.12067     0.99269     0.00000
    -0.99269    -0.12067     0.00000
     0.00000     0.00000     1.00000
           0           4           7           6
    15.00551     1.82511    15.97511
    -0.12067     0.99269     0.00000
    -0.99269    -0.12067     0.00000
     0.00000     0.00000     1.00000
           0           4           8           1
    15.92348     5.63253   -15.81670
    -0.33229     0.94318     0.00000
    -0.94318    -0.33229     0.00000
     0.00000     0.00000     1.00000
           0           4           8           2
    15.92348     5.63253    -9.44130
    -0.33229     0.94318     0.00000
    -0.94318    -0.33229     0.00000
     0.00000     0.00000     1.00000
           0           4           8           3
    15.92348     5.63253    -3.06590
    -0.33229     0.94318     0.00000
    -0.94318    -0.33229     0.00000
     0.00000     0.00000     1.00000
           0           4           8           4
    15.92348     5.63253     3.30950
    -0.33229     0.94318     0.00000
    -0.94318    -0.33229     0.00000
     0.00000     0.00000     1.00000
           0           4           8           5
    15.92348     5.63253     9.68490
    -0.33229     0.94318     0.00000
    -0.94318    -0.33229     0.00000
     0.00000     0.00000     1.00000
           0           4           8           6
    15.92348     5.63253    16.06030
    -0.33229     0.94318     0.00000
    -0.94318    -0.33229     0.00000
     0.00000     0.00000     1.00000
           0           4           9           1
    15.57651     9.35229   -15.81609
    -0.51485     0.85728     0.00000
    -0.85728    -0.51485     0.00000
     0.00000     0.00000     1.00000
           0           4           9           2
    15.57651     9.35229    -9.44069
    -0.51485     0.85728     0.00000
    -0.85728    -0.51485     0.00000
     0.00000     0.00000     1.00000
           0           4           9           3
    15.57651     9.35229    -3.06529
    -0.51485     0.85728     0.00000
    -0.85728    -0.51485     0.00000
     0.00000     0.00000     1.00000
           0           4           9           4
    15.57651     9.35229     3.31011
    -0.51485     0.85728     0.00000
    -0.85728    -0.51485     0.00000
     0.00000     0.00000     1.00000
           0           4           9           5
    15.57651     9.35229     9.68551
    -0.51485     0.85728     0.00000
    -0.85728    -0.51485     0.00000
     0.00000     0.00000     1.00000
           0           4           9           6
    15.57651     9.35229    16.06091
    -0.51485     0.85728     0.00000
    -0.85728    -0.51485     0.00000
     0.00000     0.00000     1.00000
           0           4          10           1
    11.30077    10.49684   -15.85476
    -0.68237     0.73100     0.00000
    -0.73100    -0.68237     0.00000
     0.00000     0.00000     1.00000
           0           4          10           2
    11.30077    10.49684    -9.47936
    -0.68237     0.73100     0.00000
    -0.73100    -0.68237     0.00000
     0.00000     0.00000     1.00000
           0           4          10           3
    11.30077    10.49684    -3.10396
    -0.68237     0.73100     0.00000
    -0.73100    -0.68237     0.00000
     0.00000     0.00000     1.00000
           0           4          10           4
    11.30077    10.49684     3.27144
    -0.68237     0.73100     0.00000
    -0.73100    -0.68237     0.00000
     0.00000     0.00000     1.00000
           0           4          10           5
    11.30077    10.49684     9.64684
    -0.68237     0.73100     0.00000
    -0.73100    -0.68237     0.00000
     0.00000     0.00000     1.00000
           0           4          10           6
    11.30077    10.49684    16.02224
    -0.68237     0.73100     0.00000
    -0.73100    -0.68237     0.00000
     0.00000     0.00000     1.00000
           0           4          11           1
     9.47080    13.75518   -15.85422
    -0.82354     0.56726     0.00000
    -0.56726    -0.82354     0.00000
     0.00000     0.00000     1.00000
           0           4          11           2
     9.47080    13.75518    -9.47882
    -0.82354     0.56726     0.00000
    -0.56726    -0.82354     0.00000
     0.00000     0.00000     1.00000
           0           4          11           3
     9.47080    13.75518    -3.10342
    -0.82354     0.56726     0.00000
    -0.56726    -0.82354     0.00000
     0.00000     0.00000     1.00000
           0           4          11           4
     9.47080    13.75518     3.27198
    -0.82354     0.56726     0.00000
    -0.56726    -0.82354     0.00000
     0.00000     0.00000     1.00000
           0           4          11           5
     9.47080    13.75518     9.64738
    -0.82354     0.56726     0.00000
    -0.56726    -0.82354     0.00000
     0.00000     0.00000     1.00000
           0           4          11           6
     9.47080    13.75518    16.02278
    -0.82354     0.56726     0.00000
    -0.56726    -0.82354     0.00000
     0.00000     0.00000     1.00000
           0           4          12           1
     7.12276    16.68321   -15.84540
    -0.92059     0.39052     0.00000
    -0.39052    -0.92059     0.00000
     0.00000     0.00000     1.00000
           0           4          12           2
     7.12276    16.68321    -9.47000
    -0.92059     0.39052     0.00000
    -0.39052    -0.92059     0.00000
     0.00000     0.00000     1.00000
           0           4          12           3
     7.12276    16.68321    -3.09460
    -0.92059     0.39052     0.00000
    -0.39052    -0.92059     0.00000
     0.00000     0.00000     1.00000
           0           4          12           4
     7.12276    16.68321     3.28080
    -0.92059     0.39052     0.00000
    -0.39052    -0.92059     0.00000
     0.00000     0.00000     1.00000
           0           4          12           5
     7.12276    16.68321     9.65620
    -0.92059     0.39052     0.00000
    -0.39052    -0.92059     0.00000
     0.00000     0.00000     1.00000
           0           4          12           6
     7.12276    16.68321    16.03160
    -0.92059     0.39052     0.00000
    -0.39052    -0.92059     0.00000
     0.00000     0.00000     1.00000
           0           4          13           1
    -7.17201    16.48744    15.89380
     0.92065     0.39039     0.00000
     0.39039    -0.92065     0.00000
     0.00000    -0.00000    -1.00000
           0           4          13           2
    -7.17201    16.48744     9.51840
     0.92065     0.39039     0.00000
     0.39039    -0.92065     0.00000
     0.00000    -0.00000    -1.00000
           0           4          13           3
    -7.17201    16.48744     3.14300
     0.92065     0.39039     0.00000
     0.39039    -0.92065     0.00000
     0.00000    -0.00000    -1.00000
           0           4          13           4
    -7.17201    16.48744    -3.23240
     0.92065     0.39039     0.00000
     0.39039    -0.92065     0.00000
     0.00000    -0.00000    -1.00000
           0           4          13           5
    -7.17201    16.48744    -9.60780
     0.92065     0.39039     0.00000
     0.39039    -0.92065     0.00000
     0.00000    -0.00000    -1.00000
           0           4          13           6
    -7.17201    16.48744   -15.98320
     0.92065     0.39039     0.00000
     0.39039    -0.92065     0.00000
     0.00000    -0.00000    -1.00000
           0           4          14           1
    -9.48975    13.74852    15.88215
     0.82370     0.56703     0.00000
     0.56703    -0.82370     0.00000
     0.00000    -0.00000    -1.00000
           0           4          14           2
    -9.48975    13.74852     9.50676
     0.82370     0.56703     0.00000
     0.56703    -0.82370     0.00000
     0.00000    -0.00000    -1.00000
           0           4          14           3
    -9.48975    13.74852     3.13135
     0.82370     0.56703     0.00000
     0.56703    -0.82370     0.00000
     0.00000    -0.00000    -1.00000
           0           4          14           4
    -9.48975    13.74852    -3.24405
     0.82370     0.56703     0.00000
     0.56703    -0.82370     0.00000
     0.00000    -0.00000    -1.00000
           0           4          14           5
    -9.48975    13.74852    -9.61945
     0.82370     0.56703     0.00000
     0.56703    -0.82370     0.00000
     0.00000    -0.00000    -1.00000
           0           4          14           6
    -9.48975    13.74852   -15.99484
     0.82370     0.56703     0.00000
     0.56703    -0.82370     0.00000
     0.00000    -0.00000    -1.00000
           0           4          15           1
   -11.26772    10.50373    15.90142
     0.68225     0.73112     0.00000
     0.73112    -0.68225     0.00000
     0.00000    -0.00000    -1.00000
           0           4          15           2
   -11.26772    10.50373     9.52603
     0.68225     0.73112     0.00000
     0.73112    -0.68225     0.00000
     0.00000    -0.00000    -1.00000
           0           4          15           3
   -11.26772    10.50373     3.15063
     0.68225     0.73112     0.00000
     0.73112    -0.68225     0.00000
     0.00000    -0.00000    -1.00000
           0           4          15           4
   -11.26773    10.50373    -3.22477
     0.68225     0.73112     0.00000
     0.73112    -0.68225     0.00000
     0.00000    -0.00000    -1.00000
           0           4          15           5
   -11.26773    10.50373    -9.60016
     0.68225     0.73112     0.00000
     0.73112    -0.68225     0.00000
     0.00000    -0.00000    -1.00000
           0           4          15           6
   -11.26773    10.50373   -15.97557
     0.68225     0.73112     0.00000
     0.73112    -0.68225     0.00000
     0.00000    -0.00000    -1.00000
           0           4          16           1
   -15.46009     9.27447    15.90359
     0.51457     0.85745     0.00000
     0.85745    -0.51457     0.00000
     0.00000    -0.00000    -1.00000
           0           4          16           2
   -15.46009     9.27447     9.52819
     0.51457     0.85745     0.00000
     0.85745    -0.51457     0.00000
     0.00000    -0.00000    -1.00000
           0           4          16           3
   -15.46009     9.27447     3.15279
     0.51457     0.85745     0.00000
     0.85745    -0.51457     0.00000
     0.00000    -0.00000    -1.00000
           0           4          16           4
   -15.46009     9.27447    -3.22261
     0.51457     0.85745     0.00000
     0.85745    -0.51457     0.00000
     0.00000    -0.00000    -1.00000
           0           4          16           5
   -15.46010     9.27447    -9.59801
     0.51457     0.85745     0.00000
     0.85745    -0.51457     0.00000
     0.00000    -0.00000    -1.00000
           0           4          16           6
   -15.46010     9.27447   -15.97341
     0.51457     0.85745     0.00000
     0.85745    -0.51457     0.00000
     0.00000    -0.00000    -1.00000
           0           4          17           1
   -15.76675     5.54641    15.88339
     0.33222     0.94320     0.00000
     0.94320    -0.33222     0.00000
     0.00000    -0.00000    -1.00000
           0           4          17           2
   -15.76675     5.54641     9.50799
     0.33222     0.94320     0.00000
     0.94320    -0.33222     0.00000
     0.00000    -0.00000    -1.00000
           0           4          17           3
   -15.76675     5.54641     3.13259
     0.33222     0.94320     0.00000
     0.94320    -0.33222     0.00000
     0.00000    -0.00000    -1.00000
           0           4          17           4
   -15.76675     5.54641    -3.24281
     0.33222     0.94320     0.00000
     0.94320    -0.33222     0.00000
     0.00000    -0.00000    -1.00000
           0           4          17           5
   -15.76675     5.54641    -9.61821
     0.33222     0.94320     0.00000
     0.94320    -0.33222     0.00000
     0.00000    -0.00000    -1.00000
           0           4          17           6
   -15.76675     5.54641   -15.99361
     0.33222     0.94320     0.00000
     0.94320    -0.33222     0.00000
     0.00000    -0.00000    -1.00000
           0           4          18           1
   -15.46080     1.88634    15.88205
     0.12122     0.99263     0.00000
     0.99263    -0.12122     0.00000
     0.00000    -0.00000    -1.00000
           0           4          18           2
   -15.46080     1.88634     9.50665
     0.12122     0.99263     0.00000
     0.99263    -0.12122     0.00000
     0.00000    -0.00000    -1.00000
           0           4          18           3
   -15.46080     1.88634     3.13125
     0.12122     0.99263     0.00000
     0.99263    -0.12122     0.00000
     0.00000    -0.00000    -1.00000
           0           4          18           4
   -15.46080     1.88634    -3.24415
     0.12122     0.99263     0.00000
     0.99263    -0.12122     0.00000
     0.00000    -0.00000    -1.00000
           0           4          18           5
   -15.46080     1.88634    -9.61955
     0.12122     0.99263     0.00000
     0.99263    -0.12122     0.00000
     0.00000    -0.00000    -1.00000
           0           4          18           6
   -15.46080     1.88634   -15.99495
     0.12122     0.99263     0.00000
     0.99263    -0.12122     0.00000
     0.00000    -0.00000    -1.00000
           0           4          19           1
   -17.69973    -1.52996    15.86496
    -0.08862     0.99607    -0.00000
     0.99607     0.08862    -0.00000
    -0.00000    -0.00000    -1.00000
           0           4          19           2
   -17.69973    -1.52996     9.48956
    -0.08862     0.99607    -0.00000
     0.99607     0.08862    -0.00000
    -0.00000    -0.00000    -1.00000
           0           4          19           3
   -17.69973    -1.52996     3.11416
    -0.08862     0.99607    -0.00000
     0.99607     0.08862    -0.00000
    -0.00000    -0.00000    -1.00000
           0           4          19           4
   -17.69973    -1.52996    -3.26124
    -0.08862     0.99607    -0.00000
     0.99607     0.08862    -0.00000
    -0.00000    -0.00000    -1.00000
           0           4          19           5
   -17.69973    -1.52996    -9.63664
    -0.08862     0.99607    -0.00000
     0.99607     0.08862    -0.00000
    -0.00000    -0.00000    -1.00000
           0           4          19           6
   -17.69973    -1.52996   -16.01204
    -0.08862     0.99607    -0.00000
     0.99607     0.08862    -0.00000
    -0.00000    -0.00000    -1.00000
           0           4          20           1
   -15.87388    -4.72040    15.87624
    -0.28663     0.95804    -0.00000
     0.95804     0.28663    -0.00000
    -0.00000    -0.00000    -1.00000
           0           4          20           2
   -15.87388    -4.72040     9.50084
    -0.28663     0.95804    -0.00000
     0.95804     0.28663    -0.00000
    -0.00000    -0.00000    -1.00000
           0           4          20           3
   -15.87388    -4.72040     3.12544
    -0.28663     0.95804    -0.00000
     0.95804     0.28663    -0.00000
    -0.00000    -0.00000    -1.00000
           0           4          20           4
   -15.87388    -4.72040    -3.24996
    -0.28663     0.95804    -0.00000
     0.95804     0.28663    -0.00000
    -0.00000    -0.00000    -1.00000
           0           4          20           5
   -15.87388    -4.72040    -9.62536
    -0.28663     0.95804    -0.00000
     0.95804     0.28663    -0.00000
    -0.00000    -0.00000    -1.00000
           0           4          20           6
   -15.87388    -4.72040   -16.00076
    -0.28663     0.95804    -0.00000
     0.95804     0.28663    -0.00000
    -0.00000    -0.00000    -1.00000
           0           4          21           1
   -13.50260    -7.48763    15.87068
    -0.48598     0.87397    -0.00000
     0.87397     0.48598    -0.00000
    -0.00000    -0.00000    -1.00000
           0           4          21           2
   -13.50260    -7.48763     9.49528
    -0.48598     0.87397    -0.00000
     0.87397     0.48598    -0.00000
    -0.00000    -0.00000    -1.00000
           0           4          21           3
   -13.50260    -7.48763     3.11988
    -0.48598     0.87397    -0.00000
     0.87397     0.48598    -0.00000
    -0.00000    -0.00000    -1.00000
           0           4          21           4
   -13.50260    -7.48763    -3.25552
    -0.48598     0.87397    -0.00000
     0.87397     0.48598    -0.00000
    -0.00000    -0.00000    -1.00000
           0           4          21           5
   -13.50260    -7.48763    -9.63092
    -0.48598     0.87397    -0.00000
     0.87397     0.48598    -0.00000
    -0.00000    -0.00000    -1.00000
           0           4          21           6
   -13.50260    -7.48763   -16.00632
    -0.48598     0.87397    -0.00000
     0.87397     0.48598    -0.00000
    -0.00000    -0.00000    -1.00000
           0           4          22           1
   -13.51163   -11.73043    15.93648
    -0.65775     0.75324    -0.00000
     0.75324     0.65775    -0.00000
    -0.00000    -0.00000    -1.00000
           0           4          22           2
   -13.51163   -11.73043     9.56108
    -0.65775     0.75324    -0.00000
     0.75324     0.65775    -0.00000
    -0.00000    -0.00000    -1.00000
           0           4          22           3
   -13.51164   -11.73043     3.18568
    -0.65775     0.75324    -0.00000
     0.75324     0.65775    -0.00000
    -0.00000    -0.00000    -1.00000
           0           4          22           4
   -13.51164   -11.73043    -3.18972
    -0.65775     0.75324    -0.00000
     0.75324     0.65775    -0.00000
    -0.00000    -0.00000    -1.00000
           0           4          22           5
   -13.51164   -11.73043    -9.56512
    -0.65775     0.75324    -0.00000
     0.75324     0.65775    -0.00000
    -0.00000    -0.00000    -1.00000
           0           4          22           6
   -13.51164   -11.73043   -15.94052
    -0.65775     0.75324    -0.00000
     0.75324     0.65775    -0.00000
    -0.00000    -0.00000    -1.00000
           0           4          23           1
   -10.47032   -13.61949    15.90909
    -0.79534     0.60617    -0.00000
     0.60617     0.79534    -0.00000
    -0.00000    -0.00000    -1.00000
           0           4          23           2
   -10.47032   -13.61949     9.53369
    -0.79534     0.60617    -0.00000
     0.60617     0.79534    -0.00000
    -0.00000    -0.00000    -1.00000
           0           4          23           3
   -10.47032   -13.61949     3.15829
    -0.79534     0.60617    -0.00000
     0.60617     0.79534    -0.00000
    -0.00000    -0.00000    -1.00000
           0           4          23           4
   -10.47032   -13.61949    -3.21711
    -0.79534     0.60617    -0.00000
     0.60617     0.79534    -0.00000
    -0.00000    -0.00000    -1.00000
           0           4          23           5
   -10.47032   -13.61949    -9.59251
    -0.79534     0.60617    -0.00000
     0.60617     0.79534    -0.00000
    -0.00000    -0.00000    -1.00000
           0           4          23           6
   -10.47032   -13.61949   -15.96791
    -0.79534     0.60617    -0.00000
     0.60617     0.79534    -0.00000
    -0.00000    -0.00000    -1.00000
           0           4          24           1
    -6.56385   -14.10244    15.88339
    -0.90731     0.42045    -0.00000
     0.42045     0.90731    -0.00000
    -0.00000    -0.00000    -1.00000
           0           4          24           2
    -6.56385   -14.10244     9.50799
    -0.90731     0.42045    -0.00000
     0.42045     0.90731    -0.00000
    -0.00000    -0.00000    -1.00000
           0           4          24           3
    -6.56385   -14.10244     3.13259
    -0.90731     0.42045    -0.00000
     0.42045     0.90731    -0.00000
    -0.00000    -0.00000    -1.00000
           0           4          24           4
    -6.56385   -14.10244    -3.24281
    -0.90731     0.42045    -0.00000
     0.42045     0.90731    -0.00000
    -0.00000    -0.00000    -1.00000
           0           4          24           5
    -6.56385   -14.10244    -9.61821
    -0.90731     0.42045    -0.00000
     0.42045     0.90731    -0.00000
    -0.00000    -0.00000    -1.00000
           0           4          24           6
    -6.56385   -14.10244   -15.99361
    -0.90731     0.42045    -0.00000
     0.42045     0.90731    -0.00000
    -0.00000    -0.00000    -1.00000
