 SVX cage parameters:
     2.20000
     0.50000     0.20000
     0.00000
           6
   -40.00000   -26.50000   -26.50000    26.50000    26.50000    40.00000
    53.00000    53.00000    22.00000    22.00000    53.00000    53.00000
     0.00000     0.00000     0.00000
 SVX barrel parameters:
           4
     2.63000     5.13000    11.76500    16.68700     1.21400
     0.00000     0.00000     0.00000     0.00000
           4           4           5           6
     0.69600     0.69600     1.74500     1.74500
     0.01000     0.01000     0.03125     0.03125
     2.83600     2.83600     3.18770     3.18770
     0.01900     0.01900     0.00000     0.00000
     0.02000     0.02000     0.00000     0.00000
    26.70000    13.60000    17.00000    12.00000
   -13.00000   -13.02000     0.00000     0.00000
           2
           5           5
     0.00000   180.00000
           2
          10          10
     0.00000   180.00000
           2
           8           8
     0.00000   180.00000
           2
          12          12
     0.00000   180.00000
 SVX barrel sensor rotation matrices and translation vectors:
           0           1           1           1
     1.56973    -2.11018     8.53800
     0.64657     0.76286    -0.00000
    -0.76286     0.64657    -0.00000
    -0.00000     0.00000     1.00000
           0           1           1           2
     1.56973    -2.11018     2.84600
     0.64657     0.76286    -0.00000
    -0.76286     0.64657    -0.00000
    -0.00000     0.00000     1.00000
           0           1           1           3
     1.56973    -2.11018    -2.84600
     0.64657     0.76286    -0.00000
    -0.76286     0.64657    -0.00000
    -0.00000     0.00000     1.00000
           0           1           1           4
     1.56973    -2.11018    -8.53800
     0.64657     0.76286    -0.00000
    -0.76286     0.64657    -0.00000
    -0.00000     0.00000     1.00000
           0           1           2           1
     2.35262    -1.17564     8.53970
     0.23310     0.97245    -0.00000
    -0.97245     0.23310    -0.00000
    -0.00000     0.00000     1.00000
           0           1           2           2
     2.35262    -1.17564     2.84770
     0.23310     0.97245    -0.00000
    -0.97245     0.23310    -0.00000
    -0.00000     0.00000     1.00000
           0           1           2           3
     2.35262    -1.17564    -2.84430
     0.23310     0.97245    -0.00000
    -0.97245     0.23310    -0.00000
    -0.00000     0.00000     1.00000
           0           1           2           4
     2.35262    -1.17564    -8.53630
     0.23310     0.97245    -0.00000
    -0.97245     0.23310    -0.00000
    -0.00000     0.00000     1.00000
           0           1           3           1
     2.63000     0.00402     8.53941
    -0.22767     0.97374     0.00000
    -0.97374    -0.22767     0.00000
     0.00000     0.00000     1.00000
           0           1           3           2
     2.63000     0.00402     2.84741
    -0.22767     0.97374     0.00000
    -0.97374    -0.22767     0.00000
     0.00000     0.00000     1.00000
           0           1           3           3
     2.63000     0.00402    -2.84459
    -0.22767     0.97374     0.00000
    -0.97374    -0.22767     0.00000
     0.00000     0.00000     1.00000
           0           1           3           4
     2.63000     0.00402    -8.53659
    -0.22767     0.97374     0.00000
    -0.97374    -0.22767     0.00000
     0.00000     0.00000     1.00000
           0           1           4           1
     2.34569     1.18940     8.53835
    -0.64225     0.76649     0.00000
    -0.76649    -0.64225     0.00000
     0.00000     0.00000     1.00000
           0           1           4           2
     2.34569     1.18940     2.84635
    -0.64225     0.76649     0.00000
    -0.76649    -0.64225     0.00000
     0.00000     0.00000     1.00000
           0           1           4           3
     2.34569     1.18940    -2.84565
    -0.64225     0.76649     0.00000
    -0.76649    -0.64225     0.00000
     0.00000     0.00000     1.00000
           0           1           4           4
     2.34569     1.18940    -8.53765
    -0.64225     0.76649     0.00000
    -0.76649    -0.64225     0.00000
     0.00000     0.00000     1.00000
           0           1           5           1
     1.55699     2.11959     8.53910
    -0.91894     0.39439     0.00000
    -0.39439    -0.91894     0.00000
     0.00000     0.00000     1.00000
           0           1           5           2
     1.55699     2.11959     2.84710
    -0.91894     0.39439     0.00000
    -0.39439    -0.91894     0.00000
     0.00000     0.00000     1.00000
           0           1           5           3
     1.55699     2.11959    -2.84490
    -0.91894     0.39439     0.00000
    -0.39439    -0.91894     0.00000
     0.00000     0.00000     1.00000
           0           1           5           4
     1.55699     2.11959    -8.53690
    -0.91894     0.39439     0.00000
    -0.39439    -0.91894     0.00000
     0.00000     0.00000     1.00000
           0           1           6           1
    -1.56327     2.11497    -8.54475
     0.91777     0.39711     0.00000
     0.39711    -0.91777     0.00000
     0.00000    -0.00000    -1.00000
           0           1           6           2
    -1.56327     2.11497    -2.85275
     0.91777     0.39711     0.00000
     0.39711    -0.91777     0.00000
     0.00000    -0.00000    -1.00000
           0           1           6           3
    -1.56327     2.11497     2.83925
     0.91777     0.39711     0.00000
     0.39711    -0.91777     0.00000
     0.00000    -0.00000    -1.00000
           0           1           6           4
    -1.56327     2.11497     8.53125
     0.91777     0.39711     0.00000
     0.39711    -0.91777     0.00000
     0.00000    -0.00000    -1.00000
           0           1           7           1
    -2.34776     1.18531    -8.54303
     0.64091     0.76762    -0.00000
     0.76762    -0.64091    -0.00000
    -0.00000     0.00000    -1.00000
           0           1           7           2
    -2.34776     1.18531    -2.85103
     0.64091     0.76762    -0.00000
     0.76762    -0.64091    -0.00000
    -0.00000     0.00000    -1.00000
           0           1           7           3
    -2.34776     1.18531     2.84097
     0.64091     0.76762    -0.00000
     0.76762    -0.64091    -0.00000
    -0.00000     0.00000    -1.00000
           0           1           7           4
    -2.34776     1.18531     8.53297
     0.64091     0.76762    -0.00000
     0.76762    -0.64091    -0.00000
    -0.00000     0.00000    -1.00000
           0           1           8           1
    -2.63000     0.00774    -8.53992
     0.22904     0.97342    -0.00000
     0.97342    -0.22904    -0.00000
    -0.00000     0.00000    -1.00000
           0           1           8           2
    -2.62999     0.00774    -2.84792
     0.22904     0.97342    -0.00000
     0.97342    -0.22904    -0.00000
    -0.00000     0.00000    -1.00000
           0           1           8           3
    -2.62999     0.00774     2.84408
     0.22904     0.97342    -0.00000
     0.97342    -0.22904    -0.00000
    -0.00000     0.00000    -1.00000
           0           1           8           4
    -2.62999     0.00774     8.53608
     0.22904     0.97342    -0.00000
     0.97342    -0.22904    -0.00000
    -0.00000     0.00000    -1.00000
           0           1           9           1
    -2.35033    -1.18020    -8.53902
    -0.23498     0.97200    -0.00000
     0.97200     0.23498    -0.00000
    -0.00000    -0.00000    -1.00000
           0           1           9           2
    -2.35033    -1.18020    -2.84702
    -0.23498     0.97200    -0.00000
     0.97200     0.23498    -0.00000
    -0.00000    -0.00000    -1.00000
           0           1           9           3
    -2.35033    -1.18020     2.84498
    -0.23498     0.97200    -0.00000
     0.97200     0.23498    -0.00000
    -0.00000    -0.00000    -1.00000
           0           1           9           4
    -2.35033    -1.18020     8.53698
    -0.23498     0.97200    -0.00000
     0.97200     0.23498    -0.00000
    -0.00000    -0.00000    -1.00000
           0           1          10           1
    -1.56556    -2.11328    -8.54015
    -0.64807     0.76158    -0.00000
     0.76158     0.64807    -0.00000
    -0.00000    -0.00000    -1.00000
           0           1          10           2
    -1.56556    -2.11328    -2.84815
    -0.64807     0.76158    -0.00000
     0.76158     0.64807    -0.00000
    -0.00000    -0.00000    -1.00000
           0           1          10           3
    -1.56556    -2.11328     2.84385
    -0.64807     0.76158    -0.00000
     0.76158     0.64807    -0.00000
    -0.00000    -0.00000    -1.00000
           0           1          10           4
    -1.56556    -2.11328     8.53585
    -0.64807     0.76158    -0.00000
     0.76158     0.64807    -0.00000
    -0.00000    -0.00000    -1.00000
           0           2           1           1
     2.47180    -4.49523     8.53656
     0.74475     0.66734    -0.00000
    -0.66734     0.74475    -0.00000
    -0.00000     0.00000     1.00000
           0           2           1           2
     2.47180    -4.49523     2.84456
     0.74475     0.66734    -0.00000
    -0.66734     0.74475    -0.00000
    -0.00000     0.00000     1.00000
           0           2           1           3
     2.47180    -4.49523    -2.84744
     0.74475     0.66734    -0.00000
    -0.66734     0.74475    -0.00000
    -0.00000     0.00000     1.00000
           0           2           1           4
     2.47180    -4.49523    -8.53944
     0.74475     0.66734    -0.00000
    -0.66734     0.74475    -0.00000
    -0.00000     0.00000     1.00000
           0           2           2           1
     3.45653    -3.79069     8.53804
     0.56761     0.82330    -0.00000
    -0.82330     0.56761    -0.00000
     0.00000     0.00000     1.00000
           0           2           2           2
     3.45653    -3.79069     2.84604
     0.56761     0.82330    -0.00000
    -0.82330     0.56761    -0.00000
     0.00000     0.00000     1.00000
           0           2           2           3
     3.45653    -3.79069    -2.84596
     0.56761     0.82330    -0.00000
    -0.82330     0.56761    -0.00000
     0.00000     0.00000     1.00000
           0           2           2           4
     3.45653    -3.79069    -8.53796
     0.56761     0.82330    -0.00000
    -0.82330     0.56761    -0.00000
     0.00000     0.00000     1.00000
           0           2           3           1
     4.25402    -2.86711     8.53894
     0.35709     0.93407    -0.00000
    -0.93407     0.35709    -0.00000
     0.00000     0.00000     1.00000
           0           2           3           2
     4.25402    -2.86711     2.84694
     0.35709     0.93407    -0.00000
    -0.93407     0.35709    -0.00000
     0.00000     0.00000     1.00000
           0           2           3           3
     4.25402    -2.86711    -2.84506
     0.35709     0.93407    -0.00000
    -0.93407     0.35709    -0.00000
     0.00000     0.00000     1.00000
           0           2           3           4
     4.25402    -2.86711    -8.53706
     0.35709     0.93407    -0.00000
    -0.93407     0.35709    -0.00000
     0.00000     0.00000     1.00000
           0           2           4           1
     4.80915    -1.78578     8.54015
     0.12731     0.99186    -0.00000
    -0.99186     0.12731    -0.00000
    -0.00000     0.00000     1.00000
           0           2           4           2
     4.80915    -1.78578     2.84815
     0.12731     0.99186    -0.00000
    -0.99186     0.12731    -0.00000
    -0.00000     0.00000     1.00000
           0           2           4           3
     4.80915    -1.78578    -2.84385
     0.12731     0.99186    -0.00000
    -0.99186     0.12731    -0.00000
    -0.00000     0.00000     1.00000
           0           2           4           4
     4.80915    -1.78578    -8.53585
     0.12731     0.99186    -0.00000
    -0.99186     0.12731    -0.00000
    -0.00000     0.00000     1.00000
           0           2           5           1
     5.09394    -0.60722     8.53969
    -0.10903     0.99404     0.00000
    -0.99404    -0.10903     0.00000
     0.00000     0.00000     1.00000
           0           2           5           2
     5.09394    -0.60722     2.84769
    -0.10903     0.99404     0.00000
    -0.99404    -0.10903     0.00000
     0.00000     0.00000     1.00000
           0           2           5           3
     5.09394    -0.60722    -2.84431
    -0.10903     0.99404     0.00000
    -0.99404    -0.10903     0.00000
     0.00000     0.00000     1.00000
           0           2           5           4
     5.09394    -0.60722    -8.53631
    -0.10903     0.99404     0.00000
    -0.99404    -0.10903     0.00000
     0.00000     0.00000     1.00000
           0           2           6           1
     5.09492     0.59894     8.53929
    -0.33811     0.94111     0.00000
    -0.94111    -0.33811     0.00000
     0.00000     0.00000     1.00000
           0           2           6           2
     5.09492     0.59894     2.84729
    -0.33811     0.94111     0.00000
    -0.94111    -0.33811     0.00000
     0.00000     0.00000     1.00000
           0           2           6           3
     5.09492     0.59894    -2.84471
    -0.33811     0.94111     0.00000
    -0.94111    -0.33811     0.00000
     0.00000     0.00000     1.00000
           0           2           6           4
     5.09492     0.59894    -8.53671
    -0.33811     0.94111     0.00000
    -0.94111    -0.33811     0.00000
     0.00000     0.00000     1.00000
           0           2           7           1
     4.80912     1.78586     8.53973
    -0.55090     0.83457     0.00000
    -0.83457    -0.55090     0.00000
     0.00000     0.00000     1.00000
           0           2           7           2
     4.80912     1.78586     2.84773
    -0.55090     0.83457     0.00000
    -0.83457    -0.55090     0.00000
     0.00000     0.00000     1.00000
           0           2           7           3
     4.80912     1.78586    -2.84427
    -0.55090     0.83457     0.00000
    -0.83457    -0.55090     0.00000
     0.00000     0.00000     1.00000
           0           2           7           4
     4.80912     1.78586    -8.53627
    -0.55090     0.83457     0.00000
    -0.83457    -0.55090     0.00000
     0.00000     0.00000     1.00000
           0           2           8           1
     4.25732     2.86220     8.53918
    -0.73100     0.68238     0.00000
    -0.68238    -0.73100     0.00000
     0.00000     0.00000     1.00000
           0           2           8           2
     4.25732     2.86220     2.84718
    -0.73100     0.68238     0.00000
    -0.68238    -0.73100     0.00000
     0.00000     0.00000     1.00000
           0           2           8           3
     4.25732     2.86220    -2.84482
    -0.73100     0.68238     0.00000
    -0.68238    -0.73100     0.00000
     0.00000     0.00000     1.00000
           0           2           8           4
     4.25732     2.86220    -8.53682
    -0.73100     0.68238     0.00000
    -0.68238    -0.73100     0.00000
     0.00000     0.00000     1.00000
           0           2           9           1
     3.46135     3.78630     8.53746
    -0.87142     0.49054     0.00000
    -0.49054    -0.87142     0.00000
     0.00000     0.00000     1.00000
           0           2           9           2
     3.46135     3.78630     2.84546
    -0.87142     0.49054     0.00000
    -0.49054    -0.87142     0.00000
     0.00000     0.00000     1.00000
           0           2           9           3
     3.46135     3.78630    -2.84654
    -0.87142     0.49054     0.00000
    -0.49054    -0.87142     0.00000
     0.00000     0.00000     1.00000
           0           2           9           4
     3.46135     3.78630    -8.53854
    -0.87142     0.49054     0.00000
    -0.49054    -0.87142     0.00000
     0.00000     0.00000     1.00000
           0           2          10           1
     2.47707     4.49233     8.53633
    -0.96215     0.27253     0.00000
    -0.27253    -0.96215     0.00000
     0.00000     0.00000     1.00000
           0           2          10           2
     2.47707     4.49233     2.84433
    -0.96215     0.27253     0.00000
    -0.27253    -0.96215     0.00000
     0.00000     0.00000     1.00000
           0           2          10           3
     2.47707     4.49233    -2.84767
    -0.96215     0.27253     0.00000
    -0.27253    -0.96215     0.00000
     0.00000     0.00000     1.00000
           0           2          10           4
     2.47707     4.49233    -8.53967
    -0.96215     0.27253     0.00000
    -0.27253    -0.96215     0.00000
     0.00000     0.00000     1.00000
           0           2          11           1
    -2.47592     4.49296    -8.53572
     0.96222     0.27229     0.00000
     0.27229    -0.96222     0.00000
     0.00000    -0.00000    -1.00000
           0           2          11           2
    -2.47592     4.49296    -2.84372
     0.96222     0.27229     0.00000
     0.27229    -0.96222     0.00000
     0.00000    -0.00000    -1.00000
           0           2          11           3
    -2.47592     4.49296     2.84828
     0.96222     0.27229     0.00000
     0.27229    -0.96222     0.00000
     0.00000    -0.00000    -1.00000
           0           2          11           4
    -2.47592     4.49296     8.54028
     0.96222     0.27229     0.00000
     0.27229    -0.96222     0.00000
     0.00000    -0.00000    -1.00000
           0           2          12           1
    -3.45918     3.78827    -8.53800
     0.87170     0.49004     0.00000
     0.49004    -0.87170     0.00000
     0.00000    -0.00000    -1.00000
           0           2          12           2
    -3.45918     3.78827    -2.84600
     0.87170     0.49004     0.00000
     0.49004    -0.87170     0.00000
     0.00000    -0.00000    -1.00000
           0           2          12           3
    -3.45918     3.78827     2.84600
     0.87170     0.49004     0.00000
     0.49004    -0.87170     0.00000
     0.00000    -0.00000    -1.00000
           0           2          12           4
    -3.45918     3.78827     8.53800
     0.87170     0.49004     0.00000
     0.49004    -0.87170     0.00000
     0.00000    -0.00000    -1.00000
           0           2          13           1
    -4.24830     2.87557    -8.53981
     0.73314     0.68008     0.00000
     0.68008    -0.73314     0.00000
     0.00000    -0.00000    -1.00000
           0           2          13           2
    -4.24830     2.87557    -2.84781
     0.73314     0.68008     0.00000
     0.68008    -0.73314     0.00000
     0.00000    -0.00000    -1.00000
           0           2          13           3
    -4.24830     2.87557     2.84419
     0.73314     0.68008     0.00000
     0.68008    -0.73314     0.00000
     0.00000    -0.00000    -1.00000
           0           2          13           4
    -4.24830     2.87557     8.53619
     0.73314     0.68008     0.00000
     0.68008    -0.73314     0.00000
     0.00000    -0.00000    -1.00000
           0           2          14           1
    -4.80594     1.79439    -8.53906
     0.55239     0.83359    -0.00000
     0.83359    -0.55239    -0.00000
    -0.00000     0.00000    -1.00000
           0           2          14           2
    -4.80594     1.79439    -2.84706
     0.55239     0.83359    -0.00000
     0.83359    -0.55239    -0.00000
    -0.00000     0.00000    -1.00000
           0           2          14           3
    -4.80594     1.79439     2.84494
     0.55239     0.83359    -0.00000
     0.83359    -0.55239    -0.00000
    -0.00000     0.00000    -1.00000
           0           2          14           4
    -4.80594     1.79439     8.53694
     0.55239     0.83359    -0.00000
     0.83359    -0.55239    -0.00000
    -0.00000     0.00000    -1.00000
           0           2          15           1
    -5.09410     0.60589    -8.54110
     0.33939     0.94065    -0.00000
     0.94065    -0.33939    -0.00000
    -0.00000     0.00000    -1.00000
           0           2          15           2
    -5.09410     0.60589    -2.84910
     0.33939     0.94065    -0.00000
     0.94065    -0.33939    -0.00000
    -0.00000     0.00000    -1.00000
           0           2          15           3
    -5.09410     0.60589     2.84290
     0.33939     0.94065    -0.00000
     0.94065    -0.33939    -0.00000
    -0.00000     0.00000    -1.00000
           0           2          15           4
    -5.09410     0.60589     8.53490
     0.33939     0.94065    -0.00000
     0.94065    -0.33939    -0.00000
    -0.00000     0.00000    -1.00000
           0           2          16           1
    -5.09417    -0.60524    -8.53788
     0.10942     0.99400    -0.00000
     0.99400    -0.10942    -0.00000
    -0.00000     0.00000    -1.00000
           0           2          16           2
    -5.09417    -0.60524    -2.84588
     0.10942     0.99400    -0.00000
     0.99400    -0.10942    -0.00000
    -0.00000     0.00000    -1.00000
           0           2          16           3
    -5.09417    -0.60524     2.84612
     0.10942     0.99400    -0.00000
     0.99400    -0.10942    -0.00000
    -0.00000     0.00000    -1.00000
           0           2          16           4
    -5.09417    -0.60524     8.53812
     0.10942     0.99400    -0.00000
     0.99400    -0.10942    -0.00000
    -0.00000     0.00000    -1.00000
           0           2          17           1
    -4.80870    -1.78701    -8.53776
    -0.12757     0.99183    -0.00000
     0.99183     0.12757    -0.00000
    -0.00000    -0.00000    -1.00000
           0           2          17           2
    -4.80870    -1.78701    -2.84576
    -0.12757     0.99183    -0.00000
     0.99183     0.12757    -0.00000
    -0.00000    -0.00000    -1.00000
           0           2          17           3
    -4.80870    -1.78701     2.84624
    -0.12757     0.99183    -0.00000
     0.99183     0.12757    -0.00000
    -0.00000    -0.00000    -1.00000
           0           2          17           4
    -4.80870    -1.78701     8.53824
    -0.12757     0.99183    -0.00000
     0.99183     0.12757    -0.00000
    -0.00000    -0.00000    -1.00000
           0           2          18           1
    -4.25242    -2.86946    -8.53984
    -0.35761     0.93387    -0.00000
     0.93387     0.35761    -0.00000
    -0.00000    -0.00000    -1.00000
           0           2          18           2
    -4.25242    -2.86946    -2.84784
    -0.35761     0.93387    -0.00000
     0.93387     0.35761    -0.00000
    -0.00000    -0.00000    -1.00000
           0           2          18           3
    -4.25242    -2.86946     2.84416
    -0.35761     0.93387    -0.00000
     0.93387     0.35761    -0.00000
    -0.00000    -0.00000    -1.00000
           0           2          18           4
    -4.25242    -2.86946     8.53616
    -0.35761     0.93387    -0.00000
     0.93387     0.35761    -0.00000
    -0.00000    -0.00000    -1.00000
           0           2          19           1
    -3.45609    -3.79109    -8.54192
    -0.56770     0.82324    -0.00000
     0.82324     0.56770    -0.00000
    -0.00000    -0.00000    -1.00000
           0           2          19           2
    -3.45609    -3.79109    -2.84992
    -0.56770     0.82324    -0.00000
     0.82324     0.56770    -0.00000
    -0.00000    -0.00000    -1.00000
           0           2          19           3
    -3.45609    -3.79109     2.84208
    -0.56770     0.82324    -0.00000
     0.82324     0.56770    -0.00000
    -0.00000    -0.00000    -1.00000
           0           2          19           4
    -3.45609    -3.79109     8.53408
    -0.56770     0.82324    -0.00000
     0.82324     0.56770    -0.00000
    -0.00000    -0.00000    -1.00000
           0           2          20           1
    -2.46576    -4.49855    -8.54232
    -0.74565     0.66634    -0.00000
     0.66634     0.74565    -0.00000
    -0.00000    -0.00000    -1.00000
           0           2          20           2
    -2.46576    -4.49855    -2.85032
    -0.74565     0.66634    -0.00000
     0.66634     0.74565    -0.00000
    -0.00000    -0.00000    -1.00000
           0           2          20           3
    -2.46576    -4.49855     2.84168
    -0.74565     0.66634    -0.00000
     0.66634     0.74565    -0.00000
    -0.00000    -0.00000    -1.00000
           0           2          20           4
    -2.46576    -4.49855     8.53368
    -0.74565     0.66634    -0.00000
     0.66634     0.74565    -0.00000
    -0.00000    -0.00000    -1.00000
           0           3           1           1
     5.62491   -10.33323    12.75236
    -0.87830    -0.47811    -0.00000
    -0.47811     0.87830    -0.00000
     0.00000    -0.00000    -1.00000
           0           3           1           2
     5.62491   -10.33323     6.37696
    -0.87830    -0.47811    -0.00000
    -0.47811     0.87830    -0.00000
     0.00000    -0.00000    -1.00000
           0           3           1           3
     5.62491   -10.33323     0.00156
    -0.87830    -0.47811    -0.00000
    -0.47811     0.87830    -0.00000
     0.00000    -0.00000    -1.00000
           0           3           1           4
     5.62491   -10.33323    -6.37384
    -0.87830    -0.47811    -0.00000
    -0.47811     0.87830    -0.00000
     0.00000    -0.00000    -1.00000
           0           3           1           5
     5.62491   -10.33323   -12.74924
    -0.87830    -0.47811    -0.00000
    -0.47811     0.87830    -0.00000
     0.00000    -0.00000    -1.00000
           0           3           2           1
     7.52136    -7.12451    12.74557
    -0.68770    -0.72600     0.00000
    -0.72600     0.68770     0.00000
    -0.00000     0.00000    -1.00000
           0           3           2           2
     7.52136    -7.12451     6.37017
    -0.68770    -0.72600     0.00000
    -0.72600     0.68770     0.00000
    -0.00000     0.00000    -1.00000
           0           3           2           3
     7.52136    -7.12451    -0.00523
    -0.68770    -0.72600     0.00000
    -0.72600     0.68770     0.00000
    -0.00000     0.00000    -1.00000
           0           3           2           4
     7.52136    -7.12451    -6.38063
    -0.68770    -0.72600     0.00000
    -0.72600     0.68770     0.00000
    -0.00000     0.00000    -1.00000
           0           3           2           5
     7.52136    -7.12451   -12.75603
    -0.68770    -0.72600     0.00000
    -0.72600     0.68770     0.00000
    -0.00000     0.00000    -1.00000
           0           3           3           1
    11.52972    -5.66893    12.75010
    -0.44123    -0.89739     0.00000
    -0.89739     0.44123     0.00000
    -0.00000     0.00000    -1.00000
           0           3           3           2
    11.52972    -5.66893     6.37470
    -0.44123    -0.89739     0.00000
    -0.89739     0.44123     0.00000
    -0.00000     0.00000    -1.00000
           0           3           3           3
    11.52972    -5.66893    -0.00070
    -0.44123    -0.89739     0.00000
    -0.89739     0.44123     0.00000
    -0.00000     0.00000    -1.00000
           0           3           3           4
    11.52972    -5.66893    -6.37610
    -0.44123    -0.89739     0.00000
    -0.89739     0.44123     0.00000
    -0.00000     0.00000    -1.00000
           0           3           3           5
    11.52972    -5.66893   -12.75150
    -0.44123    -0.89739     0.00000
    -0.89739     0.44123     0.00000
    -0.00000     0.00000    -1.00000
           0           3           4           1
    11.58082    -2.07360    12.74777
    -0.17625    -0.98435     0.00000
    -0.98435     0.17625     0.00000
    -0.00000     0.00000    -1.00000
           0           3           4           2
    11.58082    -2.07360     6.37237
    -0.17625    -0.98435     0.00000
    -0.98435     0.17625     0.00000
    -0.00000     0.00000    -1.00000
           0           3           4           3
    11.58082    -2.07360    -0.00303
    -0.17625    -0.98435     0.00000
    -0.98435     0.17625     0.00000
    -0.00000     0.00000    -1.00000
           0           3           4           4
    11.58082    -2.07360    -6.37843
    -0.17625    -0.98435     0.00000
    -0.98435     0.17625     0.00000
    -0.00000     0.00000    -1.00000
           0           3           4           5
    11.58082    -2.07360   -12.75383
    -0.17625    -0.98435     0.00000
    -0.98435     0.17625     0.00000
    -0.00000     0.00000    -1.00000
           0           3           5           1
    10.26263     1.41710    12.74597
     0.13678    -0.99060     0.00000
    -0.99060    -0.13678     0.00000
    -0.00000    -0.00000    -1.00000
           0           3           5           2
    10.26263     1.41710     6.37057
     0.13678    -0.99060     0.00000
    -0.99060    -0.13678     0.00000
    -0.00000    -0.00000    -1.00000
           0           3           5           3
    10.26263     1.41710    -0.00483
     0.13678    -0.99060     0.00000
    -0.99060    -0.13678     0.00000
    -0.00000    -0.00000    -1.00000
           0           3           5           4
    10.26263     1.41710    -6.38023
     0.13678    -0.99060     0.00000
    -0.99060    -0.13678     0.00000
    -0.00000    -0.00000    -1.00000
           0           3           5           5
    10.26263     1.41710   -12.75563
     0.13678    -0.99060     0.00000
    -0.99060    -0.13678     0.00000
    -0.00000    -0.00000    -1.00000
           0           3           6           1
    11.64072     5.43734    12.75366
     0.42321    -0.90603     0.00000
    -0.90603    -0.42321     0.00000
    -0.00000    -0.00000    -1.00000
           0           3           6           2
    11.64072     5.43734     6.37826
     0.42321    -0.90603     0.00000
    -0.90603    -0.42321     0.00000
    -0.00000    -0.00000    -1.00000
           0           3           6           3
    11.64072     5.43734     0.00286
     0.42321    -0.90603     0.00000
    -0.90603    -0.42321     0.00000
    -0.00000    -0.00000    -1.00000
           0           3           6           4
    11.64072     5.43734    -6.37254
     0.42321    -0.90603     0.00000
    -0.90603    -0.42321     0.00000
    -0.00000    -0.00000    -1.00000
           0           3           6           5
    11.64072     5.43734   -12.74794
     0.42321    -0.90603     0.00000
    -0.90603    -0.42321     0.00000
    -0.00000    -0.00000    -1.00000
           0           3           7           1
     8.86906     7.73013    12.74895
     0.65704    -0.75385     0.00000
    -0.75385    -0.65704     0.00000
    -0.00000    -0.00000    -1.00000
           0           3           7           2
     8.86906     7.73013     6.37355
     0.65704    -0.75385     0.00000
    -0.75385    -0.65704     0.00000
    -0.00000    -0.00000    -1.00000
           0           3           7           3
     8.86906     7.73013    -0.00185
     0.65704    -0.75385     0.00000
    -0.75385    -0.65704     0.00000
    -0.00000    -0.00000    -1.00000
           0           3           7           4
     8.86906     7.73013    -6.37725
     0.65704    -0.75385     0.00000
    -0.75385    -0.65704     0.00000
    -0.00000    -0.00000    -1.00000
           0           3           7           5
     8.86906     7.73013   -12.75265
     0.65704    -0.75385     0.00000
    -0.75385    -0.65704     0.00000
    -0.00000    -0.00000    -1.00000
           0           3           8           1
     5.31379     8.89344    12.74819
     0.85844    -0.51291     0.00000
    -0.51291    -0.85844     0.00000
    -0.00000    -0.00000    -1.00000
           0           3           8           2
     5.31379     8.89344     6.37279
     0.85844    -0.51291     0.00000
    -0.51291    -0.85844     0.00000
    -0.00000    -0.00000    -1.00000
           0           3           8           3
     5.31379     8.89344    -0.00261
     0.85844    -0.51291     0.00000
    -0.51291    -0.85844     0.00000
    -0.00000    -0.00000    -1.00000
           0           3           8           4
     5.31379     8.89344    -6.37801
     0.85844    -0.51291     0.00000
    -0.51291    -0.85844     0.00000
    -0.00000    -0.00000    -1.00000
           0           3           8           5
     5.31379     8.89344   -12.75341
     0.85844    -0.51291     0.00000
    -0.51291    -0.85844     0.00000
    -0.00000    -0.00000    -1.00000
           0           3           9           1
    -5.35088     8.87117   -12.73145
    -0.85629    -0.51649    -0.00000
     0.51649    -0.85629    -0.00000
     0.00000     0.00000     1.00000
           0           3           9           2
    -5.35088     8.87117    -6.35605
    -0.85629    -0.51649    -0.00000
     0.51649    -0.85629    -0.00000
     0.00000     0.00000     1.00000
           0           3           9           3
    -5.35088     8.87117     0.01935
    -0.85629    -0.51649    -0.00000
     0.51649    -0.85629    -0.00000
     0.00000     0.00000     1.00000
           0           3           9           4
    -5.35088     8.87117     6.39475
    -0.85629    -0.51649    -0.00000
     0.51649    -0.85629    -0.00000
     0.00000     0.00000     1.00000
           0           3           9           5
    -5.35088     8.87117    12.77015
    -0.85629    -0.51649    -0.00000
     0.51649    -0.85629    -0.00000
     0.00000     0.00000     1.00000
           0           3          10           1
    -8.85382     7.74758   -12.74441
    -0.65853    -0.75256    -0.00000
     0.75256    -0.65853    -0.00000
     0.00000     0.00000     1.00000
           0           3          10           2
    -8.85382     7.74758    -6.36901
    -0.65853    -0.75256    -0.00000
     0.75256    -0.65853    -0.00000
     0.00000     0.00000     1.00000
           0           3          10           3
    -8.85382     7.74758     0.00639
    -0.65853    -0.75256    -0.00000
     0.75256    -0.65853    -0.00000
     0.00000     0.00000     1.00000
           0           3          10           4
    -8.85382     7.74758     6.38179
    -0.65853    -0.75256    -0.00000
     0.75256    -0.65853    -0.00000
     0.00000     0.00000     1.00000
           0           3          10           5
    -8.85382     7.74758    12.75719
    -0.65853    -0.75256    -0.00000
     0.75256    -0.65853    -0.00000
     0.00000     0.00000     1.00000
           0           3          11           1
   -11.63132     5.45741   -12.74093
    -0.42477    -0.90530    -0.00000
     0.90530    -0.42477    -0.00000
     0.00000     0.00000     1.00000
           0           3          11           2
   -11.63132     5.45741    -6.36553
    -0.42477    -0.90530    -0.00000
     0.90530    -0.42477    -0.00000
     0.00000     0.00000     1.00000
           0           3          11           3
   -11.63132     5.45741     0.00987
    -0.42477    -0.90530    -0.00000
     0.90530    -0.42477    -0.00000
     0.00000     0.00000     1.00000
           0           3          11           4
   -11.63132     5.45741     6.38527
    -0.42477    -0.90530    -0.00000
     0.90530    -0.42477    -0.00000
     0.00000     0.00000     1.00000
           0           3          11           5
   -11.63132     5.45741    12.76067
    -0.42477    -0.90530    -0.00000
     0.90530    -0.42477    -0.00000
     0.00000     0.00000     1.00000
           0           3          12           1
   -10.26336     1.41178   -12.74391
    -0.13627    -0.99067    -0.00000
     0.99067    -0.13627    -0.00000
     0.00000    -0.00000     1.00000
           0           3          12           2
   -10.26336     1.41178    -6.36851
    -0.13627    -0.99067    -0.00000
     0.99067    -0.13627    -0.00000
     0.00000    -0.00000     1.00000
           0           3          12           3
   -10.26336     1.41178     0.00689
    -0.13627    -0.99067    -0.00000
     0.99067    -0.13627    -0.00000
     0.00000    -0.00000     1.00000
           0           3          12           4
   -10.26336     1.41178     6.38229
    -0.13627    -0.99067    -0.00000
     0.99067    -0.13627    -0.00000
     0.00000    -0.00000     1.00000
           0           3          12           5
   -10.26336     1.41178    12.75769
    -0.13627    -0.99067    -0.00000
     0.99067    -0.13627    -0.00000
     0.00000    -0.00000     1.00000
           0           3          13           1
   -11.58158    -2.06936   -12.73644
     0.17590    -0.98441    -0.00000
     0.98441     0.17590    -0.00000
     0.00000     0.00000     1.00000
           0           3          13           2
   -11.58158    -2.06936    -6.36104
     0.17590    -0.98441    -0.00000
     0.98441     0.17590    -0.00000
     0.00000     0.00000     1.00000
           0           3          13           3
   -11.58158    -2.06936     0.01436
     0.17590    -0.98441    -0.00000
     0.98441     0.17590    -0.00000
     0.00000     0.00000     1.00000
           0           3          13           4
   -11.58158    -2.06936     6.38976
     0.17590    -0.98441    -0.00000
     0.98441     0.17590    -0.00000
     0.00000     0.00000     1.00000
           0           3          13           5
   -11.58158    -2.06936    12.76516
     0.17590    -0.98441    -0.00000
     0.98441     0.17590    -0.00000
     0.00000     0.00000     1.00000
           0           3          14           1
   -11.53019    -5.66797   -12.74495
     0.44116    -0.89743    -0.00000
     0.89743     0.44116    -0.00000
     0.00000     0.00000     1.00000
           0           3          14           2
   -11.53019    -5.66797    -6.36955
     0.44116    -0.89743    -0.00000
     0.89743     0.44116    -0.00000
     0.00000     0.00000     1.00000
           0           3          14           3
   -11.53019    -5.66797     0.00585
     0.44116    -0.89743    -0.00000
     0.89743     0.44116    -0.00000
     0.00000     0.00000     1.00000
           0           3          14           4
   -11.53019    -5.66797     6.38125
     0.44116    -0.89743    -0.00000
     0.89743     0.44116    -0.00000
     0.00000     0.00000     1.00000
           0           3          14           5
   -11.53019    -5.66797    12.75665
     0.44116    -0.89743    -0.00000
     0.89743     0.44116    -0.00000
     0.00000     0.00000     1.00000
           0           3          15           1
    -7.52704    -7.11852   -12.74588
     0.68712    -0.72654    -0.00000
     0.72654     0.68712    -0.00000
     0.00000     0.00000     1.00000
           0           3          15           2
    -7.52704    -7.11852    -6.37048
     0.68712    -0.72654    -0.00000
     0.72654     0.68712    -0.00000
     0.00000     0.00000     1.00000
           0           3          15           3
    -7.52704    -7.11852     0.00492
     0.68712    -0.72654    -0.00000
     0.72654     0.68712    -0.00000
     0.00000     0.00000     1.00000
           0           3          15           4
    -7.52704    -7.11852     6.38032
     0.68712    -0.72654    -0.00000
     0.72654     0.68712    -0.00000
     0.00000     0.00000     1.00000
           0           3          15           5
    -7.52704    -7.11852    12.75572
     0.68712    -0.72654    -0.00000
     0.72654     0.68712    -0.00000
     0.00000     0.00000     1.00000
           0           3          16           1
    -5.63308   -10.32878   -12.74844
     0.87792    -0.47880    -0.00000
     0.47880     0.87792    -0.00000
     0.00000     0.00000     1.00000
           0           3          16           2
    -5.63308   -10.32878    -6.37303
     0.87792    -0.47880    -0.00000
     0.47880     0.87792    -0.00000
     0.00000     0.00000     1.00000
           0           3          16           3
    -5.63308   -10.32878     0.00236
     0.87792    -0.47880    -0.00000
     0.47880     0.87792    -0.00000
     0.00000     0.00000     1.00000
           0           3          16           4
    -5.63308   -10.32878     6.37777
     0.87792    -0.47880    -0.00000
     0.47880     0.87792    -0.00000
     0.00000     0.00000     1.00000
           0           3          16           5
    -5.63308   -10.32878    12.75317
     0.87792    -0.47880    -0.00000
     0.47880     0.87792    -0.00000
     0.00000     0.00000     1.00000
           0           4           1           1
     6.51089   -14.03646   -15.93895
     0.90716     0.42080    -0.00000
    -0.42080     0.90716    -0.00000
     0.00000     0.00000     1.00000
           0           4           1           2
     6.51089   -14.03646    -9.56355
     0.90716     0.42080    -0.00000
    -0.42080     0.90716    -0.00000
     0.00000     0.00000     1.00000
           0           4           1           3
     6.51089   -14.03646    -3.18815
     0.90716     0.42080    -0.00000
    -0.42080     0.90716    -0.00000
     0.00000     0.00000     1.00000
           0           4           1           4
     6.51089   -14.03646     3.18725
     0.90716     0.42080    -0.00000
    -0.42080     0.90716    -0.00000
     0.00000     0.00000     1.00000
           0           4           1           5
     6.51089   -14.03646     9.56265
     0.90716     0.42080    -0.00000
    -0.42080     0.90716    -0.00000
     0.00000     0.00000     1.00000
           0           4           1           6
     6.51089   -14.03646    15.93805
     0.90716     0.42080    -0.00000
    -0.42080     0.90716    -0.00000
     0.00000     0.00000     1.00000
           0           4           2           1
    10.11078   -13.27509   -15.93715
     0.79554     0.60591    -0.00000
    -0.60591     0.79554    -0.00000
    -0.00000     0.00000     1.00000
           0           4           2           2
    10.11078   -13.27509    -9.56175
     0.79554     0.60591    -0.00000
    -0.60591     0.79554    -0.00000
    -0.00000     0.00000     1.00000
           0           4           2           3
    10.11078   -13.27509    -3.18635
     0.79554     0.60591    -0.00000
    -0.60591     0.79554    -0.00000
    -0.00000     0.00000     1.00000
           0           4           2           4
    10.11078   -13.27509     3.18905
     0.79554     0.60591    -0.00000
    -0.60591     0.79554    -0.00000
    -0.00000     0.00000     1.00000
           0           4           2           5
    10.11078   -13.27509     9.56445
     0.79554     0.60591    -0.00000
    -0.60591     0.79554    -0.00000
    -0.00000     0.00000     1.00000
           0           4           2           6
    10.11078   -13.27509    15.93985
     0.79554     0.60591    -0.00000
    -0.60591     0.79554    -0.00000
    -0.00000     0.00000     1.00000
           0           4           3           1
    13.48379   -11.77426   -15.93709
     0.65775     0.75324    -0.00000
    -0.75324     0.65775    -0.00000
    -0.00000     0.00000     1.00000
           0           4           3           2
    13.48379   -11.77426    -9.56170
     0.65775     0.75324    -0.00000
    -0.75324     0.65775    -0.00000
    -0.00000     0.00000     1.00000
           0           4           3           3
    13.48379   -11.77426    -3.18629
     0.65775     0.75324    -0.00000
    -0.75324     0.65775    -0.00000
    -0.00000     0.00000     1.00000
           0           4           3           4
    13.48379   -11.77426     3.18911
     0.65775     0.75324    -0.00000
    -0.75324     0.65775    -0.00000
    -0.00000     0.00000     1.00000
           0           4           3           5
    13.48379   -11.77426     9.56450
     0.65775     0.75324    -0.00000
    -0.75324     0.65775    -0.00000
    -0.00000     0.00000     1.00000
           0           4           3           6
    13.48379   -11.77426    15.93991
     0.65775     0.75324    -0.00000
    -0.75324     0.65775    -0.00000
    -0.00000     0.00000     1.00000
           0           4           4           1
    13.52690    -7.51243   -15.93746
     0.48552     0.87423    -0.00000
    -0.87423     0.48552    -0.00000
     0.00000     0.00000     1.00000
           0           4           4           2
    13.52690    -7.51243    -9.56206
     0.48552     0.87423    -0.00000
    -0.87423     0.48552    -0.00000
     0.00000     0.00000     1.00000
           0           4           4           3
    13.52690    -7.51243    -3.18666
     0.48552     0.87423    -0.00000
    -0.87423     0.48552    -0.00000
     0.00000     0.00000     1.00000
           0           4           4           4
    13.52690    -7.51243     3.18874
     0.48552     0.87423    -0.00000
    -0.87423     0.48552    -0.00000
     0.00000     0.00000     1.00000
           0           4           4           5
    13.52690    -7.51243     9.56414
     0.48552     0.87423    -0.00000
    -0.87423     0.48552    -0.00000
     0.00000     0.00000     1.00000
           0           4           4           6
    13.52690    -7.51243    15.93954
     0.48552     0.87423    -0.00000
    -0.87423     0.48552    -0.00000
     0.00000     0.00000     1.00000
           0           4           5           1
    15.99012    -4.77201   -15.94154
     0.28598     0.95824    -0.00000
    -0.95824     0.28598    -0.00000
     0.00000     0.00000     1.00000
           0           4           5           2
    15.99012    -4.77201    -9.56614
     0.28598     0.95824    -0.00000
    -0.95824     0.28598    -0.00000
     0.00000     0.00000     1.00000
           0           4           5           3
    15.99012    -4.77201    -3.19074
     0.28598     0.95824    -0.00000
    -0.95824     0.28598    -0.00000
     0.00000     0.00000     1.00000
           0           4           5           4
    15.99012    -4.77201     3.18466
     0.28598     0.95824    -0.00000
    -0.95824     0.28598    -0.00000
     0.00000     0.00000     1.00000
           0           4           5           5
    15.99012    -4.77201     9.56006
     0.28598     0.95824    -0.00000
    -0.95824     0.28598    -0.00000
     0.00000     0.00000     1.00000
           0           4           5           6
    15.99012    -4.77201    15.93547
     0.28598     0.95824    -0.00000
    -0.95824     0.28598    -0.00000
     0.00000     0.00000     1.00000
           0           4           6           1
    17.83090    -1.58263   -15.93995
     0.08841     0.99608    -0.00000
    -0.99608     0.08841    -0.00000
     0.00000     0.00000     1.00000
           0           4           6           2
    17.83090    -1.58263    -9.56455
     0.08841     0.99608    -0.00000
    -0.99608     0.08841    -0.00000
     0.00000     0.00000     1.00000
           0           4           6           3
    17.83090    -1.58263    -3.18915
     0.08841     0.99608    -0.00000
    -0.99608     0.08841    -0.00000
     0.00000     0.00000     1.00000
           0           4           6           4
    17.83090    -1.58263     3.18625
     0.08841     0.99608    -0.00000
    -0.99608     0.08841    -0.00000
     0.00000     0.00000     1.00000
           0           4           6           5
    17.83090    -1.58263     9.56165
     0.08841     0.99608    -0.00000
    -0.99608     0.08841    -0.00000
     0.00000     0.00000     1.00000
           0           4           6           6
    17.83090    -1.58263    15.93705
     0.08841     0.99608    -0.00000
    -0.99608     0.08841    -0.00000
     0.00000     0.00000     1.00000
           0           4           7           1
    15.35850     1.87881   -15.93543
    -0.12143     0.99260     0.00000
    -0.99260    -0.12143     0.00000
     0.00000     0.00000     1.00000
           0           4           7           2
    15.35850     1.87881    -9.56003
    -0.12143     0.99260     0.00000
    -0.99260    -0.12143     0.00000
     0.00000     0.00000     1.00000
           0           4           7           3
    15.35850     1.87881    -3.18463
    -0.12143     0.99260     0.00000
    -0.99260    -0.12143     0.00000
     0.00000     0.00000     1.00000
           0           4           7           4
    15.35850     1.87881     3.19077
    -0.12143     0.99260     0.00000
    -0.99260    -0.12143     0.00000
     0.00000     0.00000     1.00000
           0           4           7           5
    15.35850     1.87881     9.56617
    -0.12143     0.99260     0.00000
    -0.99260    -0.12143     0.00000
     0.00000     0.00000     1.00000
           0           4           7           6
    15.35850     1.87881    15.94157
    -0.12143     0.99260     0.00000
    -0.99260    -0.12143     0.00000
     0.00000     0.00000     1.00000
           0           4           8           1
    15.73779     5.54781   -15.93422
    -0.33247     0.94311     0.00000
    -0.94311    -0.33247     0.00000
     0.00000     0.00000     1.00000
           0           4           8           2
    15.73779     5.54781    -9.55882
    -0.33247     0.94311     0.00000
    -0.94311    -0.33247     0.00000
     0.00000     0.00000     1.00000
           0           4           8           3
    15.73779     5.54781    -3.18342
    -0.33247     0.94311     0.00000
    -0.94311    -0.33247     0.00000
     0.00000     0.00000     1.00000
           0           4           8           4
    15.73779     5.54781     3.19198
    -0.33247     0.94311     0.00000
    -0.94311    -0.33247     0.00000
     0.00000     0.00000     1.00000
           0           4           8           5
    15.73779     5.54781     9.56738
    -0.33247     0.94311     0.00000
    -0.94311    -0.33247     0.00000
     0.00000     0.00000     1.00000
           0           4           8           6
    15.73779     5.54781    15.94278
    -0.33247     0.94311     0.00000
    -0.94311    -0.33247     0.00000
     0.00000     0.00000     1.00000
           0           4           9           1
    15.34034     9.22603   -15.93190
    -0.51539     0.85696     0.00000
    -0.85696    -0.51539     0.00000
     0.00000     0.00000     1.00000
           0           4           9           2
    15.34034     9.22603    -9.55650
    -0.51539     0.85696     0.00000
    -0.85696    -0.51539     0.00000
     0.00000     0.00000     1.00000
           0           4           9           3
    15.34034     9.22603    -3.18110
    -0.51539     0.85696     0.00000
    -0.85696    -0.51539     0.00000
     0.00000     0.00000     1.00000
           0           4           9           4
    15.34034     9.22603     3.19430
    -0.51539     0.85696     0.00000
    -0.85696    -0.51539     0.00000
     0.00000     0.00000     1.00000
           0           4           9           5
    15.34034     9.22603     9.56970
    -0.51539     0.85696     0.00000
    -0.85696    -0.51539     0.00000
     0.00000     0.00000     1.00000
           0           4           9           6
    15.34034     9.22603    15.94510
    -0.51539     0.85696     0.00000
    -0.85696    -0.51539     0.00000
     0.00000     0.00000     1.00000
           0           4          10           1
    11.31793    10.55075   -15.94773
    -0.68188     0.73147     0.00000
    -0.73147    -0.68188     0.00000
     0.00000     0.00000     1.00000
           0           4          10           2
    11.31793    10.55075    -9.57233
    -0.68188     0.73147     0.00000
    -0.73147    -0.68188     0.00000
     0.00000     0.00000     1.00000
           0           4          10           3
    11.31793    10.55075    -3.19693
    -0.68188     0.73147     0.00000
    -0.73147    -0.68188     0.00000
     0.00000     0.00000     1.00000
           0           4          10           4
    11.31793    10.55075     3.17847
    -0.68188     0.73147     0.00000
    -0.73147    -0.68188     0.00000
     0.00000     0.00000     1.00000
           0           4          10           5
    11.31793    10.55075     9.55387
    -0.68188     0.73147     0.00000
    -0.73147    -0.68188     0.00000
     0.00000     0.00000     1.00000
           0           4          10           6
    11.31793    10.55075    15.92927
    -0.68188     0.73147     0.00000
    -0.73147    -0.68188     0.00000
     0.00000     0.00000     1.00000
           0           4          11           1
     9.46122    13.74559   -15.93850
    -0.82373     0.56698     0.00000
    -0.56698    -0.82373     0.00000
     0.00000     0.00000     1.00000
           0           4          11           2
     9.46122    13.74559    -9.56310
    -0.82373     0.56698     0.00000
    -0.56698    -0.82373     0.00000
     0.00000     0.00000     1.00000
           0           4          11           3
     9.46122    13.74559    -3.18770
    -0.82373     0.56698     0.00000
    -0.56698    -0.82373     0.00000
     0.00000     0.00000     1.00000
           0           4          11           4
     9.46122    13.74559     3.18770
    -0.82373     0.56698     0.00000
    -0.56698    -0.82373     0.00000
     0.00000     0.00000     1.00000
           0           4          11           5
     9.46122    13.74559     9.56310
    -0.82373     0.56698     0.00000
    -0.56698    -0.82373     0.00000
     0.00000     0.00000     1.00000
           0           4          11           6
     9.46122    13.74559    15.93850
    -0.82373     0.56698     0.00000
    -0.56698    -0.82373     0.00000
     0.00000     0.00000     1.00000
           0           4          12           1
     6.98523    16.48189   -15.93668
    -0.92072     0.39022     0.00000
    -0.39022    -0.92072     0.00000
     0.00000     0.00000     1.00000
           0           4          12           2
     6.98523    16.48189    -9.56128
    -0.92072     0.39022     0.00000
    -0.39022    -0.92072     0.00000
     0.00000     0.00000     1.00000
           0           4          12           3
     6.98523    16.48189    -3.18587
    -0.92072     0.39022     0.00000
    -0.39022    -0.92072     0.00000
     0.00000     0.00000     1.00000
           0           4          12           4
     6.98523    16.48189     3.18953
    -0.92072     0.39022     0.00000
    -0.39022    -0.92072     0.00000
     0.00000     0.00000     1.00000
           0           4          12           5
     6.98523    16.48189     9.56492
    -0.92072     0.39022     0.00000
    -0.39022    -0.92072     0.00000
     0.00000     0.00000     1.00000
           0           4          12           6
     6.98523    16.48189    15.94032
    -0.92072     0.39022     0.00000
    -0.39022    -0.92072     0.00000
     0.00000     0.00000     1.00000
           0           4          13           1
    -6.96147    16.49194    15.92764
     0.92128     0.38889     0.00000
     0.38889    -0.92128     0.00000
     0.00000    -0.00000    -1.00000
           0           4          13           2
    -6.96147    16.49194     9.55224
     0.92128     0.38889     0.00000
     0.38889    -0.92128     0.00000
     0.00000    -0.00000    -1.00000
           0           4          13           3
    -6.96147    16.49194     3.17684
     0.92128     0.38889     0.00000
     0.38889    -0.92128     0.00000
     0.00000    -0.00000    -1.00000
           0           4          13           4
    -6.96147    16.49194    -3.19856
     0.92128     0.38889     0.00000
     0.38889    -0.92128     0.00000
     0.00000    -0.00000    -1.00000
           0           4          13           5
    -6.96147    16.49194    -9.57396
     0.92128     0.38889     0.00000
     0.38889    -0.92128     0.00000
     0.00000    -0.00000    -1.00000
           0           4          13           6
    -6.96147    16.49194   -15.94936
     0.92128     0.38889     0.00000
     0.38889    -0.92128     0.00000
     0.00000    -0.00000    -1.00000
           0           4          14           1
    -9.55414    13.68117    15.93596
     0.81987     0.57255     0.00000
     0.57255    -0.81987     0.00000
     0.00000    -0.00000    -1.00000
           0           4          14           2
    -9.55414    13.68117     9.56056
     0.81987     0.57255     0.00000
     0.57255    -0.81987     0.00000
     0.00000    -0.00000    -1.00000
           0           4          14           3
    -9.55414    13.68117     3.18516
     0.81987     0.57255     0.00000
     0.57255    -0.81987     0.00000
     0.00000    -0.00000    -1.00000
           0           4          14           4
    -9.55414    13.68117    -3.19024
     0.81987     0.57255     0.00000
     0.57255    -0.81987     0.00000
     0.00000    -0.00000    -1.00000
           0           4          14           5
    -9.55414    13.68117    -9.56564
     0.81987     0.57255     0.00000
     0.57255    -0.81987     0.00000
     0.00000    -0.00000    -1.00000
           0           4          14           6
    -9.55414    13.68117   -15.94104
     0.81987     0.57255     0.00000
     0.57255    -0.81987     0.00000
     0.00000    -0.00000    -1.00000
           0           4          15           1
   -11.31575    10.55308    15.94266
     0.68203     0.73132    -0.00000
     0.73132    -0.68203    -0.00000
    -0.00000     0.00000    -1.00000
           0           4          15           2
   -11.31575    10.55308     9.56726
     0.68203     0.73132    -0.00000
     0.73132    -0.68203    -0.00000
    -0.00000     0.00000    -1.00000
           0           4          15           3
   -11.31575    10.55308     3.19186
     0.68203     0.73132    -0.00000
     0.73132    -0.68203    -0.00000
    -0.00000     0.00000    -1.00000
           0           4          15           4
   -11.31575    10.55308    -3.18354
     0.68203     0.73132    -0.00000
     0.73132    -0.68203    -0.00000
    -0.00000     0.00000    -1.00000
           0           4          15           5
   -11.31575    10.55308    -9.55894
     0.68203     0.73132    -0.00000
     0.73132    -0.68203    -0.00000
    -0.00000     0.00000    -1.00000
           0           4          15           6
   -11.31575    10.55308   -15.93434
     0.68203     0.73132    -0.00000
     0.73132    -0.68203    -0.00000
    -0.00000     0.00000    -1.00000
           0           4          16           1
   -15.34849     9.21246    15.93783
     0.51463     0.85741    -0.00000
     0.85741    -0.51463    -0.00000
    -0.00000     0.00000    -1.00000
           0           4          16           2
   -15.34849     9.21246     9.56243
     0.51463     0.85741    -0.00000
     0.85741    -0.51463    -0.00000
    -0.00000     0.00000    -1.00000
           0           4          16           3
   -15.34849     9.21246     3.18703
     0.51463     0.85741    -0.00000
     0.85741    -0.51463    -0.00000
    -0.00000     0.00000    -1.00000
           0           4          16           4
   -15.34849     9.21246    -3.18837
     0.51463     0.85741    -0.00000
     0.85741    -0.51463    -0.00000
    -0.00000     0.00000    -1.00000
           0           4          16           5
   -15.34849     9.21246    -9.56377
     0.51463     0.85741    -0.00000
     0.85741    -0.51463    -0.00000
    -0.00000     0.00000    -1.00000
           0           4          16           6
   -15.34849     9.21246   -15.93917
     0.51463     0.85741    -0.00000
     0.85741    -0.51463    -0.00000
    -0.00000     0.00000    -1.00000
           0           4          17           1
   -15.73859     5.54552    15.93850
     0.33233     0.94316    -0.00000
     0.94316    -0.33233    -0.00000
    -0.00000     0.00000    -1.00000
           0           4          17           2
   -15.73859     5.54552     9.56310
     0.33233     0.94316    -0.00000
     0.94316    -0.33233    -0.00000
    -0.00000     0.00000    -1.00000
           0           4          17           3
   -15.73859     5.54552     3.18770
     0.33233     0.94316    -0.00000
     0.94316    -0.33233    -0.00000
    -0.00000     0.00000    -1.00000
           0           4          17           4
   -15.73859     5.54552    -3.18770
     0.33233     0.94316    -0.00000
     0.94316    -0.33233    -0.00000
    -0.00000     0.00000    -1.00000
           0           4          17           5
   -15.73859     5.54552    -9.56310
     0.33233     0.94316    -0.00000
     0.94316    -0.33233    -0.00000
    -0.00000     0.00000    -1.00000
           0           4          17           6
   -15.73859     5.54552   -15.93850
     0.33233     0.94316    -0.00000
     0.94316    -0.33233    -0.00000
    -0.00000     0.00000    -1.00000
           0           4          18           1
   -15.36095     1.85871    15.92207
     0.12012     0.99276    -0.00000
     0.99276    -0.12012    -0.00000
    -0.00000     0.00000    -1.00000
           0           4          18           2
   -15.36095     1.85871     9.54667
     0.12012     0.99276    -0.00000
     0.99276    -0.12012    -0.00000
    -0.00000     0.00000    -1.00000
           0           4          18           3
   -15.36095     1.85871     3.17127
     0.12012     0.99276    -0.00000
     0.99276    -0.12012    -0.00000
    -0.00000     0.00000    -1.00000
           0           4          18           4
   -15.36095     1.85871    -3.20413
     0.12012     0.99276    -0.00000
     0.99276    -0.12012    -0.00000
    -0.00000     0.00000    -1.00000
           0           4          18           5
   -15.36095     1.85871    -9.57953
     0.12012     0.99276    -0.00000
     0.99276    -0.12012    -0.00000
    -0.00000     0.00000    -1.00000
           0           4          18           6
   -15.36095     1.85871   -15.95493
     0.12012     0.99276    -0.00000
     0.99276    -0.12012    -0.00000
    -0.00000     0.00000    -1.00000
           0           4          19           1
   -17.82976    -1.59548    15.93232
    -0.08913     0.99602    -0.00000
     0.99602     0.08913    -0.00000
    -0.00000    -0.00000    -1.00000
           0           4          19           2
   -17.82976    -1.59548     9.55692
    -0.08913     0.99602    -0.00000
     0.99602     0.08913    -0.00000
    -0.00000    -0.00000    -1.00000
           0           4          19           3
   -17.82976    -1.59548     3.18152
    -0.08913     0.99602    -0.00000
     0.99602     0.08913    -0.00000
    -0.00000    -0.00000    -1.00000
           0           4          19           4
   -17.82976    -1.59548    -3.19388
    -0.08913     0.99602    -0.00000
     0.99602     0.08913    -0.00000
    -0.00000    -0.00000    -1.00000
           0           4          19           5
   -17.82976    -1.59548    -9.56928
    -0.08913     0.99602    -0.00000
     0.99602     0.08913    -0.00000
    -0.00000    -0.00000    -1.00000
           0           4          19           6
   -17.82976    -1.59548   -15.94468
    -0.08913     0.99602    -0.00000
     0.99602     0.08913    -0.00000
    -0.00000    -0.00000    -1.00000
           0           4          20           1
   -15.98671    -4.78343    15.93856
    -0.28666     0.95803    -0.00000
     0.95803     0.28666    -0.00000
    -0.00000    -0.00000    -1.00000
           0           4          20           2
   -15.98671    -4.78343     9.56316
    -0.28666     0.95803    -0.00000
     0.95803     0.28666    -0.00000
    -0.00000    -0.00000    -1.00000
           0           4          20           3
   -15.98671    -4.78343     3.18776
    -0.28666     0.95803    -0.00000
     0.95803     0.28666    -0.00000
    -0.00000    -0.00000    -1.00000
           0           4          20           4
   -15.98671    -4.78343    -3.18764
    -0.28666     0.95803    -0.00000
     0.95803     0.28666    -0.00000
    -0.00000    -0.00000    -1.00000
           0           4          20           5
   -15.98671    -4.78343    -9.56304
    -0.28666     0.95803    -0.00000
     0.95803     0.28666    -0.00000
    -0.00000    -0.00000    -1.00000
           0           4          20           6
   -15.98671    -4.78343   -15.93844
    -0.28666     0.95803    -0.00000
     0.95803     0.28666    -0.00000
    -0.00000    -0.00000    -1.00000
           0           4          21           1
   -13.51789    -7.52862    15.94154
    -0.48657     0.87364    -0.00000
     0.87364     0.48657    -0.00000
    -0.00000    -0.00000    -1.00000
           0           4          21           2
   -13.51789    -7.52862     9.56614
    -0.48657     0.87364    -0.00000
     0.87364     0.48657    -0.00000
    -0.00000    -0.00000    -1.00000
           0           4          21           3
   -13.51789    -7.52862     3.19074
    -0.48657     0.87364    -0.00000
     0.87364     0.48657    -0.00000
    -0.00000    -0.00000    -1.00000
           0           4          21           4
   -13.51789    -7.52862    -3.18466
    -0.48657     0.87364    -0.00000
     0.87364     0.48657    -0.00000
    -0.00000    -0.00000    -1.00000
           0           4          21           5
   -13.51789    -7.52862    -9.56006
    -0.48657     0.87364    -0.00000
     0.87364     0.48657    -0.00000
    -0.00000    -0.00000    -1.00000
           0           4          21           6
   -13.51789    -7.52862   -15.93546
    -0.48657     0.87364    -0.00000
     0.87364     0.48657    -0.00000
    -0.00000    -0.00000    -1.00000
           0           4          22           1
   -13.49138   -11.76556    15.92982
    -0.65726     0.75366    -0.00000
     0.75366     0.65726    -0.00000
    -0.00000    -0.00000    -1.00000
           0           4          22           2
   -13.49138   -11.76556     9.55442
    -0.65726     0.75366    -0.00000
     0.75366     0.65726    -0.00000
    -0.00000    -0.00000    -1.00000
           0           4          22           3
   -13.49138   -11.76556     3.17902
    -0.65726     0.75366    -0.00000
     0.75366     0.65726    -0.00000
    -0.00000    -0.00000    -1.00000
           0           4          22           4
   -13.49138   -11.76556    -3.19638
    -0.65726     0.75366    -0.00000
     0.75366     0.65726    -0.00000
    -0.00000    -0.00000    -1.00000
           0           4          22           5
   -13.49138   -11.76556    -9.57178
    -0.65726     0.75366    -0.00000
     0.75366     0.65726    -0.00000
    -0.00000    -0.00000    -1.00000
           0           4          22           6
   -13.49138   -11.76556   -15.94718
    -0.65726     0.75366    -0.00000
     0.75366     0.65726    -0.00000
    -0.00000    -0.00000    -1.00000
           0           4          23           1
   -10.12484   -13.26438    15.93433
    -0.79489     0.60675    -0.00000
     0.60675     0.79489    -0.00000
    -0.00000    -0.00000    -1.00000
           0           4          23           2
   -10.12484   -13.26438     9.55893
    -0.79489     0.60675    -0.00000
     0.60675     0.79489    -0.00000
    -0.00000    -0.00000    -1.00000
           0           4          23           3
   -10.12484   -13.26438     3.18353
    -0.79489     0.60675    -0.00000
     0.60675     0.79489    -0.00000
    -0.00000    -0.00000    -1.00000
           0           4          23           4
   -10.12484   -13.26438    -3.19187
    -0.79489     0.60675    -0.00000
     0.60675     0.79489    -0.00000
    -0.00000    -0.00000    -1.00000
           0           4          23           5
   -10.12484   -13.26438    -9.56727
    -0.79489     0.60675    -0.00000
     0.60675     0.79489    -0.00000
    -0.00000    -0.00000    -1.00000
           0           4          23           6
   -10.12484   -13.26438   -15.94267
    -0.79489     0.60675    -0.00000
     0.60675     0.79489    -0.00000
    -0.00000    -0.00000    -1.00000
           0           4          24           1
    -6.50734   -14.03810    15.93850
    -0.90726     0.42056    -0.00000
     0.42056     0.90726    -0.00000
    -0.00000    -0.00000    -1.00000
           0           4          24           2
    -6.50734   -14.03810     9.56310
    -0.90726     0.42056    -0.00000
     0.42056     0.90726    -0.00000
    -0.00000    -0.00000    -1.00000
           0           4          24           3
    -6.50734   -14.03810     3.18770
    -0.90726     0.42056    -0.00000
     0.42056     0.90726    -0.00000
    -0.00000    -0.00000    -1.00000
           0           4          24           4
    -6.50734   -14.03810    -3.18770
    -0.90726     0.42056    -0.00000
     0.42056     0.90726    -0.00000
    -0.00000    -0.00000    -1.00000
           0           4          24           5
    -6.50734   -14.03810    -9.56310
    -0.90726     0.42056    -0.00000
     0.42056     0.90726    -0.00000
    -0.00000    -0.00000    -1.00000
           0           4          24           6
    -6.50734   -14.03810   -15.93850
    -0.90726     0.42056    -0.00000
     0.42056     0.90726    -0.00000
    -0.00000    -0.00000    -1.00000
