 SVX cage parameters:
     2.20000
     0.50000     0.20000
     0.00000
           6
   -40.00000   -26.50000   -26.50000    26.50000    26.50000    40.00000
    53.00000    53.00000    22.00000    22.00000    53.00000    53.00000
     0.00000     0.00000     0.00000
 SVX barrel parameters:
           4
     2.63000     5.13000    11.76500    16.68700     1.21400
     0.00000     0.00000     0.00000     0.00000
           4           4           5           6
     0.69600     0.69600     1.74500     1.74500
     0.01000     0.01000     0.03125     0.03125
     2.83600     2.83600     3.18770     3.18770
     0.01900     0.01900     0.00000     0.00000
     0.02000     0.02000     0.00000     0.00000
    26.70000    13.60000    17.00000    12.00000
   -13.00000   -13.02000     0.00000     0.00000
           2
           5           5
     0.00000   180.00000
           2
          10          10
     0.00000   180.00000
           2
           8           8
     0.00000   180.00000
           2
          12          12
     0.00000   180.00000
 SVX barrel sensor rotation matrices and translation vectors:
           0           1           1           1
     1.58604    -2.11720     8.65219
     0.63891     0.76928    -0.00000
    -0.76928     0.63891    -0.00000
    -0.00000     0.00000     1.00000
           0           1           1           2
     1.58604    -2.11720     2.96019
     0.63891     0.76928    -0.00000
    -0.76928     0.63891    -0.00000
    -0.00000     0.00000     1.00000
           0           1           1           3
     1.58604    -2.11720    -2.73181
     0.63891     0.76928    -0.00000
    -0.76928     0.63891    -0.00000
    -0.00000     0.00000     1.00000
           0           1           1           4
     1.58604    -2.11720    -8.42381
     0.63891     0.76928    -0.00000
    -0.76928     0.63891    -0.00000
    -0.00000     0.00000     1.00000
           0           1           2           1
     2.34170    -1.17512     8.64789
     0.22508     0.97434    -0.00000
    -0.97434     0.22508    -0.00000
    -0.00000     0.00000     1.00000
           0           1           2           2
     2.34170    -1.17512     2.95589
     0.22508     0.97434    -0.00000
    -0.97434     0.22508    -0.00000
    -0.00000     0.00000     1.00000
           0           1           2           3
     2.34170    -1.17512    -2.73611
     0.22508     0.97434    -0.00000
    -0.97434     0.22508    -0.00000
    -0.00000     0.00000     1.00000
           0           1           2           4
     2.34170    -1.17512    -8.42811
     0.22508     0.97434    -0.00000
    -0.97434     0.22508    -0.00000
    -0.00000     0.00000     1.00000
           0           1           3           1
     2.61485    -0.00252     8.64028
    -0.23676     0.97157     0.00000
    -0.97157    -0.23676     0.00000
     0.00000     0.00000     1.00000
           0           1           3           2
     2.61485    -0.00252     2.94828
    -0.23676     0.97157     0.00000
    -0.97157    -0.23676     0.00000
     0.00000     0.00000     1.00000
           0           1           3           3
     2.61485    -0.00252    -2.74372
    -0.23676     0.97157     0.00000
    -0.97157    -0.23676     0.00000
     0.00000     0.00000     1.00000
           0           1           3           4
     2.61485    -0.00252    -8.43572
    -0.23676     0.97157     0.00000
    -0.97157    -0.23676     0.00000
     0.00000     0.00000     1.00000
           0           1           4           1
     2.33828     1.17590     8.65886
    -0.64810     0.76155     0.00000
    -0.76155    -0.64810     0.00000
     0.00000     0.00000     1.00000
           0           1           4           2
     2.33828     1.17590     2.96687
    -0.64810     0.76155     0.00000
    -0.76155    -0.64810     0.00000
     0.00000     0.00000     1.00000
           0           1           4           3
     2.33828     1.17590    -2.72513
    -0.64810     0.76155     0.00000
    -0.76155    -0.64810     0.00000
     0.00000     0.00000     1.00000
           0           1           4           4
     2.33828     1.17590    -8.41714
    -0.64810     0.76155     0.00000
    -0.76155    -0.64810     0.00000
     0.00000     0.00000     1.00000
           0           1           5           1
     1.53119     2.07713     8.63361
    -0.92119     0.38910     0.00000
    -0.38910    -0.92119     0.00000
     0.00000     0.00000     1.00000
           0           1           5           2
     1.53119     2.07713     2.94161
    -0.92119     0.38910     0.00000
    -0.38910    -0.92119     0.00000
     0.00000     0.00000     1.00000
           0           1           5           3
     1.53119     2.07713    -2.75039
    -0.92119     0.38910     0.00000
    -0.38910    -0.92119     0.00000
     0.00000     0.00000     1.00000
           0           1           5           4
     1.53119     2.07713    -8.44239
    -0.92119     0.38910     0.00000
    -0.38910    -0.92119     0.00000
     0.00000     0.00000     1.00000
           0           1           6           1
    -1.54394     2.08309    -8.55688
     0.92082     0.38999     0.00000
     0.38999    -0.92082     0.00000
     0.00000    -0.00000    -1.00000
           0           1           6           2
    -1.54394     2.08309    -2.86488
     0.92082     0.38999     0.00000
     0.38999    -0.92082     0.00000
     0.00000    -0.00000    -1.00000
           0           1           6           3
    -1.54394     2.08309     2.82712
     0.92082     0.38999     0.00000
     0.38999    -0.92082     0.00000
     0.00000    -0.00000    -1.00000
           0           1           6           4
    -1.54394     2.08309     8.51912
     0.92082     0.38999     0.00000
     0.38999    -0.92082     0.00000
     0.00000    -0.00000    -1.00000
           0           1           7           1
    -2.32481     1.16684    -8.56369
     0.64737     0.76218    -0.00000
     0.76218    -0.64737    -0.00000
    -0.00000     0.00000    -1.00000
           0           1           7           2
    -2.32481     1.16684    -2.87169
     0.64737     0.76218    -0.00000
     0.76218    -0.64737    -0.00000
    -0.00000     0.00000    -1.00000
           0           1           7           3
    -2.32481     1.16684     2.82031
     0.64737     0.76218    -0.00000
     0.76218    -0.64737    -0.00000
    -0.00000     0.00000    -1.00000
           0           1           7           4
    -2.32481     1.16684     8.51231
     0.64737     0.76218    -0.00000
     0.76218    -0.64737    -0.00000
    -0.00000     0.00000    -1.00000
           0           1           8           1
    -2.63023     0.00270    -8.55903
     0.23583     0.97179    -0.00000
     0.97179    -0.23583    -0.00000
    -0.00000     0.00000    -1.00000
           0           1           8           2
    -2.63022     0.00270    -2.86703
     0.23583     0.97179    -0.00000
     0.97179    -0.23583    -0.00000
    -0.00000     0.00000    -1.00000
           0           1           8           3
    -2.63022     0.00270     2.82497
     0.23583     0.97179    -0.00000
     0.97179    -0.23583    -0.00000
    -0.00000     0.00000    -1.00000
           0           1           8           4
    -2.63022     0.00270     8.51697
     0.23583     0.97179    -0.00000
     0.97179    -0.23583    -0.00000
    -0.00000     0.00000    -1.00000
           0           1           9           1
    -2.36080    -1.17717    -8.55610
    -0.22600     0.97413    -0.00000
     0.97413     0.22600    -0.00000
    -0.00000    -0.00000    -1.00000
           0           1           9           2
    -2.36080    -1.17717    -2.86410
    -0.22600     0.97413    -0.00000
     0.97413     0.22600    -0.00000
    -0.00000    -0.00000    -1.00000
           0           1           9           3
    -2.36080    -1.17717     2.82790
    -0.22600     0.97413    -0.00000
     0.97413     0.22600    -0.00000
    -0.00000    -0.00000    -1.00000
           0           1           9           4
    -2.36080    -1.17717     8.51991
    -0.22600     0.97413    -0.00000
     0.97413     0.22600    -0.00000
    -0.00000    -0.00000    -1.00000
           0           1          10           1
    -1.60845    -2.12268    -8.56153
    -0.63961     0.76870    -0.00000
     0.76870     0.63961    -0.00000
    -0.00000    -0.00000    -1.00000
           0           1          10           2
    -1.60845    -2.12268    -2.86953
    -0.63961     0.76870    -0.00000
     0.76870     0.63961    -0.00000
    -0.00000    -0.00000    -1.00000
           0           1          10           3
    -1.60845    -2.12268     2.82247
    -0.63961     0.76870    -0.00000
     0.76870     0.63961    -0.00000
    -0.00000    -0.00000    -1.00000
           0           1          10           4
    -1.60845    -2.12268     8.51447
    -0.63961     0.76870    -0.00000
     0.76870     0.63961    -0.00000
    -0.00000    -0.00000    -1.00000
           0           2           1           1
     2.50780    -4.53676     8.62540
     0.74337     0.66888    -0.00000
    -0.66888     0.74337    -0.00000
    -0.00000     0.00000     1.00000
           0           2           1           2
     2.50780    -4.53676     2.93340
     0.74337     0.66888    -0.00000
    -0.66888     0.74337    -0.00000
    -0.00000     0.00000     1.00000
           0           2           1           3
     2.50780    -4.53676    -2.75860
     0.74337     0.66888    -0.00000
    -0.66888     0.74337    -0.00000
    -0.00000     0.00000     1.00000
           0           2           1           4
     2.50780    -4.53676    -8.45060
     0.74337     0.66888    -0.00000
    -0.66888     0.74337    -0.00000
    -0.00000     0.00000     1.00000
           0           2           2           1
     3.50198    -3.83130     8.62738
     0.56524     0.82492    -0.00000
    -0.82492     0.56524    -0.00000
    -0.00000     0.00000     1.00000
           0           2           2           2
     3.50198    -3.83130     2.93538
     0.56524     0.82492    -0.00000
    -0.82492     0.56524    -0.00000
    -0.00000     0.00000     1.00000
           0           2           2           3
     3.50198    -3.83130    -2.75662
     0.56524     0.82492    -0.00000
    -0.82492     0.56524    -0.00000
    -0.00000     0.00000     1.00000
           0           2           2           4
     3.50198    -3.83130    -8.44862
     0.56524     0.82492    -0.00000
    -0.82492     0.56524    -0.00000
    -0.00000     0.00000     1.00000
           0           2           3           1
     4.28053    -2.89038     8.62238
     0.35541     0.93471    -0.00000
    -0.93471     0.35541    -0.00000
    -0.00000     0.00000     1.00000
           0           2           3           2
     4.28053    -2.89038     2.93038
     0.35541     0.93471    -0.00000
    -0.93471     0.35541    -0.00000
    -0.00000     0.00000     1.00000
           0           2           3           3
     4.28053    -2.89038    -2.76162
     0.35541     0.93471    -0.00000
    -0.93471     0.35541    -0.00000
    -0.00000     0.00000     1.00000
           0           2           3           4
     4.28053    -2.89038    -8.45362
     0.35541     0.93471    -0.00000
    -0.93471     0.35541    -0.00000
    -0.00000     0.00000     1.00000
           0           2           4           1
     4.83282    -1.79894     8.62542
     0.12566     0.99207    -0.00000
    -0.99207     0.12566    -0.00000
    -0.00000     0.00000     1.00000
           0           2           4           2
     4.83282    -1.79894     2.93342
     0.12566     0.99207    -0.00000
    -0.99207     0.12566    -0.00000
    -0.00000     0.00000     1.00000
           0           2           4           3
     4.83282    -1.79894    -2.75858
     0.12566     0.99207    -0.00000
    -0.99207     0.12566    -0.00000
    -0.00000     0.00000     1.00000
           0           2           4           4
     4.83282    -1.79894    -8.45058
     0.12566     0.99207    -0.00000
    -0.99207     0.12566    -0.00000
    -0.00000     0.00000     1.00000
           0           2           5           1
     5.14689    -0.61845     8.62021
    -0.11115     0.99380     0.00000
    -0.99380    -0.11115     0.00000
     0.00000     0.00000     1.00000
           0           2           5           2
     5.14689    -0.61845     2.92822
    -0.11115     0.99380     0.00000
    -0.99380    -0.11115     0.00000
     0.00000     0.00000     1.00000
           0           2           5           3
     5.14689    -0.61845    -2.76378
    -0.11115     0.99380     0.00000
    -0.99380    -0.11115     0.00000
     0.00000     0.00000     1.00000
           0           2           5           4
     5.14689    -0.61845    -8.45578
    -0.11115     0.99380     0.00000
    -0.99380    -0.11115     0.00000
     0.00000     0.00000     1.00000
           0           2           6           1
     5.09632     0.59355     8.62132
    -0.34171     0.93980     0.00000
    -0.93980    -0.34171     0.00000
     0.00000     0.00000     1.00000
           0           2           6           2
     5.09632     0.59355     2.92932
    -0.34171     0.93980     0.00000
    -0.93980    -0.34171     0.00000
     0.00000     0.00000     1.00000
           0           2           6           3
     5.09632     0.59355    -2.76268
    -0.34171     0.93980     0.00000
    -0.93980    -0.34171     0.00000
     0.00000     0.00000     1.00000
           0           2           6           4
     5.09632     0.59355    -8.45468
    -0.34171     0.93980     0.00000
    -0.93980    -0.34171     0.00000
     0.00000     0.00000     1.00000
           0           2           7           1
     4.88084     1.80589     8.63227
    -0.55312     0.83310     0.00000
    -0.83310    -0.55312     0.00000
     0.00000     0.00000     1.00000
           0           2           7           2
     4.88084     1.80589     2.94027
    -0.55312     0.83310     0.00000
    -0.83310    -0.55312     0.00000
     0.00000     0.00000     1.00000
           0           2           7           3
     4.88084     1.80589    -2.75173
    -0.55312     0.83310     0.00000
    -0.83310    -0.55312     0.00000
     0.00000     0.00000     1.00000
           0           2           7           4
     4.88084     1.80589    -8.44373
    -0.55312     0.83310     0.00000
    -0.83310    -0.55312     0.00000
     0.00000     0.00000     1.00000
           0           2           8           1
     4.30032     2.87995     8.63290
    -0.73351     0.67968     0.00000
    -0.67968    -0.73351     0.00000
     0.00000     0.00000     1.00000
           0           2           8           2
     4.30032     2.87995     2.94090
    -0.73351     0.67968     0.00000
    -0.67968    -0.73351     0.00000
     0.00000     0.00000     1.00000
           0           2           8           3
     4.30032     2.87995    -2.75110
    -0.73351     0.67968     0.00000
    -0.67968    -0.73351     0.00000
     0.00000     0.00000     1.00000
           0           2           8           4
     4.30032     2.87995    -8.44310
    -0.73351     0.67968     0.00000
    -0.67968    -0.73351     0.00000
     0.00000     0.00000     1.00000
           0           2           9           1
     3.47335     3.78536     8.61704
    -0.87276     0.48814     0.00000
    -0.48814    -0.87276     0.00000
     0.00000     0.00000     1.00000
           0           2           9           2
     3.47335     3.78536     2.92504
    -0.87276     0.48814     0.00000
    -0.48814    -0.87276     0.00000
     0.00000     0.00000     1.00000
           0           2           9           3
     3.47335     3.78536    -2.76696
    -0.87276     0.48814     0.00000
    -0.48814    -0.87276     0.00000
     0.00000     0.00000     1.00000
           0           2           9           4
     3.47335     3.78536    -8.45896
    -0.87276     0.48814     0.00000
    -0.48814    -0.87276     0.00000
     0.00000     0.00000     1.00000
           0           2          10           1
     2.47440     4.48346     8.61395
    -0.96308     0.26922     0.00000
    -0.26922    -0.96308     0.00000
     0.00000     0.00000     1.00000
           0           2          10           2
     2.47440     4.48346     2.92195
    -0.96308     0.26922     0.00000
    -0.26922    -0.96308     0.00000
     0.00000     0.00000     1.00000
           0           2          10           3
     2.47440     4.48346    -2.77005
    -0.96308     0.26922     0.00000
    -0.26922    -0.96308     0.00000
     0.00000     0.00000     1.00000
           0           2          10           4
     2.47440     4.48346    -8.46205
    -0.96308     0.26922     0.00000
    -0.26922    -0.96308     0.00000
     0.00000     0.00000     1.00000
           0           2          11           1
    -2.46019     4.49302    -8.55492
     0.96341     0.26804     0.00000
     0.26804    -0.96341     0.00000
     0.00000    -0.00000    -1.00000
           0           2          11           2
    -2.46019     4.49302    -2.86292
     0.96341     0.26804     0.00000
     0.26804    -0.96341     0.00000
     0.00000    -0.00000    -1.00000
           0           2          11           3
    -2.46019     4.49302     2.82908
     0.96341     0.26804     0.00000
     0.26804    -0.96341     0.00000
     0.00000    -0.00000    -1.00000
           0           2          11           4
    -2.46019     4.49302     8.52108
     0.96341     0.26804     0.00000
     0.26804    -0.96341     0.00000
     0.00000    -0.00000    -1.00000
           0           2          12           1
    -3.45192     3.78334    -8.56012
     0.87336     0.48707     0.00000
     0.48707    -0.87336     0.00000
     0.00000    -0.00000    -1.00000
           0           2          12           2
    -3.45192     3.78334    -2.86812
     0.87336     0.48707     0.00000
     0.48707    -0.87336     0.00000
     0.00000    -0.00000    -1.00000
           0           2          12           3
    -3.45192     3.78334     2.82388
     0.87336     0.48707     0.00000
     0.48707    -0.87336     0.00000
     0.00000    -0.00000    -1.00000
           0           2          12           4
    -3.45192     3.78334     8.51588
     0.87336     0.48707     0.00000
     0.48707    -0.87336     0.00000
     0.00000    -0.00000    -1.00000
           0           2          13           1
    -4.27620     2.88725    -8.55783
     0.73434     0.67878     0.00000
     0.67878    -0.73434     0.00000
     0.00000    -0.00000    -1.00000
           0           2          13           2
    -4.27620     2.88725    -2.86583
     0.73434     0.67878     0.00000
     0.67878    -0.73434     0.00000
     0.00000    -0.00000    -1.00000
           0           2          13           3
    -4.27620     2.88725     2.82617
     0.73434     0.67878     0.00000
     0.67878    -0.73434     0.00000
     0.00000    -0.00000    -1.00000
           0           2          13           4
    -4.27620     2.88725     8.51817
     0.73434     0.67878     0.00000
     0.67878    -0.73434     0.00000
     0.00000    -0.00000    -1.00000
           0           2          14           1
    -4.82743     1.79650    -8.56444
     0.55414     0.83242    -0.00000
     0.83242    -0.55414    -0.00000
    -0.00000     0.00000    -1.00000
           0           2          14           2
    -4.82743     1.79650    -2.87244
     0.55414     0.83242    -0.00000
     0.83242    -0.55414    -0.00000
    -0.00000     0.00000    -1.00000
           0           2          14           3
    -4.82743     1.79650     2.81956
     0.55414     0.83242    -0.00000
     0.83242    -0.55414    -0.00000
    -0.00000     0.00000    -1.00000
           0           2          14           4
    -4.82743     1.79650     8.51156
     0.55414     0.83242    -0.00000
     0.83242    -0.55414    -0.00000
    -0.00000     0.00000    -1.00000
           0           2          15           1
    -5.14649     0.61636    -8.55631
     0.34286     0.93939    -0.00000
     0.93939    -0.34286    -0.00000
    -0.00000     0.00000    -1.00000
           0           2          15           2
    -5.14649     0.61636    -2.86431
     0.34286     0.93939    -0.00000
     0.93939    -0.34286    -0.00000
    -0.00000     0.00000    -1.00000
           0           2          15           3
    -5.14649     0.61636     2.82769
     0.34286     0.93939    -0.00000
     0.93939    -0.34286    -0.00000
    -0.00000     0.00000    -1.00000
           0           2          15           4
    -5.14649     0.61636     8.51969
     0.34286     0.93939    -0.00000
     0.93939    -0.34286    -0.00000
    -0.00000     0.00000    -1.00000
           0           2          16           1
    -5.14244    -0.60705    -8.55192
     0.11236     0.99367    -0.00000
     0.99367    -0.11236    -0.00000
    -0.00000     0.00000    -1.00000
           0           2          16           2
    -5.14244    -0.60705    -2.85992
     0.11236     0.99367    -0.00000
     0.99367    -0.11236    -0.00000
    -0.00000     0.00000    -1.00000
           0           2          16           3
    -5.14244    -0.60705     2.83208
     0.11236     0.99367    -0.00000
     0.99367    -0.11236    -0.00000
    -0.00000     0.00000    -1.00000
           0           2          16           4
    -5.14244    -0.60705     8.52408
     0.11236     0.99367    -0.00000
     0.99367    -0.11236    -0.00000
    -0.00000     0.00000    -1.00000
           0           2          17           1
    -4.84127    -1.79107    -8.55899
    -0.12445     0.99223    -0.00000
     0.99223     0.12445    -0.00000
    -0.00000    -0.00000    -1.00000
           0           2          17           2
    -4.84127    -1.79107    -2.86699
    -0.12445     0.99223    -0.00000
     0.99223     0.12445    -0.00000
    -0.00000    -0.00000    -1.00000
           0           2          17           3
    -4.84127    -1.79107     2.82501
    -0.12445     0.99223    -0.00000
     0.99223     0.12445    -0.00000
    -0.00000    -0.00000    -1.00000
           0           2          17           4
    -4.84127    -1.79107     8.51701
    -0.12445     0.99223    -0.00000
     0.99223     0.12445    -0.00000
    -0.00000    -0.00000    -1.00000
           0           2          18           1
    -4.30369    -2.88949    -8.56428
    -0.35427     0.93514    -0.00000
     0.93514     0.35427    -0.00000
    -0.00000    -0.00000    -1.00000
           0           2          18           2
    -4.30369    -2.88949    -2.87228
    -0.35427     0.93514    -0.00000
     0.93514     0.35427    -0.00000
    -0.00000    -0.00000    -1.00000
           0           2          18           3
    -4.30369    -2.88949     2.81972
    -0.35427     0.93514    -0.00000
     0.93514     0.35427    -0.00000
    -0.00000    -0.00000    -1.00000
           0           2          18           4
    -4.30369    -2.88949     8.51172
    -0.35427     0.93514    -0.00000
     0.93514     0.35427    -0.00000
    -0.00000    -0.00000    -1.00000
           0           2          19           1
    -3.50785    -3.81902    -8.56435
    -0.56424     0.82561    -0.00000
     0.82561     0.56424    -0.00000
    -0.00000    -0.00000    -1.00000
           0           2          19           2
    -3.50785    -3.81902    -2.87235
    -0.56424     0.82561    -0.00000
     0.82561     0.56424    -0.00000
    -0.00000    -0.00000    -1.00000
           0           2          19           3
    -3.50785    -3.81902     2.81965
    -0.56424     0.82561    -0.00000
     0.82561     0.56424    -0.00000
    -0.00000    -0.00000    -1.00000
           0           2          19           4
    -3.50785    -3.81902     8.51165
    -0.56424     0.82561    -0.00000
     0.82561     0.56424    -0.00000
    -0.00000    -0.00000    -1.00000
           0           2          20           1
    -2.52639    -4.54144    -8.56538
    -0.74255     0.66979    -0.00000
     0.66979     0.74255    -0.00000
    -0.00000    -0.00000    -1.00000
           0           2          20           2
    -2.52639    -4.54144    -2.87338
    -0.74255     0.66979    -0.00000
     0.66979     0.74255    -0.00000
    -0.00000    -0.00000    -1.00000
           0           2          20           3
    -2.52639    -4.54144     2.81862
    -0.74255     0.66979    -0.00000
     0.66979     0.74255    -0.00000
    -0.00000    -0.00000    -1.00000
           0           2          20           4
    -2.52639    -4.54144     8.51062
    -0.74255     0.66979    -0.00000
     0.66979     0.74255    -0.00000
    -0.00000    -0.00000    -1.00000
           0           3           1           1
     5.63842   -10.31974    12.76166
    -0.87815    -0.47838    -0.00000
    -0.47838     0.87815    -0.00000
     0.00000    -0.00000    -1.00000
           0           3           1           2
     5.63842   -10.31974     6.38626
    -0.87815    -0.47838    -0.00000
    -0.47838     0.87815    -0.00000
     0.00000    -0.00000    -1.00000
           0           3           1           3
     5.63842   -10.31974     0.01086
    -0.87815    -0.47838    -0.00000
    -0.47838     0.87815    -0.00000
     0.00000    -0.00000    -1.00000
           0           3           1           4
     5.63842   -10.31974    -6.36454
    -0.87815    -0.47838    -0.00000
    -0.47838     0.87815    -0.00000
     0.00000    -0.00000    -1.00000
           0           3           1           5
     5.63842   -10.31974   -12.73994
    -0.87815    -0.47838    -0.00000
    -0.47838     0.87815    -0.00000
     0.00000    -0.00000    -1.00000
           0           3           2           1
     7.54711    -7.13539    12.74890
    -0.68686    -0.72679     0.00000
    -0.72679     0.68686     0.00000
    -0.00000     0.00000    -1.00000
           0           3           2           2
     7.54711    -7.13539     6.37350
    -0.68686    -0.72679     0.00000
    -0.72679     0.68686     0.00000
    -0.00000     0.00000    -1.00000
           0           3           2           3
     7.54711    -7.13539    -0.00190
    -0.68686    -0.72679     0.00000
    -0.72679     0.68686     0.00000
    -0.00000     0.00000    -1.00000
           0           3           2           4
     7.54711    -7.13539    -6.37730
    -0.68686    -0.72679     0.00000
    -0.72679     0.68686     0.00000
    -0.00000     0.00000    -1.00000
           0           3           2           5
     7.54711    -7.13539   -12.75270
    -0.68686    -0.72679     0.00000
    -0.72679     0.68686     0.00000
    -0.00000     0.00000    -1.00000
           0           3           3           1
    11.46071    -5.63413    12.75788
    -0.44181    -0.89711     0.00000
    -0.89711     0.44181     0.00000
    -0.00000     0.00000    -1.00000
           0           3           3           2
    11.46071    -5.63413     6.38248
    -0.44181    -0.89711     0.00000
    -0.89711     0.44181     0.00000
    -0.00000     0.00000    -1.00000
           0           3           3           3
    11.46071    -5.63413     0.00708
    -0.44181    -0.89711     0.00000
    -0.89711     0.44181     0.00000
    -0.00000     0.00000    -1.00000
           0           3           3           4
    11.46071    -5.63413    -6.36832
    -0.44181    -0.89711     0.00000
    -0.89711     0.44181     0.00000
    -0.00000     0.00000    -1.00000
           0           3           3           5
    11.46071    -5.63413   -12.74372
    -0.44181    -0.89711     0.00000
    -0.89711     0.44181     0.00000
    -0.00000     0.00000    -1.00000
           0           3           4           1
    11.55658    -2.06300    12.75897
    -0.17641    -0.98432     0.00000
    -0.98432     0.17641     0.00000
    -0.00000     0.00000    -1.00000
           0           3           4           2
    11.55658    -2.06300     6.38357
    -0.17641    -0.98432     0.00000
    -0.98432     0.17641     0.00000
    -0.00000     0.00000    -1.00000
           0           3           4           3
    11.55658    -2.06300     0.00817
    -0.17641    -0.98432     0.00000
    -0.98432     0.17641     0.00000
    -0.00000     0.00000    -1.00000
           0           3           4           4
    11.55658    -2.06300    -6.36723
    -0.17641    -0.98432     0.00000
    -0.98432     0.17641     0.00000
    -0.00000     0.00000    -1.00000
           0           3           4           5
    11.55658    -2.06300   -12.74263
    -0.17641    -0.98432     0.00000
    -0.98432     0.17641     0.00000
    -0.00000     0.00000    -1.00000
           0           3           5           1
    10.15010     1.39964    12.75994
     0.13707    -0.99056     0.00000
    -0.99056    -0.13707     0.00000
    -0.00000    -0.00000    -1.00000
           0           3           5           2
    10.15010     1.39964     6.38454
     0.13707    -0.99056     0.00000
    -0.99056    -0.13707     0.00000
    -0.00000    -0.00000    -1.00000
           0           3           5           3
    10.15010     1.39964     0.00914
     0.13707    -0.99056     0.00000
    -0.99056    -0.13707     0.00000
    -0.00000    -0.00000    -1.00000
           0           3           5           4
    10.15010     1.39964    -6.36626
     0.13707    -0.99056     0.00000
    -0.99056    -0.13707     0.00000
    -0.00000    -0.00000    -1.00000
           0           3           5           5
    10.15010     1.39964   -12.74166
     0.13707    -0.99056     0.00000
    -0.99056    -0.13707     0.00000
    -0.00000    -0.00000    -1.00000
           0           3           6           1
    11.70214     5.46190    12.75598
     0.42326    -0.90601     0.00000
    -0.90601    -0.42326     0.00000
    -0.00000    -0.00000    -1.00000
           0           3           6           2
    11.70214     5.46190     6.38058
     0.42326    -0.90601     0.00000
    -0.90601    -0.42326     0.00000
    -0.00000    -0.00000    -1.00000
           0           3           6           3
    11.70214     5.46190     0.00518
     0.42326    -0.90601     0.00000
    -0.90601    -0.42326     0.00000
    -0.00000    -0.00000    -1.00000
           0           3           6           4
    11.70214     5.46190    -6.37022
     0.42326    -0.90601     0.00000
    -0.90601    -0.42326     0.00000
    -0.00000    -0.00000    -1.00000
           0           3           6           5
    11.70214     5.46190   -12.74562
     0.42326    -0.90601     0.00000
    -0.90601    -0.42326     0.00000
    -0.00000    -0.00000    -1.00000
           0           3           7           1
     8.82781     7.67546    12.75994
     0.65737    -0.75356     0.00000
    -0.75356    -0.65737     0.00000
    -0.00000    -0.00000    -1.00000
           0           3           7           2
     8.82781     7.67546     6.38454
     0.65737    -0.75356     0.00000
    -0.75356    -0.65737     0.00000
    -0.00000    -0.00000    -1.00000
           0           3           7           3
     8.82781     7.67546     0.00914
     0.65737    -0.75356     0.00000
    -0.75356    -0.65737     0.00000
    -0.00000    -0.00000    -1.00000
           0           3           7           4
     8.82781     7.67546    -6.36626
     0.65737    -0.75356     0.00000
    -0.75356    -0.65737     0.00000
    -0.00000    -0.00000    -1.00000
           0           3           7           5
     8.82781     7.67546   -12.74166
     0.65737    -0.75356     0.00000
    -0.75356    -0.65737     0.00000
    -0.00000    -0.00000    -1.00000
           0           3           8           1
     5.29976     8.85765    12.76500
     0.85841    -0.51297     0.00000
    -0.51297    -0.85841     0.00000
    -0.00000    -0.00000    -1.00000
           0           3           8           2
     5.29976     8.85765     6.38960
     0.85841    -0.51297     0.00000
    -0.51297    -0.85841     0.00000
    -0.00000    -0.00000    -1.00000
           0           3           8           3
     5.29976     8.85765     0.01420
     0.85841    -0.51297     0.00000
    -0.51297    -0.85841     0.00000
    -0.00000    -0.00000    -1.00000
           0           3           8           4
     5.29976     8.85765    -6.36120
     0.85841    -0.51297     0.00000
    -0.51297    -0.85841     0.00000
    -0.00000    -0.00000    -1.00000
           0           3           8           5
     5.29976     8.85765   -12.73660
     0.85841    -0.51297     0.00000
    -0.51297    -0.85841     0.00000
    -0.00000    -0.00000    -1.00000
           0           3           9           1
    -5.30842     8.89835   -12.75639
    -0.85817    -0.51336    -0.00000
     0.51336    -0.85817    -0.00000
     0.00000    -0.00000     1.00000
           0           3           9           2
    -5.30842     8.89835    -6.38099
    -0.85817    -0.51336    -0.00000
     0.51336    -0.85817    -0.00000
     0.00000    -0.00000     1.00000
           0           3           9           3
    -5.30842     8.89835    -0.00559
    -0.85817    -0.51336    -0.00000
     0.51336    -0.85817    -0.00000
     0.00000    -0.00000     1.00000
           0           3           9           4
    -5.30842     8.89835     6.36981
    -0.85817    -0.51336    -0.00000
     0.51336    -0.85817    -0.00000
     0.00000    -0.00000     1.00000
           0           3           9           5
    -5.30842     8.89835    12.74521
    -0.85817    -0.51336    -0.00000
     0.51336    -0.85817    -0.00000
     0.00000    -0.00000     1.00000
           0           3          10           1
    -8.82378     7.72569   -12.75745
    -0.65707    -0.75383    -0.00000
     0.75383    -0.65707    -0.00000
     0.00000    -0.00000     1.00000
           0           3          10           2
    -8.82378     7.72569    -6.38205
    -0.65707    -0.75383    -0.00000
     0.75383    -0.65707    -0.00000
     0.00000    -0.00000     1.00000
           0           3          10           3
    -8.82378     7.72569    -0.00665
    -0.65707    -0.75383    -0.00000
     0.75383    -0.65707    -0.00000
     0.00000    -0.00000     1.00000
           0           3          10           4
    -8.82378     7.72569     6.36875
    -0.65707    -0.75383    -0.00000
     0.75383    -0.65707    -0.00000
     0.00000    -0.00000     1.00000
           0           3          10           5
    -8.82378     7.72569    12.74415
    -0.65707    -0.75383    -0.00000
     0.75383    -0.65707    -0.00000
     0.00000    -0.00000     1.00000
           0           3          11           1
   -11.58155     5.43554   -12.75231
    -0.42293    -0.90616    -0.00000
     0.90616    -0.42293    -0.00000
     0.00000    -0.00000     1.00000
           0           3          11           2
   -11.58155     5.43554    -6.37691
    -0.42293    -0.90616    -0.00000
     0.90616    -0.42293    -0.00000
     0.00000    -0.00000     1.00000
           0           3          11           3
   -11.58155     5.43554    -0.00151
    -0.42293    -0.90616    -0.00000
     0.90616    -0.42293    -0.00000
     0.00000    -0.00000     1.00000
           0           3          11           4
   -11.58155     5.43554     6.37389
    -0.42293    -0.90616    -0.00000
     0.90616    -0.42293    -0.00000
     0.00000    -0.00000     1.00000
           0           3          11           5
   -11.58155     5.43554    12.74929
    -0.42293    -0.90616    -0.00000
     0.90616    -0.42293    -0.00000
     0.00000    -0.00000     1.00000
           0           3          12           1
   -10.22738     1.42379   -12.73985
    -0.13661    -0.99062    -0.00000
     0.99062    -0.13661    -0.00000
     0.00000    -0.00000     1.00000
           0           3          12           2
   -10.22738     1.42379    -6.36445
    -0.13661    -0.99062    -0.00000
     0.99062    -0.13661    -0.00000
     0.00000    -0.00000     1.00000
           0           3          12           3
   -10.22738     1.42379     0.01095
    -0.13661    -0.99062    -0.00000
     0.99062    -0.13661    -0.00000
     0.00000    -0.00000     1.00000
           0           3          12           4
   -10.22738     1.42379     6.38635
    -0.13661    -0.99062    -0.00000
     0.99062    -0.13661    -0.00000
     0.00000    -0.00000     1.00000
           0           3          12           5
   -10.22738     1.42379    12.76175
    -0.13661    -0.99062    -0.00000
     0.99062    -0.13661    -0.00000
     0.00000    -0.00000     1.00000
           0           3          13           1
   -11.50587    -2.03798   -12.72335
     0.17680    -0.98425    -0.00000
     0.98425     0.17680    -0.00000
     0.00000     0.00000     1.00000
           0           3          13           2
   -11.50587    -2.03798    -6.34795
     0.17680    -0.98425    -0.00000
     0.98425     0.17680    -0.00000
     0.00000     0.00000     1.00000
           0           3          13           3
   -11.50587    -2.03798     0.02745
     0.17680    -0.98425    -0.00000
     0.98425     0.17680    -0.00000
     0.00000     0.00000     1.00000
           0           3          13           4
   -11.50587    -2.03798     6.40285
     0.17680    -0.98425    -0.00000
     0.98425     0.17680    -0.00000
     0.00000     0.00000     1.00000
           0           3          13           5
   -11.50587    -2.03798    12.77825
     0.17680    -0.98425    -0.00000
     0.98425     0.17680    -0.00000
     0.00000     0.00000     1.00000
           0           3          14           1
   -11.49146    -5.63946   -12.77756
     0.44214    -0.89695    -0.00000
     0.89695     0.44214    -0.00000
     0.00000     0.00000     1.00000
           0           3          14           2
   -11.49146    -5.63946    -6.40216
     0.44214    -0.89695    -0.00000
     0.89695     0.44214    -0.00000
     0.00000     0.00000     1.00000
           0           3          14           3
   -11.49146    -5.63946    -0.02676
     0.44214    -0.89695    -0.00000
     0.89695     0.44214    -0.00000
     0.00000     0.00000     1.00000
           0           3          14           4
   -11.49146    -5.63946     6.34864
     0.44214    -0.89695    -0.00000
     0.89695     0.44214    -0.00000
     0.00000     0.00000     1.00000
           0           3          14           5
   -11.49146    -5.63946    12.72404
     0.44214    -0.89695    -0.00000
     0.89695     0.44214    -0.00000
     0.00000     0.00000     1.00000
           0           3          15           1
    -7.47579    -7.05918   -12.75710
     0.68719    -0.72647    -0.00000
     0.72647     0.68719    -0.00000
     0.00000     0.00000     1.00000
           0           3          15           2
    -7.47579    -7.05918    -6.38170
     0.68719    -0.72647    -0.00000
     0.72647     0.68719    -0.00000
     0.00000     0.00000     1.00000
           0           3          15           3
    -7.47579    -7.05918    -0.00630
     0.68719    -0.72647    -0.00000
     0.72647     0.68719    -0.00000
     0.00000     0.00000     1.00000
           0           3          15           4
    -7.47579    -7.05918     6.36910
     0.68719    -0.72647    -0.00000
     0.72647     0.68719    -0.00000
     0.00000     0.00000     1.00000
           0           3          15           5
    -7.47579    -7.05918    12.74450
     0.68719    -0.72647    -0.00000
     0.72647     0.68719    -0.00000
     0.00000     0.00000     1.00000
           0           3          16           1
    -5.68292   -10.37186   -12.74156
     0.87835    -0.47802    -0.00000
     0.47802     0.87835    -0.00000
     0.00000     0.00000     1.00000
           0           3          16           2
    -5.68292   -10.37186    -6.36616
     0.87835    -0.47802    -0.00000
     0.47802     0.87835    -0.00000
     0.00000     0.00000     1.00000
           0           3          16           3
    -5.68292   -10.37186     0.00924
     0.87835    -0.47802    -0.00000
     0.47802     0.87835    -0.00000
     0.00000     0.00000     1.00000
           0           3          16           4
    -5.68292   -10.37186     6.38464
     0.87835    -0.47802    -0.00000
     0.47802     0.87835    -0.00000
     0.00000     0.00000     1.00000
           0           3          16           5
    -5.68292   -10.37186    12.76004
     0.87835    -0.47802    -0.00000
     0.47802     0.87835    -0.00000
     0.00000     0.00000     1.00000
           0           4           1           1
     6.53699   -14.04273   -15.99110
     0.90744     0.42018    -0.00000
    -0.42018     0.90744    -0.00000
    -0.00000     0.00000     1.00000
           0           4           1           2
     6.53699   -14.04273    -9.61570
     0.90744     0.42018    -0.00000
    -0.42018     0.90744    -0.00000
    -0.00000     0.00000     1.00000
           0           4           1           3
     6.53699   -14.04273    -3.24030
     0.90744     0.42018    -0.00000
    -0.42018     0.90744    -0.00000
    -0.00000     0.00000     1.00000
           0           4           1           4
     6.53699   -14.04273     3.13510
     0.90744     0.42018    -0.00000
    -0.42018     0.90744    -0.00000
    -0.00000     0.00000     1.00000
           0           4           1           5
     6.53699   -14.04273     9.51050
     0.90744     0.42018    -0.00000
    -0.42018     0.90744    -0.00000
    -0.00000     0.00000     1.00000
           0           4           1           6
     6.53699   -14.04273    15.88590
     0.90744     0.42018    -0.00000
    -0.42018     0.90744    -0.00000
    -0.00000     0.00000     1.00000
           0           4           2           1
    10.17983   -13.33153   -16.00036
     0.79560     0.60582    -0.00000
    -0.60582     0.79560    -0.00000
    -0.00000     0.00000     1.00000
           0           4           2           2
    10.17983   -13.33153    -9.62496
     0.79560     0.60582    -0.00000
    -0.60582     0.79560    -0.00000
    -0.00000     0.00000     1.00000
           0           4           2           3
    10.17983   -13.33153    -3.24956
     0.79560     0.60582    -0.00000
    -0.60582     0.79560    -0.00000
    -0.00000     0.00000     1.00000
           0           4           2           4
    10.17983   -13.33153     3.12584
     0.79560     0.60582    -0.00000
    -0.60582     0.79560    -0.00000
    -0.00000     0.00000     1.00000
           0           4           2           5
    10.17983   -13.33153     9.50124
     0.79560     0.60582    -0.00000
    -0.60582     0.79560    -0.00000
    -0.00000     0.00000     1.00000
           0           4           2           6
    10.17983   -13.33153    15.87664
     0.79560     0.60582    -0.00000
    -0.60582     0.79560    -0.00000
    -0.00000     0.00000     1.00000
           0           4           3           1
    13.43802   -11.71462   -16.01238
     0.65791     0.75309    -0.00000
    -0.75309     0.65791    -0.00000
    -0.00000     0.00000     1.00000
           0           4           3           2
    13.43802   -11.71462    -9.63698
     0.65791     0.75309    -0.00000
    -0.75309     0.65791    -0.00000
    -0.00000     0.00000     1.00000
           0           4           3           3
    13.43802   -11.71462    -3.26158
     0.65791     0.75309    -0.00000
    -0.75309     0.65791    -0.00000
    -0.00000     0.00000     1.00000
           0           4           3           4
    13.43802   -11.71462     3.11382
     0.65791     0.75309    -0.00000
    -0.75309     0.65791    -0.00000
    -0.00000     0.00000     1.00000
           0           4           3           5
    13.43802   -11.71462     9.48922
     0.65791     0.75309    -0.00000
    -0.75309     0.65791    -0.00000
    -0.00000     0.00000     1.00000
           0           4           3           6
    13.43802   -11.71462    15.86462
     0.65791     0.75309    -0.00000
    -0.75309     0.65791    -0.00000
    -0.00000     0.00000     1.00000
           0           4           4           1
    13.45632    -7.47243   -15.96486
     0.48640     0.87374    -0.00000
    -0.87374     0.48640    -0.00000
    -0.00000     0.00000     1.00000
           0           4           4           2
    13.45632    -7.47243    -9.58946
     0.48640     0.87374    -0.00000
    -0.87374     0.48640    -0.00000
    -0.00000     0.00000     1.00000
           0           4           4           3
    13.45632    -7.47243    -3.21406
     0.48640     0.87374    -0.00000
    -0.87374     0.48640    -0.00000
    -0.00000     0.00000     1.00000
           0           4           4           4
    13.45632    -7.47243     3.16134
     0.48640     0.87374    -0.00000
    -0.87374     0.48640    -0.00000
    -0.00000     0.00000     1.00000
           0           4           4           5
    13.45632    -7.47243     9.53674
     0.48640     0.87374    -0.00000
    -0.87374     0.48640    -0.00000
    -0.00000     0.00000     1.00000
           0           4           4           6
    13.45632    -7.47243    15.91214
     0.48640     0.87374    -0.00000
    -0.87374     0.48640    -0.00000
    -0.00000     0.00000     1.00000
           0           4           5           1
    15.93936    -4.74191   -15.97735
     0.28673     0.95801    -0.00000
    -0.95801     0.28673    -0.00000
    -0.00000     0.00000     1.00000
           0           4           5           2
    15.93936    -4.74191    -9.60195
     0.28673     0.95801    -0.00000
    -0.95801     0.28673    -0.00000
    -0.00000     0.00000     1.00000
           0           4           5           3
    15.93936    -4.74191    -3.22655
     0.28673     0.95801    -0.00000
    -0.95801     0.28673    -0.00000
    -0.00000     0.00000     1.00000
           0           4           5           4
    15.93936    -4.74191     3.14885
     0.28673     0.95801    -0.00000
    -0.95801     0.28673    -0.00000
    -0.00000     0.00000     1.00000
           0           4           5           5
    15.93936    -4.74191     9.52425
     0.28673     0.95801    -0.00000
    -0.95801     0.28673    -0.00000
    -0.00000     0.00000     1.00000
           0           4           5           6
    15.93936    -4.74191    15.89965
     0.28673     0.95801    -0.00000
    -0.95801     0.28673    -0.00000
    -0.00000     0.00000     1.00000
           0           4           6           1
    17.85985    -1.56529   -15.97962
     0.08873     0.99606    -0.00000
    -0.99606     0.08873    -0.00000
    -0.00000     0.00000     1.00000
           0           4           6           2
    17.85985    -1.56529    -9.60422
     0.08873     0.99606    -0.00000
    -0.99606     0.08873    -0.00000
    -0.00000     0.00000     1.00000
           0           4           6           3
    17.85985    -1.56529    -3.22882
     0.08873     0.99606    -0.00000
    -0.99606     0.08873    -0.00000
    -0.00000     0.00000     1.00000
           0           4           6           4
    17.85985    -1.56529     3.14658
     0.08873     0.99606    -0.00000
    -0.99606     0.08873    -0.00000
    -0.00000     0.00000     1.00000
           0           4           6           5
    17.85985    -1.56529     9.52198
     0.08873     0.99606    -0.00000
    -0.99606     0.08873    -0.00000
    -0.00000     0.00000     1.00000
           0           4           6           6
    17.85985    -1.56529    15.89738
     0.08873     0.99606    -0.00000
    -0.99606     0.08873    -0.00000
    -0.00000     0.00000     1.00000
           0           4           7           1
    15.17078     1.85326   -15.96730
    -0.12093     0.99266     0.00000
    -0.99266    -0.12093     0.00000
     0.00000     0.00000     1.00000
           0           4           7           2
    15.17078     1.85326    -9.59190
    -0.12093     0.99266     0.00000
    -0.99266    -0.12093     0.00000
     0.00000     0.00000     1.00000
           0           4           7           3
    15.17078     1.85326    -3.21650
    -0.12093     0.99266     0.00000
    -0.99266    -0.12093     0.00000
     0.00000     0.00000     1.00000
           0           4           7           4
    15.17078     1.85326     3.15890
    -0.12093     0.99266     0.00000
    -0.99266    -0.12093     0.00000
     0.00000     0.00000     1.00000
           0           4           7           5
    15.17078     1.85326     9.53430
    -0.12093     0.99266     0.00000
    -0.99266    -0.12093     0.00000
     0.00000     0.00000     1.00000
           0           4           7           6
    15.17078     1.85326    15.90970
    -0.12093     0.99266     0.00000
    -0.99266    -0.12093     0.00000
     0.00000     0.00000     1.00000
           0           4           8           1
    15.81324     5.58517   -15.99967
    -0.33196     0.94329     0.00000
    -0.94329    -0.33196     0.00000
     0.00000     0.00000     1.00000
           0           4           8           2
    15.81324     5.58517    -9.62427
    -0.33196     0.94329     0.00000
    -0.94329    -0.33196     0.00000
     0.00000     0.00000     1.00000
           0           4           8           3
    15.81324     5.58517    -3.24887
    -0.33196     0.94329     0.00000
    -0.94329    -0.33196     0.00000
     0.00000     0.00000     1.00000
           0           4           8           4
    15.81324     5.58517     3.12653
    -0.33196     0.94329     0.00000
    -0.94329    -0.33196     0.00000
     0.00000     0.00000     1.00000
           0           4           8           5
    15.81324     5.58517     9.50193
    -0.33196     0.94329     0.00000
    -0.94329    -0.33196     0.00000
     0.00000     0.00000     1.00000
           0           4           8           6
    15.81324     5.58517    15.87733
    -0.33196     0.94329     0.00000
    -0.94329    -0.33196     0.00000
     0.00000     0.00000     1.00000
           0           4           9           1
    15.44626     9.27183   -15.98781
    -0.51443     0.85753     0.00000
    -0.85753    -0.51443     0.00000
     0.00000     0.00000     1.00000
           0           4           9           2
    15.44626     9.27183    -9.61241
    -0.51443     0.85753     0.00000
    -0.85753    -0.51443     0.00000
     0.00000     0.00000     1.00000
           0           4           9           3
    15.44626     9.27183    -3.23701
    -0.51443     0.85753     0.00000
    -0.85753    -0.51443     0.00000
     0.00000     0.00000     1.00000
           0           4           9           4
    15.44626     9.27183     3.13839
    -0.51443     0.85753     0.00000
    -0.85753    -0.51443     0.00000
     0.00000     0.00000     1.00000
           0           4           9           5
    15.44626     9.27183     9.51379
    -0.51443     0.85753     0.00000
    -0.85753    -0.51443     0.00000
     0.00000     0.00000     1.00000
           0           4           9           6
    15.44626     9.27183    15.88919
    -0.51443     0.85753     0.00000
    -0.85753    -0.51443     0.00000
     0.00000     0.00000     1.00000
           0           4          10           1
    11.25799    10.47345   -15.99317
    -0.68194     0.73141     0.00000
    -0.73141    -0.68194     0.00000
     0.00000     0.00000     1.00000
           0           4          10           2
    11.25799    10.47345    -9.61777
    -0.68194     0.73141     0.00000
    -0.73141    -0.68194     0.00000
     0.00000     0.00000     1.00000
           0           4          10           3
    11.25799    10.47345    -3.24237
    -0.68194     0.73141     0.00000
    -0.73141    -0.68194     0.00000
     0.00000     0.00000     1.00000
           0           4          10           4
    11.25799    10.47345     3.13303
    -0.68194     0.73141     0.00000
    -0.73141    -0.68194     0.00000
     0.00000     0.00000     1.00000
           0           4          10           5
    11.25799    10.47345     9.50843
    -0.68194     0.73141     0.00000
    -0.73141    -0.68194     0.00000
     0.00000     0.00000     1.00000
           0           4          10           6
    11.25799    10.47345    15.88383
    -0.68194     0.73141     0.00000
    -0.73141    -0.68194     0.00000
     0.00000     0.00000     1.00000
           0           4          11           1
     9.46597    13.75342   -15.98830
    -0.82351     0.56730     0.00000
    -0.56730    -0.82351     0.00000
     0.00000     0.00000     1.00000
           0           4          11           2
     9.46597    13.75342    -9.61290
    -0.82351     0.56730     0.00000
    -0.56730    -0.82351     0.00000
     0.00000     0.00000     1.00000
           0           4          11           3
     9.46597    13.75342    -3.23750
    -0.82351     0.56730     0.00000
    -0.56730    -0.82351     0.00000
     0.00000     0.00000     1.00000
           0           4          11           4
     9.46597    13.75342     3.13790
    -0.82351     0.56730     0.00000
    -0.56730    -0.82351     0.00000
     0.00000     0.00000     1.00000
           0           4          11           5
     9.46597    13.75342     9.51330
    -0.82351     0.56730     0.00000
    -0.56730    -0.82351     0.00000
     0.00000     0.00000     1.00000
           0           4          11           6
     9.46597    13.75342    15.88870
    -0.82351     0.56730     0.00000
    -0.56730    -0.82351     0.00000
     0.00000     0.00000     1.00000
           0           4          12           1
     7.02060    16.53519   -15.98652
    -0.92057     0.39058     0.00000
    -0.39058    -0.92057     0.00000
     0.00000     0.00000     1.00000
           0           4          12           2
     7.02060    16.53519    -9.61112
    -0.92057     0.39058     0.00000
    -0.39058    -0.92057     0.00000
     0.00000     0.00000     1.00000
           0           4          12           3
     7.02060    16.53519    -3.23572
    -0.92057     0.39058     0.00000
    -0.39058    -0.92057     0.00000
     0.00000     0.00000     1.00000
           0           4          12           4
     7.02060    16.53519     3.13968
    -0.92057     0.39058     0.00000
    -0.39058    -0.92057     0.00000
     0.00000     0.00000     1.00000
           0           4          12           5
     7.02060    16.53519     9.51508
    -0.92057     0.39058     0.00000
    -0.39058    -0.92057     0.00000
     0.00000     0.00000     1.00000
           0           4          12           6
     7.02060    16.53519    15.89048
    -0.92057     0.39058     0.00000
    -0.39058    -0.92057     0.00000
     0.00000     0.00000     1.00000
           0           4          13           1
    -7.09816    16.53634    15.94925
     0.92061     0.39049     0.00000
     0.39049    -0.92061     0.00000
     0.00000    -0.00000    -1.00000
           0           4          13           2
    -7.09816    16.53634     9.57385
     0.92061     0.39049     0.00000
     0.39049    -0.92061     0.00000
     0.00000    -0.00000    -1.00000
           0           4          13           3
    -7.09816    16.53634     3.19845
     0.92061     0.39049     0.00000
     0.39049    -0.92061     0.00000
     0.00000    -0.00000    -1.00000
           0           4          13           4
    -7.09816    16.53634    -3.17695
     0.92061     0.39049     0.00000
     0.39049    -0.92061     0.00000
     0.00000    -0.00000    -1.00000
           0           4          13           5
    -7.09816    16.53634    -9.55235
     0.92061     0.39049     0.00000
     0.39049    -0.92061     0.00000
     0.00000    -0.00000    -1.00000
           0           4          13           6
    -7.09816    16.53634   -15.92775
     0.92061     0.39049     0.00000
     0.39049    -0.92061     0.00000
     0.00000    -0.00000    -1.00000
           0           4          14           1
    -9.46521    13.74258    15.94376
     0.82357     0.56722     0.00000
     0.56722    -0.82357     0.00000
     0.00000    -0.00000    -1.00000
           0           4          14           2
    -9.46521    13.74258     9.56836
     0.82357     0.56722     0.00000
     0.56722    -0.82357     0.00000
     0.00000    -0.00000    -1.00000
           0           4          14           3
    -9.46521    13.74258     3.19296
     0.82357     0.56722     0.00000
     0.56722    -0.82357     0.00000
     0.00000    -0.00000    -1.00000
           0           4          14           4
    -9.46521    13.74258    -3.18244
     0.82357     0.56722     0.00000
     0.56722    -0.82357     0.00000
     0.00000    -0.00000    -1.00000
           0           4          14           5
    -9.46521    13.74258    -9.55784
     0.82357     0.56722     0.00000
     0.56722    -0.82357     0.00000
     0.00000    -0.00000    -1.00000
           0           4          14           6
    -9.46521    13.74258   -15.93324
     0.82357     0.56722     0.00000
     0.56722    -0.82357     0.00000
     0.00000    -0.00000    -1.00000
           0           4          15           1
   -11.26309    10.52103    15.92372
     0.68202     0.73133    -0.00000
     0.73133    -0.68202    -0.00000
    -0.00000     0.00000    -1.00000
           0           4          15           2
   -11.26309    10.52103     9.54832
     0.68202     0.73133    -0.00000
     0.73133    -0.68202    -0.00000
    -0.00000     0.00000    -1.00000
           0           4          15           3
   -11.26309    10.52103     3.17292
     0.68202     0.73133    -0.00000
     0.73133    -0.68202    -0.00000
    -0.00000     0.00000    -1.00000
           0           4          15           4
   -11.26309    10.52103    -3.20248
     0.68202     0.73133    -0.00000
     0.73133    -0.68202    -0.00000
    -0.00000     0.00000    -1.00000
           0           4          15           5
   -11.26309    10.52103    -9.57788
     0.68202     0.73133    -0.00000
     0.73133    -0.68202    -0.00000
    -0.00000     0.00000    -1.00000
           0           4          15           6
   -11.26309    10.52103   -15.95328
     0.68202     0.73133    -0.00000
     0.73133    -0.68202    -0.00000
    -0.00000     0.00000    -1.00000
           0           4          16           1
   -15.36318     9.23879    15.97202
     0.51451     0.85748    -0.00000
     0.85748    -0.51451    -0.00000
    -0.00000     0.00000    -1.00000
           0           4          16           2
   -15.36318     9.23879     9.59662
     0.51451     0.85748    -0.00000
     0.85748    -0.51451    -0.00000
    -0.00000     0.00000    -1.00000
           0           4          16           3
   -15.36318     9.23879     3.22122
     0.51451     0.85748    -0.00000
     0.85748    -0.51451    -0.00000
    -0.00000     0.00000    -1.00000
           0           4          16           4
   -15.36318     9.23879    -3.15418
     0.51451     0.85748    -0.00000
     0.85748    -0.51451    -0.00000
    -0.00000     0.00000    -1.00000
           0           4          16           5
   -15.36318     9.23879    -9.52958
     0.51451     0.85748    -0.00000
     0.85748    -0.51451    -0.00000
    -0.00000     0.00000    -1.00000
           0           4          16           6
   -15.36318     9.23879   -15.90498
     0.51451     0.85748    -0.00000
     0.85748    -0.51451    -0.00000
    -0.00000     0.00000    -1.00000
           0           4          17           1
   -15.74054     5.54047    15.94423
     0.33206     0.94326    -0.00000
     0.94326    -0.33206    -0.00000
    -0.00000     0.00000    -1.00000
           0           4          17           2
   -15.74054     5.54047     9.56883
     0.33206     0.94326    -0.00000
     0.94326    -0.33206    -0.00000
    -0.00000     0.00000    -1.00000
           0           4          17           3
   -15.74054     5.54047     3.19343
     0.33206     0.94326    -0.00000
     0.94326    -0.33206    -0.00000
    -0.00000     0.00000    -1.00000
           0           4          17           4
   -15.74054     5.54047    -3.18197
     0.33206     0.94326    -0.00000
     0.94326    -0.33206    -0.00000
    -0.00000     0.00000    -1.00000
           0           4          17           5
   -15.74054     5.54047    -9.55737
     0.33206     0.94326    -0.00000
     0.94326    -0.33206    -0.00000
    -0.00000     0.00000    -1.00000
           0           4          17           6
   -15.74054     5.54047   -15.93277
     0.33206     0.94326    -0.00000
     0.94326    -0.33206    -0.00000
    -0.00000     0.00000    -1.00000
           0           4          18           1
   -15.35945     1.87177    15.94345
     0.12104     0.99265    -0.00000
     0.99265    -0.12104    -0.00000
    -0.00000     0.00000    -1.00000
           0           4          18           2
   -15.35945     1.87177     9.56805
     0.12104     0.99265    -0.00000
     0.99265    -0.12104    -0.00000
    -0.00000     0.00000    -1.00000
           0           4          18           3
   -15.35945     1.87177     3.19265
     0.12104     0.99265    -0.00000
     0.99265    -0.12104    -0.00000
    -0.00000     0.00000    -1.00000
           0           4          18           4
   -15.35945     1.87177    -3.18275
     0.12104     0.99265    -0.00000
     0.99265    -0.12104    -0.00000
    -0.00000     0.00000    -1.00000
           0           4          18           5
   -15.35945     1.87177    -9.55815
     0.12104     0.99265    -0.00000
     0.99265    -0.12104    -0.00000
    -0.00000     0.00000    -1.00000
           0           4          18           6
   -15.35945     1.87177   -15.93355
     0.12104     0.99265    -0.00000
     0.99265    -0.12104    -0.00000
    -0.00000     0.00000    -1.00000
           0           4          19           1
   -17.75738    -1.55366    15.96037
    -0.08863     0.99606    -0.00000
     0.99606     0.08863    -0.00000
    -0.00000    -0.00000    -1.00000
           0           4          19           2
   -17.75738    -1.55366     9.58497
    -0.08863     0.99606    -0.00000
     0.99606     0.08863    -0.00000
    -0.00000    -0.00000    -1.00000
           0           4          19           3
   -17.75738    -1.55366     3.20957
    -0.08863     0.99606    -0.00000
     0.99606     0.08863    -0.00000
    -0.00000    -0.00000    -1.00000
           0           4          19           4
   -17.75738    -1.55366    -3.16583
    -0.08863     0.99606    -0.00000
     0.99606     0.08863    -0.00000
    -0.00000    -0.00000    -1.00000
           0           4          19           5
   -17.75738    -1.55366    -9.54123
    -0.08863     0.99606    -0.00000
     0.99606     0.08863    -0.00000
    -0.00000    -0.00000    -1.00000
           0           4          19           6
   -17.75738    -1.55366   -15.91663
    -0.08863     0.99606    -0.00000
     0.99606     0.08863    -0.00000
    -0.00000    -0.00000    -1.00000
           0           4          20           1
   -15.92429    -4.75047    15.94589
    -0.28663     0.95804    -0.00000
     0.95804     0.28663    -0.00000
    -0.00000    -0.00000    -1.00000
           0           4          20           2
   -15.92429    -4.75047     9.57049
    -0.28663     0.95804    -0.00000
     0.95804     0.28663    -0.00000
    -0.00000    -0.00000    -1.00000
           0           4          20           3
   -15.92429    -4.75047     3.19509
    -0.28663     0.95804    -0.00000
     0.95804     0.28663    -0.00000
    -0.00000    -0.00000    -1.00000
           0           4          20           4
   -15.92429    -4.75047    -3.18031
    -0.28663     0.95804    -0.00000
     0.95804     0.28663    -0.00000
    -0.00000    -0.00000    -1.00000
           0           4          20           5
   -15.92429    -4.75047    -9.55571
    -0.28663     0.95804    -0.00000
     0.95804     0.28663    -0.00000
    -0.00000    -0.00000    -1.00000
           0           4          20           6
   -15.92429    -4.75047   -15.93111
    -0.28663     0.95804    -0.00000
     0.95804     0.28663    -0.00000
    -0.00000    -0.00000    -1.00000
           0           4          21           1
   -13.49614    -7.50839    15.90889
    -0.48630     0.87379    -0.00000
     0.87379     0.48630    -0.00000
    -0.00000    -0.00000    -1.00000
           0           4          21           2
   -13.49614    -7.50839     9.53349
    -0.48630     0.87379    -0.00000
     0.87379     0.48630    -0.00000
    -0.00000    -0.00000    -1.00000
           0           4          21           3
   -13.49614    -7.50839     3.15809
    -0.48630     0.87379    -0.00000
     0.87379     0.48630    -0.00000
    -0.00000    -0.00000    -1.00000
           0           4          21           4
   -13.49614    -7.50839    -3.21731
    -0.48630     0.87379    -0.00000
     0.87379     0.48630    -0.00000
    -0.00000    -0.00000    -1.00000
           0           4          21           5
   -13.49614    -7.50839    -9.59271
    -0.48630     0.87379    -0.00000
     0.87379     0.48630    -0.00000
    -0.00000    -0.00000    -1.00000
           0           4          21           6
   -13.49614    -7.50839   -15.96811
    -0.48630     0.87379    -0.00000
     0.87379     0.48630    -0.00000
    -0.00000    -0.00000    -1.00000
           0           4          22           1
   -13.46815   -11.73683    15.99993
    -0.65784     0.75316    -0.00000
     0.75316     0.65784    -0.00000
    -0.00000    -0.00000    -1.00000
           0           4          22           2
   -13.46815   -11.73683     9.62453
    -0.65784     0.75316    -0.00000
     0.75316     0.65784    -0.00000
    -0.00000    -0.00000    -1.00000
           0           4          22           3
   -13.46815   -11.73683     3.24913
    -0.65784     0.75316    -0.00000
     0.75316     0.65784    -0.00000
    -0.00000    -0.00000    -1.00000
           0           4          22           4
   -13.46815   -11.73683    -3.12627
    -0.65784     0.75316    -0.00000
     0.75316     0.65784    -0.00000
    -0.00000    -0.00000    -1.00000
           0           4          22           5
   -13.46815   -11.73683    -9.50167
    -0.65784     0.75316    -0.00000
     0.75316     0.65784    -0.00000
    -0.00000    -0.00000    -1.00000
           0           4          22           6
   -13.46815   -11.73683   -15.87707
    -0.65784     0.75316    -0.00000
     0.75316     0.65784    -0.00000
    -0.00000    -0.00000    -1.00000
           0           4          23           1
   -10.22658   -13.39551    15.92230
    -0.79554     0.60590    -0.00000
     0.60590     0.79554    -0.00000
    -0.00000    -0.00000    -1.00000
           0           4          23           2
   -10.22658   -13.39551     9.54690
    -0.79554     0.60590    -0.00000
     0.60590     0.79554    -0.00000
    -0.00000    -0.00000    -1.00000
           0           4          23           3
   -10.22658   -13.39551     3.17150
    -0.79554     0.60590    -0.00000
     0.60590     0.79554    -0.00000
    -0.00000    -0.00000    -1.00000
           0           4          23           4
   -10.22658   -13.39551    -3.20390
    -0.79554     0.60590    -0.00000
     0.60590     0.79554    -0.00000
    -0.00000    -0.00000    -1.00000
           0           4          23           5
   -10.22658   -13.39551    -9.57930
    -0.79554     0.60590    -0.00000
     0.60590     0.79554    -0.00000
    -0.00000    -0.00000    -1.00000
           0           4          23           6
   -10.22658   -13.39551   -15.95470
    -0.79554     0.60590    -0.00000
     0.60590     0.79554    -0.00000
    -0.00000    -0.00000    -1.00000
           0           4          24           1
    -6.50339   -14.04066    15.94423
    -0.90739     0.42028    -0.00000
     0.42028     0.90739    -0.00000
    -0.00000    -0.00000    -1.00000
           0           4          24           2
    -6.50339   -14.04066     9.56883
    -0.90739     0.42028    -0.00000
     0.42028     0.90739    -0.00000
    -0.00000    -0.00000    -1.00000
           0           4          24           3
    -6.50339   -14.04066     3.19343
    -0.90739     0.42028    -0.00000
     0.42028     0.90739    -0.00000
    -0.00000    -0.00000    -1.00000
           0           4          24           4
    -6.50339   -14.04066    -3.18197
    -0.90739     0.42028    -0.00000
     0.42028     0.90739    -0.00000
    -0.00000    -0.00000    -1.00000
           0           4          24           5
    -6.50339   -14.04066    -9.55737
    -0.90739     0.42028    -0.00000
     0.42028     0.90739    -0.00000
    -0.00000    -0.00000    -1.00000
           0           4          24           6
    -6.50339   -14.04066   -15.93277
    -0.90739     0.42028    -0.00000
     0.42028     0.90739    -0.00000
    -0.00000    -0.00000    -1.00000
