 SVX cage parameters:
     2.20000
     0.50000     0.20000
     0.00000
           6
   -40.00000   -26.50000   -26.50000    26.50000    26.50000    40.00000
    53.00000    53.00000    22.14782    22.14782    53.00000    53.00000
     0.00000     0.00000     0.00000
 SVX barrel parameters:
           4
     2.63000     5.19260    11.76500    16.68700     1.14100
     0.00000     0.00000     0.00000     0.00000
           4           4           5           6
     0.69600     0.69600     1.74500     1.74500
     0.01000     0.01000     0.03125     0.03125
     2.83600     2.83600     3.18770     3.18770
     0.01900     0.01900     0.00000     0.00000
     0.02000     0.02000     0.00000     0.00000
    26.70000    13.62600    17.00000    12.00000
   -13.00000   -12.98000     0.00000     0.00000
           2
           5           5
     0.00000   180.00000
           2
          10          10
     0.00000   180.00000
           2
           8           8
     0.00000   180.00000
           2
          12          12
     0.00000   180.00000
 SVX barrel sensor rotation matrices and translation vectors:
           0           1           1           1
     1.57652    -2.13132     8.67684
     0.63985     0.76850    -0.00000
    -0.76850     0.63985    -0.00041
    -0.00032     0.00026     1.00000
           0           1           1           2
     1.58343    -2.12674     2.98483
     0.63985     0.76850    -0.00000
    -0.76850     0.63985    -0.00041
    -0.00032     0.00026     1.00000
           0           1           1           3
     1.59034    -2.12216    -2.70716
     0.63985     0.76850    -0.00000
    -0.76850     0.63985    -0.00041
    -0.00032     0.00026     1.00000
           0           1           1           4
     1.59725    -2.11758    -8.39915
     0.63985     0.76850    -0.00000
    -0.76850     0.63985    -0.00041
    -0.00032     0.00026     1.00000
           0           1           2           1
     2.34833    -1.19242     8.67919
     0.22599     0.97413    -0.00000
    -0.97413     0.22599    -0.00100
    -0.00097     0.00023     1.00000
           0           1           2           2
     2.35523    -1.18785     2.98719
     0.22599     0.97413    -0.00000
    -0.97413     0.22599    -0.00100
    -0.00097     0.00023     1.00000
           0           1           2           3
     2.36214    -1.18326    -2.70480
     0.22599     0.97413    -0.00000
    -0.97413     0.22599    -0.00100
    -0.00097     0.00023     1.00000
           0           1           2           4
     2.36905    -1.17868    -8.39679
     0.22599     0.97413    -0.00000
    -0.97413     0.22599    -0.00100
    -0.00097     0.00023     1.00000
           0           1           3           1
     2.61555    -0.00906     8.67664
    -0.23528     0.97193    -0.00000
    -0.97193    -0.23528    -0.00137
    -0.00133    -0.00032     1.00000
           0           1           3           2
     2.62246    -0.00449     2.98465
    -0.23528     0.97193    -0.00000
    -0.97193    -0.23528    -0.00137
    -0.00133    -0.00032     1.00000
           0           1           3           3
     2.62937     0.00009    -2.70734
    -0.23529     0.97193    -0.00000
    -0.97192    -0.23529    -0.00137
    -0.00133    -0.00032     1.00000
           0           1           3           4
     2.63628     0.00468    -8.39933
    -0.23529     0.97193    -0.00000
    -0.97192    -0.23529    -0.00137
    -0.00133    -0.00032     1.00000
           0           1           4           1
     2.32248     1.16981     8.68013
    -0.64696     0.76252    -0.00000
    -0.76252    -0.64696    -0.00144
    -0.00110    -0.00093     1.00000
           0           1           4           2
     2.32939     1.17439     2.98814
    -0.64697     0.76252    -0.00000
    -0.76252    -0.64697    -0.00144
    -0.00110    -0.00093     1.00000
           0           1           4           3
     2.33630     1.17897    -2.70386
    -0.64697     0.76252    -0.00000
    -0.76252    -0.64697    -0.00144
    -0.00110    -0.00093     1.00000
           0           1           4           4
     2.34321     1.18355    -8.39585
    -0.64697     0.76252    -0.00000
    -0.76252    -0.64697    -0.00144
    -0.00110    -0.00093     1.00000
           0           1           5           1
     1.53144     2.09081     8.66741
    -0.92053     0.39068    -0.00000
    -0.39068    -0.92053    -0.00122
    -0.00048    -0.00112     1.00000
           0           1           5           2
     1.53835     2.09538     2.97542
    -0.92053     0.39068    -0.00000
    -0.39068    -0.92053    -0.00122
    -0.00048    -0.00112     1.00000
           0           1           5           3
     1.54526     2.09996    -2.71658
    -0.92053     0.39068    -0.00000
    -0.39068    -0.92053    -0.00122
    -0.00048    -0.00112     1.00000
           0           1           5           4
     1.55217     2.10454    -8.40857
    -0.92053     0.39068    -0.00000
    -0.39068    -0.92053    -0.00122
    -0.00048    -0.00112     1.00000
           0           1           6           1
    -1.54255     2.10171    -8.54380
     0.92308     0.38461    -0.00000
     0.38461    -0.92308    -0.00093
    -0.00036     0.00086    -1.00000
           0           1           6           2
    -1.53968     2.09720    -2.85181
     0.92308     0.38460    -0.00000
     0.38460    -0.92308    -0.00093
    -0.00036     0.00086    -1.00000
           0           1           6           3
    -1.53682     2.09269     2.84019
     0.92309     0.38459    -0.00000
     0.38459    -0.92309    -0.00093
    -0.00036     0.00086    -1.00000
           0           1           6           4
    -1.53396     2.08817     8.53219
     0.92309     0.38458    -0.00000
     0.38458    -0.92309    -0.00093
    -0.00036     0.00086    -1.00000
           0           1           7           1
    -2.33718     1.18449    -8.54202
     0.64967     0.76022    -0.00000
     0.76022    -0.64967    -0.00090
    -0.00068     0.00058    -1.00000
           0           1           7           2
    -2.33432     1.17999    -2.85002
     0.64967     0.76022    -0.00000
     0.76022    -0.64967    -0.00090
    -0.00068     0.00058    -1.00000
           0           1           7           3
    -2.33146     1.17550     2.84198
     0.64968     0.76021    -0.00000
     0.76021    -0.64968    -0.00090
    -0.00068     0.00058    -1.00000
           0           1           7           4
    -2.32860     1.17101     8.53397
     0.64968     0.76021    -0.00000
     0.76021    -0.64968    -0.00090
    -0.00068     0.00058    -1.00000
           0           1           8           1
    -2.64796     0.01042    -8.55478
     0.23706     0.97150    -0.00000
     0.97150    -0.23706    -0.00068
    -0.00066     0.00016    -1.00000
           0           1           8           2
    -2.64512     0.00591    -2.86277
     0.23706     0.97150    -0.00000
     0.97150    -0.23706    -0.00068
    -0.00066     0.00016    -1.00000
           0           1           8           3
    -2.64226     0.00140     2.82923
     0.23706     0.97150    -0.00000
     0.97150    -0.23706    -0.00068
    -0.00066     0.00016    -1.00000
           0           1           8           4
    -2.63940    -0.00310     8.52122
     0.23706     0.97150    -0.00000
     0.97150    -0.23706    -0.00068
    -0.00066     0.00016    -1.00000
           0           1           9           1
    -2.37272    -1.17608    -8.54088
    -0.22720     0.97385    -0.00000
     0.97385     0.22720    -0.00031
    -0.00030    -0.00007    -1.00000
           0           1           9           2
    -2.36987    -1.18057    -2.84888
    -0.22720     0.97385    -0.00000
     0.97385     0.22720    -0.00031
    -0.00030    -0.00007    -1.00000
           0           1           9           3
    -2.36700    -1.18507     2.84312
    -0.22720     0.97385    -0.00000
     0.97385     0.22720    -0.00031
    -0.00030    -0.00007    -1.00000
           0           1           9           4
    -2.36414    -1.18956     8.53511
    -0.22720     0.97385    -0.00000
     0.97385     0.22720    -0.00031
    -0.00030    -0.00007    -1.00000
           0           1          10           1
    -1.60451    -2.11156    -8.54272
    -0.64063     0.76785     0.00000
     0.76785     0.64063     0.00012
     0.00009     0.00008    -1.00000
           0           1          10           2
    -1.60167    -2.11608    -2.85072
    -0.64063     0.76785     0.00000
     0.76785     0.64063     0.00012
     0.00009     0.00008    -1.00000
           0           1          10           3
    -1.59881    -2.12056     2.84128
    -0.64062     0.76786     0.00000
     0.76786     0.64062     0.00012
     0.00009     0.00008    -1.00000
           0           1          10           4
    -1.59596    -2.12507     8.53327
    -0.64062     0.76786     0.00000
     0.76786     0.64062     0.00012
     0.00009     0.00008    -1.00000
           0           2           1           1
     2.50494    -4.57452     8.67918
     0.74556     0.66643    -0.00000
    -0.66643     0.74556    -0.00021
    -0.00014     0.00016     1.00000
           0           2           1           2
     2.51185    -4.56993     2.98720
     0.74556     0.66643    -0.00000
    -0.66643     0.74556    -0.00021
    -0.00014     0.00016     1.00000
           0           2           1           3
     2.51877    -4.56535    -2.70480
     0.74556     0.66643    -0.00000
    -0.66643     0.74556    -0.00021
    -0.00014     0.00016     1.00000
           0           2           1           4
     2.52568    -4.56077    -8.39680
     0.74556     0.66643    -0.00000
    -0.66643     0.74556    -0.00021
    -0.00014     0.00016     1.00000
           0           2           2           1
     3.50412    -3.85894     8.68463
     0.56806     0.82299    -0.00000
    -0.82299     0.56806    -0.00054
    -0.00044     0.00031     1.00000
           0           2           2           2
     3.51103    -3.85437     2.99263
     0.56806     0.82299    -0.00000
    -0.82299     0.56806    -0.00054
    -0.00044     0.00031     1.00000
           0           2           2           3
     3.51794    -3.84979    -2.69936
     0.56806     0.82299    -0.00000
    -0.82299     0.56806    -0.00054
    -0.00044     0.00031     1.00000
           0           2           2           4
     3.52485    -3.84520    -8.39137
     0.56806     0.82299    -0.00000
    -0.82299     0.56806    -0.00054
    -0.00044     0.00031     1.00000
           0           2           3           1
     4.30997    -2.92440     8.67494
     0.35783     0.93379    -0.00000
    -0.93379     0.35783    -0.00085
    -0.00079     0.00030     1.00000
           0           2           3           2
     4.31687    -2.91983     2.98295
     0.35783     0.93379    -0.00000
    -0.93379     0.35783    -0.00085
    -0.00079     0.00030     1.00000
           0           2           3           3
     4.32378    -2.91524    -2.70905
     0.35783     0.93379    -0.00000
    -0.93379     0.35783    -0.00085
    -0.00079     0.00030     1.00000
           0           2           3           4
     4.33069    -2.91066    -8.40103
     0.35783     0.93379    -0.00000
    -0.93379     0.35783    -0.00085
    -0.00079     0.00030     1.00000
           0           2           4           1
     4.87111    -1.82991     8.67811
     0.12816     0.99175    -0.00000
    -0.99175     0.12816    -0.00110
    -0.00109     0.00014     1.00000
           0           2           4           2
     4.87802    -1.82534     2.98611
     0.12816     0.99175    -0.00000
    -0.99175     0.12816    -0.00110
    -0.00109     0.00014     1.00000
           0           2           4           3
     4.88494    -1.82075    -2.70588
     0.12816     0.99175    -0.00000
    -0.99175     0.12816    -0.00110
    -0.00109     0.00014     1.00000
           0           2           4           4
     4.89185    -1.81617    -8.39788
     0.12816     0.99175    -0.00000
    -0.99175     0.12816    -0.00110
    -0.00109     0.00014     1.00000
           0           2           5           1
     5.15966    -0.62948     8.67823
    -0.10960     0.99398    -0.00000
    -0.99397    -0.10960    -0.00130
    -0.00129    -0.00014     1.00000
           0           2           5           2
     5.16657    -0.62490     2.98624
    -0.10960     0.99398    -0.00000
    -0.99397    -0.10960    -0.00130
    -0.00129    -0.00014     1.00000
           0           2           5           3
     5.17348    -0.62032    -2.70576
    -0.10960     0.99398    -0.00000
    -0.99397    -0.10960    -0.00130
    -0.00129    -0.00014     1.00000
           0           2           5           4
     5.18039    -0.61574    -8.39775
    -0.10960     0.99398    -0.00000
    -0.99397    -0.10960    -0.00130
    -0.00129    -0.00014     1.00000
           0           2           6           1
     5.15759     0.59724     8.67221
    -0.33971     0.94053    -0.00000
    -0.94053    -0.33971    -0.00141
    -0.00133    -0.00048     1.00000
           0           2           6           2
     5.16450     0.60181     2.98022
    -0.33972     0.94053    -0.00000
    -0.94053    -0.33972    -0.00141
    -0.00133    -0.00048     1.00000
           0           2           6           3
     5.17141     0.60640    -2.71178
    -0.33972     0.94053    -0.00000
    -0.94053    -0.33972    -0.00141
    -0.00133    -0.00048     1.00000
           0           2           6           4
     5.17833     0.61098    -8.40377
    -0.33972     0.94053    -0.00000
    -0.94053    -0.33972    -0.00141
    -0.00133    -0.00048     1.00000
           0           2           7           1
     4.86424     1.79889     8.68041
    -0.55252     0.83350    -0.00000
    -0.83350    -0.55252    -0.00146
    -0.00122    -0.00081     1.00000
           0           2           7           2
     4.87115     1.80346     2.98841
    -0.55252     0.83350    -0.00000
    -0.83350    -0.55252    -0.00146
    -0.00122    -0.00081     1.00000
           0           2           7           3
     4.87806     1.80805    -2.70358
    -0.55252     0.83350    -0.00000
    -0.83350    -0.55252    -0.00146
    -0.00122    -0.00081     1.00000
           0           2           7           4
     4.88497     1.81262    -8.39558
    -0.55252     0.83350    -0.00000
    -0.83350    -0.55252    -0.00146
    -0.00122    -0.00081     1.00000
           0           2           8           1
     4.29935     2.89058     8.67934
    -0.73296     0.68027    -0.00000
    -0.68027    -0.73296    -0.00141
    -0.00096    -0.00103     1.00000
           0           2           8           2
     4.30626     2.89515     2.98735
    -0.73296     0.68027    -0.00000
    -0.68027    -0.73296    -0.00141
    -0.00096    -0.00103     1.00000
           0           2           8           3
     4.31317     2.89973    -2.70465
    -0.73296     0.68027    -0.00000
    -0.68027    -0.73296    -0.00141
    -0.00096    -0.00103     1.00000
           0           2           8           4
     4.32008     2.90432    -8.39664
    -0.73296     0.68027    -0.00000
    -0.68027    -0.73296    -0.00141
    -0.00096    -0.00103     1.00000
           0           2           9           1
     3.49010     3.82220     8.66855
    -0.87279     0.48810    -0.00000
    -0.48810    -0.87279    -0.00130
    -0.00063    -0.00113     1.00000
           0           2           9           2
     3.49701     3.82678     2.97656
    -0.87279     0.48810    -0.00000
    -0.48810    -0.87279    -0.00130
    -0.00063    -0.00113     1.00000
           0           2           9           3
     3.50392     3.83136    -2.71544
    -0.87279     0.48810    -0.00000
    -0.48810    -0.87279    -0.00130
    -0.00063    -0.00113     1.00000
           0           2           9           4
     3.51083     3.83594    -8.40743
    -0.87279     0.48810    -0.00000
    -0.48810    -0.87279    -0.00130
    -0.00063    -0.00113     1.00000
           0           2          10           1
     2.48868     4.53393     8.68220
    -0.96303     0.26938    -0.00000
    -0.26938    -0.96303    -0.00110
    -0.00030    -0.00106     1.00000
           0           2          10           2
     2.49559     4.53850     2.99021
    -0.96303     0.26938    -0.00000
    -0.26938    -0.96303    -0.00110
    -0.00030    -0.00106     1.00000
           0           2          10           3
     2.50250     4.54307    -2.70179
    -0.96303     0.26938    -0.00000
    -0.26938    -0.96303    -0.00110
    -0.00030    -0.00106     1.00000
           0           2          10           4
     2.50941     4.54766    -8.39378
    -0.96304     0.26937    -0.00000
    -0.26937    -0.96304    -0.00110
    -0.00030    -0.00106     1.00000
           0           2          11           1
    -2.48365     4.58490    -8.55355
     0.96557     0.26014    -0.00000
     0.26014    -0.96557    -0.00089
    -0.00023     0.00086    -1.00000
           0           2          11           2
    -2.48079     4.58037    -2.86156
     0.96557     0.26014    -0.00000
     0.26014    -0.96557    -0.00089
    -0.00023     0.00086    -1.00000
           0           2          11           3
    -2.47793     4.57586     2.83044
     0.96558     0.26012    -0.00000
     0.26012    -0.96557    -0.00089
    -0.00023     0.00086    -1.00000
           0           2          11           4
    -2.47507     4.57134     8.52244
     0.96558     0.26012    -0.00000
     0.26012    -0.96558    -0.00089
    -0.00023     0.00086    -1.00000
           0           2          12           1
    -3.51525     3.84206    -8.54533
     0.87361     0.48663    -0.00000
     0.48663    -0.87361    -0.00093
    -0.00045     0.00081    -1.00000
           0           2          12           2
    -3.51239     3.83754    -2.85334
     0.87361     0.48663    -0.00000
     0.48663    -0.87361    -0.00093
    -0.00045     0.00081    -1.00000
           0           2          12           3
    -3.50953     3.83303     2.83866
     0.87361     0.48663    -0.00000
     0.48663    -0.87361    -0.00093
    -0.00045     0.00081    -1.00000
           0           2          12           4
    -3.50667     3.82851     8.53066
     0.87361     0.48663    -0.00000
     0.48663    -0.87361    -0.00093
    -0.00045     0.00081    -1.00000
           0           2          13           1
    -4.31075     2.92889    -8.55128
     0.73707     0.67581    -0.00000
     0.67581    -0.73707    -0.00093
    -0.00063     0.00069    -1.00000
           0           2          13           2
    -4.30789     2.92438    -2.85928
     0.73707     0.67581    -0.00000
     0.67581    -0.73707    -0.00093
    -0.00063     0.00069    -1.00000
           0           2          13           3
    -4.30504     2.91988     2.83272
     0.73708     0.67581    -0.00000
     0.67581    -0.73708    -0.00093
    -0.00063     0.00069    -1.00000
           0           2          13           4
    -4.30219     2.91536     8.52472
     0.73708     0.67580    -0.00000
     0.67580    -0.73708    -0.00093
    -0.00063     0.00069    -1.00000
           0           2          14           1
    -4.89230     1.83524    -8.54645
     0.55608     0.83113    -0.00000
     0.83113    -0.55608    -0.00086
    -0.00071     0.00048    -1.00000
           0           2          14           2
    -4.88946     1.83073    -2.85446
     0.55608     0.83113    -0.00000
     0.83113    -0.55608    -0.00086
    -0.00071     0.00048    -1.00000
           0           2          14           3
    -4.88660     1.82621     2.83754
     0.55608     0.83113    -0.00000
     0.83113    -0.55608    -0.00086
    -0.00071     0.00048    -1.00000
           0           2          14           4
    -4.88376     1.82170     8.52955
     0.55608     0.83113    -0.00000
     0.83113    -0.55608    -0.00086
    -0.00071     0.00048    -1.00000
           0           2          15           1
    -5.21294     0.63598    -8.54773
     0.34364     0.93910    -0.00000
     0.93910    -0.34364    -0.00074
    -0.00069     0.00025    -1.00000
           0           2          15           2
    -5.21009     0.63145    -2.85574
     0.34364     0.93910    -0.00000
     0.93910    -0.34364    -0.00074
    -0.00069     0.00025    -1.00000
           0           2          15           3
    -5.20724     0.62692     2.83626
     0.34364     0.93910    -0.00000
     0.93910    -0.34364    -0.00074
    -0.00069     0.00025    -1.00000
           0           2          15           4
    -5.20439     0.62238     8.52826
     0.34364     0.93910    -0.00000
     0.93910    -0.34364    -0.00074
    -0.00069     0.00025    -1.00000
           0           2          16           1
    -5.20470    -0.61227    -8.54388
     0.11052     0.99387    -0.00000
     0.99387    -0.11052    -0.00059
    -0.00059     0.00007    -1.00000
           0           2          16           2
    -5.20183    -0.61680    -2.85188
     0.11052     0.99387    -0.00000
     0.99387    -0.11052    -0.00059
    -0.00059     0.00007    -1.00000
           0           2          16           3
    -5.19897    -0.62131     2.84012
     0.11052     0.99387    -0.00000
     0.99387    -0.11052    -0.00059
    -0.00059     0.00007    -1.00000
           0           2          16           4
    -5.19610    -0.62584     8.53211
     0.11052     0.99387    -0.00000
     0.99387    -0.11052    -0.00059
    -0.00059     0.00007    -1.00000
           0           2          17           1
    -4.90831    -1.81215    -8.54718
    -0.12712     0.99189    -0.00000
     0.99189     0.12712    -0.00040
    -0.00040    -0.00005    -1.00000
           0           2          17           2
    -4.90544    -1.81665    -2.85518
    -0.12712     0.99189    -0.00000
     0.99189     0.12712    -0.00040
    -0.00040    -0.00005    -1.00000
           0           2          17           3
    -4.90257    -1.82116     2.83681
    -0.12712     0.99189    -0.00000
     0.99189     0.12712    -0.00040
    -0.00040    -0.00005    -1.00000
           0           2          17           4
    -4.89971    -1.82569     8.52881
    -0.12712     0.99189    -0.00000
     0.99189     0.12712    -0.00040
    -0.00040    -0.00005    -1.00000
           0           2          18           1
    -4.34608    -2.90966    -8.54968
    -0.35726     0.93401    -0.00000
     0.93401     0.35726    -0.00019
    -0.00018    -0.00007    -1.00000
           0           2          18           2
    -4.34323    -2.91418    -2.85768
    -0.35726     0.93401    -0.00000
     0.93401     0.35726    -0.00019
    -0.00018    -0.00007    -1.00000
           0           2          18           3
    -4.34035    -2.91868     2.83431
    -0.35726     0.93401    -0.00000
     0.93401     0.35726    -0.00019
    -0.00018    -0.00007    -1.00000
           0           2          18           4
    -4.33746    -2.92320     8.52631
    -0.35726     0.93401    -0.00000
     0.93401     0.35726    -0.00019
    -0.00018    -0.00007    -1.00000
           0           2          19           1
    -3.53401    -3.83762    -8.54597
    -0.56747     0.82339     0.00000
     0.82339     0.56747     0.00003
     0.00002     0.00002    -1.00000
           0           2          19           2
    -3.53115    -3.84212    -2.85398
    -0.56747     0.82339     0.00000
     0.82339     0.56747     0.00003
     0.00002     0.00002    -1.00000
           0           2          19           3
    -3.52828    -3.84661     2.83802
    -0.56747     0.82339     0.00000
     0.82339     0.56747     0.00003
     0.00002     0.00002    -1.00000
           0           2          19           4
    -3.52542    -3.85113     8.53003
    -0.56747     0.82339     0.00000
     0.82339     0.56747     0.00003
     0.00002     0.00002    -1.00000
           0           2          20           1
    -2.54492    -4.55775    -8.54696
    -0.74446     0.66767     0.00000
     0.66767     0.74446     0.00026
     0.00017     0.00019    -1.00000
           0           2          20           2
    -2.54206    -4.56227    -2.85496
    -0.74446     0.66767     0.00000
     0.66767     0.74446     0.00026
     0.00017     0.00019    -1.00000
           0           2          20           3
    -2.53920    -4.56677     2.83703
    -0.74446     0.66767     0.00000
     0.66767     0.74446     0.00026
     0.00017     0.00019    -1.00000
           0           2          20           4
    -2.53633    -4.57130     8.52903
    -0.74446     0.66767     0.00000
     0.66767     0.74446     0.00026
     0.00017     0.00019    -1.00000
           0           3           1           1
     5.61354   -10.34178    12.85945
    -0.87803    -0.47861     0.00000
    -0.47861     0.87803     0.00012
    -0.00006     0.00011    -1.00000
           0           3           1           2
     5.62128   -10.33665     6.48405
    -0.87803    -0.47861     0.00000
    -0.47861     0.87803     0.00012
    -0.00006     0.00011    -1.00000
           0           3           1           3
     5.62903   -10.33151     0.10866
    -0.87803    -0.47861     0.00000
    -0.47861     0.87803     0.00012
    -0.00006     0.00011    -1.00000
           0           3           1           4
     5.63677   -10.32638    -6.26674
    -0.87803    -0.47861     0.00000
    -0.47861     0.87803     0.00012
    -0.00006     0.00011    -1.00000
           0           3           1           5
     5.64450   -10.32126   -12.64213
    -0.87803    -0.47861     0.00000
    -0.47861     0.87803     0.00012
    -0.00006     0.00011    -1.00000
           0           3           2           1
     7.53146    -7.14657    12.84880
    -0.68689    -0.72676    -0.00000
    -0.72676     0.68689    -0.00033
     0.00024    -0.00023    -1.00000
           0           3           2           2
     7.53920    -7.14144     6.47341
    -0.68689    -0.72676    -0.00000
    -0.72676     0.68689    -0.00033
     0.00024    -0.00023    -1.00000
           0           3           2           3
     7.54694    -7.13630     0.09801
    -0.68689    -0.72676    -0.00000
    -0.72676     0.68689    -0.00033
     0.00024    -0.00023    -1.00000
           0           3           2           4
     7.55469    -7.13117    -6.27738
    -0.68689    -0.72676    -0.00000
    -0.72676     0.68689    -0.00033
     0.00024    -0.00023    -1.00000
           0           3           2           5
     7.56242    -7.12604   -12.65278
    -0.68689    -0.72676    -0.00000
    -0.72676     0.68689    -0.00033
     0.00024    -0.00023    -1.00000
           0           3           3           1
    11.51316    -5.67905    12.86643
    -0.44110    -0.89746    -0.00000
    -0.89746     0.44110    -0.00073
     0.00066    -0.00032    -1.00000
           0           3           3           2
    11.52090    -5.67392     6.49103
    -0.44110    -0.89746    -0.00000
    -0.89746     0.44110    -0.00073
     0.00066    -0.00032    -1.00000
           0           3           3           3
    11.52863    -5.66879     0.11565
    -0.44110    -0.89746    -0.00000
    -0.89746     0.44110    -0.00073
     0.00066    -0.00032    -1.00000
           0           3           3           4
    11.53636    -5.66366    -6.25975
    -0.44110    -0.89746    -0.00000
    -0.89746     0.44110    -0.00073
     0.00066    -0.00032    -1.00000
           0           3           3           5
    11.54409    -5.65853   -12.63514
    -0.44110    -0.89746    -0.00000
    -0.89746     0.44110    -0.00073
     0.00066    -0.00032    -1.00000
           0           3           4           1
    11.56342    -2.08531    12.87580
    -0.17625    -0.98435    -0.00000
    -0.98435     0.17625    -0.00105
     0.00103    -0.00019    -1.00000
           0           3           4           2
    11.57116    -2.08018     6.50041
    -0.17625    -0.98435    -0.00000
    -0.98435     0.17625    -0.00105
     0.00103    -0.00019    -1.00000
           0           3           4           3
    11.57890    -2.07505     0.12501
    -0.17625    -0.98435    -0.00000
    -0.98435     0.17625    -0.00105
     0.00103    -0.00019    -1.00000
           0           3           4           4
    11.58663    -2.06992    -6.25038
    -0.17625    -0.98435    -0.00000
    -0.98435     0.17625    -0.00105
     0.00103    -0.00019    -1.00000
           0           3           4           5
    11.59438    -2.06479   -12.62577
    -0.17625    -0.98435    -0.00000
    -0.98435     0.17625    -0.00105
     0.00103    -0.00019    -1.00000
           0           3           5           1
    10.27148     1.41218    12.86441
     0.13709    -0.99056    -0.00000
    -0.99056    -0.13709    -0.00132
     0.00131     0.00018    -1.00000
           0           3           5           2
    10.27922     1.41731     6.48902
     0.13709    -0.99056    -0.00000
    -0.99056    -0.13709    -0.00132
     0.00131     0.00018    -1.00000
           0           3           5           3
    10.28697     1.42245     0.11362
     0.13709    -0.99056    -0.00000
    -0.99056    -0.13709    -0.00132
     0.00131     0.00018    -1.00000
           0           3           5           4
    10.29470     1.42757    -6.26177
     0.13709    -0.99056    -0.00000
    -0.99056    -0.13709    -0.00132
     0.00131     0.00018    -1.00000
           0           3           5           5
    10.30244     1.43270   -12.63717
     0.13709    -0.99056    -0.00000
    -0.99056    -0.13709    -0.00132
     0.00131     0.00018    -1.00000
           0           3           6           1
    11.62135     5.42963    12.90121
     0.42352    -0.90589    -0.00000
    -0.90589    -0.42352    -0.00144
     0.00130     0.00061    -1.00000
           0           3           6           2
    11.62910     5.43476     6.52581
     0.42352    -0.90589    -0.00000
    -0.90589    -0.42352    -0.00144
     0.00130     0.00061    -1.00000
           0           3           6           3
    11.63682     5.43989     0.15042
     0.42352    -0.90589    -0.00000
    -0.90589    -0.42352    -0.00144
     0.00130     0.00061    -1.00000
           0           3           6           4
    11.64457     5.44502    -6.22497
     0.42352    -0.90589    -0.00000
    -0.90589    -0.42352    -0.00144
     0.00130     0.00061    -1.00000
           0           3           6           5
    11.65230     5.45015   -12.60036
     0.42352    -0.90589    -0.00000
    -0.90589    -0.42352    -0.00144
     0.00130     0.00061    -1.00000
           0           3           7           1
     8.84865     7.72169    12.88331
     0.65733    -0.75360    -0.00000
    -0.75360    -0.65733    -0.00144
     0.00109     0.00095    -1.00000
           0           3           7           2
     8.85639     7.72682     6.50792
     0.65733    -0.75360    -0.00000
    -0.75360    -0.65733    -0.00144
     0.00109     0.00095    -1.00000
           0           3           7           3
     8.86413     7.73196     0.13252
     0.65733    -0.75360    -0.00000
    -0.75360    -0.65733    -0.00144
     0.00109     0.00095    -1.00000
           0           3           7           4
     8.87187     7.73709    -6.24287
     0.65733    -0.75360    -0.00000
    -0.75360    -0.65733    -0.00144
     0.00109     0.00095    -1.00000
           0           3           7           5
     8.87961     7.74221   -12.61827
     0.65733    -0.75360    -0.00000
    -0.75360    -0.65733    -0.00144
     0.00109     0.00095    -1.00000
           0           3           8           1
     5.30742     8.90641    12.87440
     0.85860    -0.51265    -0.00000
    -0.51265    -0.85860    -0.00132
     0.00068     0.00113    -1.00000
           0           3           8           2
     5.31516     8.91154     6.49901
     0.85860    -0.51265    -0.00000
    -0.51265    -0.85860    -0.00132
     0.00068     0.00113    -1.00000
           0           3           8           3
     5.32290     8.91668     0.12361
     0.85860    -0.51265    -0.00000
    -0.51265    -0.85860    -0.00132
     0.00068     0.00113    -1.00000
           0           3           8           4
     5.33064     8.92181    -6.25178
     0.85860    -0.51265    -0.00000
    -0.51265    -0.85860    -0.00132
     0.00068     0.00113    -1.00000
           0           3           8           5
     5.33838     8.92693   -12.62717
     0.85860    -0.51265    -0.00000
    -0.51265    -0.85860    -0.00132
     0.00068     0.00113    -1.00000
           0           3           9           1
    -5.29729     8.98739   -12.77439
    -0.86145    -0.50784    -0.00000
     0.50784    -0.86145    -0.00094
     0.00048    -0.00081     1.00000
           0           3           9           2
    -5.29410     8.98232    -6.39899
    -0.86145    -0.50784    -0.00000
     0.50784    -0.86145    -0.00094
     0.00048    -0.00081     1.00000
           0           3           9           3
    -5.29089     8.97727    -0.02359
    -0.86145    -0.50784    -0.00000
     0.50784    -0.86145    -0.00094
     0.00048    -0.00081     1.00000
           0           3           9           4
    -5.28768     8.97221     6.35180
    -0.86146    -0.50783    -0.00000
     0.50783    -0.86146    -0.00094
     0.00048    -0.00081     1.00000
           0           3           9           5
    -5.28448     8.96716    12.72720
    -0.86146    -0.50783    -0.00000
     0.50783    -0.86146    -0.00094
     0.00048    -0.00081     1.00000
           0           3          10           1
    -8.84483     7.78605   -12.75396
    -0.65998    -0.75128    -0.00000
     0.75128    -0.65998    -0.00090
     0.00068    -0.00059     1.00000
           0           3          10           2
    -8.84162     7.78098    -6.37856
    -0.65998    -0.75128    -0.00000
     0.75128    -0.65998    -0.00090
     0.00068    -0.00059     1.00000
           0           3          10           3
    -8.83842     7.77593    -0.00317
    -0.65998    -0.75128    -0.00000
     0.75128    -0.65998    -0.00090
     0.00068    -0.00059     1.00000
           0           3          10           4
    -8.83521     7.77089     6.37223
    -0.65999    -0.75128    -0.00000
     0.75128    -0.65999    -0.00090
     0.00068    -0.00059     1.00000
           0           3          10           5
    -8.83203     7.76584    12.74763
    -0.65999    -0.75128    -0.00000
     0.75128    -0.65999    -0.00090
     0.00068    -0.00059     1.00000
           0           3          11           1
   -11.66724     5.50999   -12.76166
    -0.42554    -0.90494    -0.00000
     0.90494    -0.42554    -0.00079
     0.00071    -0.00034     1.00000
           0           3          11           2
   -11.66406     5.50493    -6.38626
    -0.42554    -0.90494    -0.00000
     0.90494    -0.42554    -0.00079
     0.00071    -0.00034     1.00000
           0           3          11           3
   -11.66085     5.49988    -0.01086
    -0.42554    -0.90494    -0.00000
     0.90494    -0.42554    -0.00079
     0.00071    -0.00034     1.00000
           0           3          11           4
   -11.65766     5.49483     6.36454
    -0.42554    -0.90494    -0.00000
     0.90494    -0.42554    -0.00079
     0.00071    -0.00034     1.00000
           0           3          11           5
   -11.65448     5.48978    12.73993
    -0.42554    -0.90494    -0.00000
     0.90494    -0.42554    -0.00079
     0.00071    -0.00034     1.00000
           0           3          12           1
   -10.30817     1.45365   -12.74531
    -0.13684    -0.99059    -0.00000
     0.99059    -0.13684    -0.00061
     0.00060    -0.00008     1.00000
           0           3          12           2
   -10.30497     1.44858    -6.36992
    -0.13684    -0.99059    -0.00000
     0.99059    -0.13684    -0.00061
     0.00060    -0.00008     1.00000
           0           3          12           3
   -10.30179     1.44353     0.00548
    -0.13684    -0.99059    -0.00000
     0.99059    -0.13684    -0.00061
     0.00060    -0.00008     1.00000
           0           3          12           4
   -10.29858     1.43848     6.38088
    -0.13684    -0.99059    -0.00000
     0.99059    -0.13684    -0.00061
     0.00060    -0.00008     1.00000
           0           3          12           5
   -10.29538     1.43342    12.75627
    -0.13684    -0.99059    -0.00000
     0.99059    -0.13684    -0.00061
     0.00060    -0.00008     1.00000
           0           3          13           1
   -11.61163    -2.05859   -12.75782
     0.17748    -0.98412    -0.00000
     0.98412     0.17748    -0.00036
     0.00035     0.00006     1.00000
           0           3          13           2
   -11.60842    -2.06365    -6.38243
     0.17748    -0.98412    -0.00000
     0.98412     0.17748    -0.00036
     0.00035     0.00006     1.00000
           0           3          13           3
   -11.60522    -2.06873    -0.00703
     0.17748    -0.98412    -0.00000
     0.98412     0.17748    -0.00036
     0.00035     0.00006     1.00000
           0           3          13           4
   -11.60202    -2.07378     6.36836
     0.17748    -0.98412    -0.00000
     0.98412     0.17748    -0.00036
     0.00035     0.00006     1.00000
           0           3          13           5
   -11.59881    -2.07883    12.74376
     0.17748    -0.98412    -0.00000
     0.98412     0.17748    -0.00036
     0.00035     0.00006     1.00000
           0           3          14           1
   -11.55336    -5.66781   -12.78134
     0.44300    -0.89652    -0.00000
     0.89652     0.44300    -0.00010
     0.00009     0.00004     1.00000
           0           3          14           2
   -11.55016    -5.67287    -6.40594
     0.44300    -0.89652    -0.00000
     0.89652     0.44300    -0.00010
     0.00009     0.00004     1.00000
           0           3          14           3
   -11.54695    -5.67792    -0.03055
     0.44300    -0.89652    -0.00000
     0.89652     0.44300    -0.00010
     0.00009     0.00004     1.00000
           0           3          14           4
   -11.54373    -5.68300     6.34485
     0.44300    -0.89652    -0.00000
     0.89652     0.44300    -0.00010
     0.00009     0.00004     1.00000
           0           3          14           5
   -11.54052    -5.68805    12.72025
     0.44300    -0.89652    -0.00000
     0.89652     0.44300    -0.00010
     0.00009     0.00004     1.00000
           0           3          15           1
    -7.50772    -7.08757   -12.76835
     0.68898    -0.72478     0.00000
     0.72478     0.68898     0.00018
    -0.00013    -0.00012     1.00000
           0           3          15           2
    -7.50453    -7.09260    -6.39295
     0.68898    -0.72478     0.00000
     0.72478     0.68898     0.00018
    -0.00013    -0.00012     1.00000
           0           3          15           3
    -7.50133    -7.09762    -0.01756
     0.68898    -0.72478     0.00000
     0.72478     0.68898     0.00018
    -0.00013    -0.00012     1.00000
           0           3          15           4
    -7.49814    -7.10264     6.35784
     0.68898    -0.72478     0.00000
     0.72478     0.68898     0.00018
    -0.00013    -0.00012     1.00000
           0           3          15           5
    -7.49495    -7.10769    12.73324
     0.68898    -0.72478     0.00000
     0.72478     0.68898     0.00018
    -0.00013    -0.00012     1.00000
           0           3          16           1
    -5.63981   -10.31088   -12.77173
     0.87862    -0.47752     0.00000
     0.47752     0.87862     0.00045
    -0.00021    -0.00040     1.00000
           0           3          16           2
    -5.63662   -10.31594    -6.39633
     0.87862    -0.47752     0.00000
     0.47752     0.87862     0.00045
    -0.00021    -0.00040     1.00000
           0           3          16           3
    -5.63341   -10.32099    -0.02094
     0.87862    -0.47752     0.00000
     0.47752     0.87862     0.00045
    -0.00021    -0.00040     1.00000
           0           3          16           4
    -5.63020   -10.32605     6.35445
     0.87862    -0.47752     0.00000
     0.47752     0.87862     0.00045
    -0.00021    -0.00040     1.00000
           0           3          16           5
    -5.62699   -10.33111    12.72985
     0.87862    -0.47752     0.00000
     0.47752     0.87862     0.00045
    -0.00021    -0.00040     1.00000
           0           4           1           1
     6.55521   -14.07927   -15.82886
     0.90736     0.42035     0.00000
    -0.42035     0.90736     0.00022
     0.00009    -0.00020     1.00000
           0           4           1           2
     6.54747   -14.08439    -9.45347
     0.90736     0.42035     0.00000
    -0.42035     0.90736     0.00022
     0.00009    -0.00020     1.00000
           0           4           1           3
     6.53973   -14.08952    -3.07807
     0.90736     0.42035     0.00000
    -0.42035     0.90736     0.00022
     0.00009    -0.00020     1.00000
           0           4           1           4
     6.53198   -14.09465     3.29732
     0.90736     0.42035     0.00000
    -0.42035     0.90736     0.00022
     0.00009    -0.00020     1.00000
           0           4           1           5
     6.52425   -14.09979     9.67272
     0.90736     0.42035     0.00000
    -0.42035     0.90736     0.00022
     0.00009    -0.00020     1.00000
           0           4           1           6
     6.51651   -14.10492    16.04811
     0.90736     0.42035     0.00000
    -0.42035     0.90736     0.00022
     0.00009    -0.00020     1.00000
           0           4           2           1
    10.13269   -13.24742   -15.83861
     0.79547     0.60599    -0.00000
    -0.60599     0.79547    -0.00009
    -0.00005     0.00007     1.00000
           0           4           2           2
    10.12495   -13.25255    -9.46321
     0.79547     0.60599    -0.00000
    -0.60599     0.79547    -0.00009
    -0.00005     0.00007     1.00000
           0           4           2           3
    10.11720   -13.25768    -3.08783
     0.79547     0.60599    -0.00000
    -0.60599     0.79547    -0.00009
    -0.00005     0.00007     1.00000
           0           4           2           4
    10.10946   -13.26281     3.28757
     0.79547     0.60599    -0.00000
    -0.60599     0.79547    -0.00009
    -0.00005     0.00007     1.00000
           0           4           2           5
    10.10173   -13.26795     9.66296
     0.79547     0.60599    -0.00000
    -0.60599     0.79547    -0.00009
    -0.00005     0.00007     1.00000
           0           4           2           6
    10.09399   -13.27308    16.03836
     0.79547     0.60599    -0.00000
    -0.60599     0.79547    -0.00009
    -0.00005     0.00007     1.00000
           0           4           3           1
    13.45098   -11.69771   -15.80149
     0.65764     0.75334    -0.00000
    -0.75334     0.65764    -0.00038
    -0.00029     0.00025     1.00000
           0           4           3           2
    13.44325   -11.70284    -9.42609
     0.65764     0.75334    -0.00000
    -0.75334     0.65764    -0.00038
    -0.00029     0.00025     1.00000
           0           4           3           3
    13.43551   -11.70797    -3.05070
     0.65764     0.75334    -0.00000
    -0.75334     0.65764    -0.00038
    -0.00029     0.00025     1.00000
           0           4           3           4
    13.42777   -11.71311     3.32470
     0.65764     0.75334    -0.00000
    -0.75334     0.65764    -0.00038
    -0.00029     0.00025     1.00000
           0           4           3           5
    13.42002   -11.71824     9.70009
     0.65764     0.75334    -0.00000
    -0.75334     0.65764    -0.00038
    -0.00029     0.00025     1.00000
           0           4           3           6
    13.41229   -11.72337    16.07547
     0.65764     0.75334    -0.00000
    -0.75334     0.65764    -0.00038
    -0.00029     0.00025     1.00000
           0           4           4           1
    13.60703    -7.52881   -15.82679
     0.48601     0.87395    -0.00000
    -0.87395     0.48601    -0.00067
    -0.00059     0.00033     1.00000
           0           4           4           2
    13.59929    -7.53394    -9.45140
     0.48601     0.87395    -0.00000
    -0.87395     0.48601    -0.00067
    -0.00059     0.00033     1.00000
           0           4           4           3
    13.59156    -7.53907    -3.07600
     0.48601     0.87395    -0.00000
    -0.87395     0.48601    -0.00067
    -0.00059     0.00033     1.00000
           0           4           4           4
    13.58382    -7.54419     3.29939
     0.48601     0.87395    -0.00000
    -0.87395     0.48601    -0.00067
    -0.00059     0.00033     1.00000
           0           4           4           5
    13.57608    -7.54933     9.67478
     0.48601     0.87395    -0.00000
    -0.87395     0.48601    -0.00067
    -0.00059     0.00033     1.00000
           0           4           4           6
    13.56834    -7.55446    16.05017
     0.48601     0.87395    -0.00000
    -0.87395     0.48601    -0.00067
    -0.00059     0.00033     1.00000
           0           4           5           1
    16.00776    -4.75504   -15.81560
     0.28656     0.95806    -0.00000
    -0.95806     0.28656    -0.00093
    -0.00089     0.00027     1.00000
           0           4           5           2
    16.00002    -4.76017    -9.44020
     0.28656     0.95806    -0.00000
    -0.95806     0.28656    -0.00093
    -0.00089     0.00027     1.00000
           0           4           5           3
    15.99227    -4.76530    -3.06482
     0.28656     0.95806    -0.00000
    -0.95806     0.28656    -0.00093
    -0.00089     0.00027     1.00000
           0           4           5           4
    15.98454    -4.77043     3.31058
     0.28656     0.95806    -0.00000
    -0.95806     0.28656    -0.00093
    -0.00089     0.00027     1.00000
           0           4           5           5
    15.97678    -4.77557     9.68597
     0.28656     0.95806    -0.00000
    -0.95806     0.28656    -0.00093
    -0.00089     0.00027     1.00000
           0           4           5           6
    15.96905    -4.78070    16.06136
     0.28656     0.95806    -0.00000
    -0.95806     0.28656    -0.00093
    -0.00089     0.00027     1.00000
           0           4           6           1
    17.77815    -1.55580   -15.79136
     0.08876     0.99605    -0.00000
    -0.99605     0.08876    -0.00114
    -0.00114     0.00010     1.00000
           0           4           6           2
    17.77041    -1.56093    -9.41597
     0.08876     0.99605    -0.00000
    -0.99605     0.08876    -0.00114
    -0.00114     0.00010     1.00000
           0           4           6           3
    17.76268    -1.56606    -3.04058
     0.08876     0.99605    -0.00000
    -0.99605     0.08876    -0.00114
    -0.00114     0.00010     1.00000
           0           4           6           4
    17.75493    -1.57119     3.33482
     0.08876     0.99605    -0.00000
    -0.99605     0.08876    -0.00114
    -0.00114     0.00010     1.00000
           0           4           6           5
    17.74718    -1.57632     9.71021
     0.08876     0.99605    -0.00000
    -0.99605     0.08876    -0.00114
    -0.00114     0.00010     1.00000
           0           4           6           6
    17.73944    -1.58145    16.08561
     0.08876     0.99605    -0.00000
    -0.99605     0.08876    -0.00114
    -0.00114     0.00010     1.00000
           0           4           7           1
    15.45224     1.90819   -15.82325
    -0.12103     0.99265    -0.00000
    -0.99265    -0.12103    -0.00131
    -0.00130    -0.00016     1.00000
           0           4           7           2
    15.44448     1.90306    -9.44787
    -0.12103     0.99265    -0.00000
    -0.99265    -0.12103    -0.00131
    -0.00130    -0.00016     1.00000
           0           4           7           3
    15.43674     1.89793    -3.07247
    -0.12103     0.99265    -0.00000
    -0.99265    -0.12103    -0.00131
    -0.00130    -0.00016     1.00000
           0           4           7           4
    15.42900     1.89280     3.30293
    -0.12103     0.99265    -0.00000
    -0.99265    -0.12103    -0.00131
    -0.00130    -0.00016     1.00000
           0           4           7           5
    15.42126     1.88766     9.67832
    -0.12103     0.99265    -0.00000
    -0.99265    -0.12103    -0.00131
    -0.00130    -0.00016     1.00000
           0           4           7           6
    15.41352     1.88253    16.05371
    -0.12103     0.99265    -0.00000
    -0.99265    -0.12103    -0.00131
    -0.00130    -0.00016     1.00000
           0           4           8           1
    15.75930     5.57153   -15.77799
    -0.33229     0.94318    -0.00000
    -0.94318    -0.33229    -0.00142
    -0.00134    -0.00047     1.00000
           0           4           8           2
    15.75155     5.56641    -9.40260
    -0.33229     0.94318    -0.00000
    -0.94318    -0.33229    -0.00142
    -0.00134    -0.00047     1.00000
           0           4           8           3
    15.74382     5.56127    -3.02720
    -0.33229     0.94318    -0.00000
    -0.94318    -0.33229    -0.00142
    -0.00134    -0.00047     1.00000
           0           4           8           4
    15.73608     5.55614     3.34819
    -0.33229     0.94318    -0.00000
    -0.94318    -0.33229    -0.00142
    -0.00134    -0.00047     1.00000
           0           4           8           5
    15.72834     5.55101     9.72359
    -0.33229     0.94318    -0.00000
    -0.94318    -0.33229    -0.00142
    -0.00134    -0.00047     1.00000
           0           4           8           6
    15.72059     5.54589    16.09898
    -0.33229     0.94318    -0.00000
    -0.94318    -0.33229    -0.00142
    -0.00134    -0.00047     1.00000
           0           4           9           1
    15.29889     9.21397   -15.76923
    -0.51534     0.85699    -0.00000
    -0.85699    -0.51534    -0.00146
    -0.00125    -0.00075     1.00000
           0           4           9           2
    15.29115     9.20884    -9.39383
    -0.51534     0.85699    -0.00000
    -0.85699    -0.51534    -0.00146
    -0.00125    -0.00075     1.00000
           0           4           9           3
    15.28341     9.20371    -3.01845
    -0.51534     0.85699    -0.00000
    -0.85699    -0.51534    -0.00146
    -0.00125    -0.00075     1.00000
           0           4           9           4
    15.27568     9.19859     3.35694
    -0.51534     0.85699    -0.00000
    -0.85699    -0.51534    -0.00146
    -0.00125    -0.00075     1.00000
           0           4           9           5
    15.26793     9.19345     9.73234
    -0.51534     0.85699    -0.00000
    -0.85699    -0.51534    -0.00146
    -0.00125    -0.00075     1.00000
           0           4           9           6
    15.26019     9.18832    16.10773
    -0.51534     0.85699    -0.00000
    -0.85699    -0.51534    -0.00146
    -0.00125    -0.00075     1.00000
           0           4          10           1
    11.39380    10.62503   -15.83243
    -0.68174     0.73160    -0.00000
    -0.73160    -0.68174    -0.00144
    -0.00105    -0.00098     1.00000
           0           4          10           2
    11.38605    10.61990    -9.45704
    -0.68174     0.73160    -0.00000
    -0.73160    -0.68174    -0.00144
    -0.00105    -0.00098     1.00000
           0           4          10           3
    11.37831    10.61477    -3.08164
    -0.68174     0.73160    -0.00000
    -0.73160    -0.68174    -0.00144
    -0.00105    -0.00098     1.00000
           0           4          10           4
    11.37057    10.60964     3.29375
    -0.68174     0.73160    -0.00000
    -0.73160    -0.68174    -0.00144
    -0.00105    -0.00098     1.00000
           0           4          10           5
    11.36283    10.60450     9.66915
    -0.68174     0.73160    -0.00000
    -0.73160    -0.68174    -0.00144
    -0.00105    -0.00098     1.00000
           0           4          10           6
    11.35509    10.59938    16.04454
    -0.68174     0.73160    -0.00000
    -0.73160    -0.68174    -0.00144
    -0.00105    -0.00098     1.00000
           0           4          11           1
     9.48355    13.77094   -15.80329
    -0.82366     0.56708    -0.00000
    -0.56708    -0.82366    -0.00135
    -0.00077    -0.00111     1.00000
           0           4          11           2
     9.47582    13.76581    -9.42789
    -0.82366     0.56708    -0.00000
    -0.56708    -0.82366    -0.00135
    -0.00077    -0.00111     1.00000
           0           4          11           3
     9.46808    13.76068    -3.05250
    -0.82366     0.56708    -0.00000
    -0.56708    -0.82366    -0.00135
    -0.00077    -0.00111     1.00000
           0           4          11           4
     9.46033    13.75554     3.32289
    -0.82366     0.56708    -0.00000
    -0.56708    -0.82366    -0.00135
    -0.00077    -0.00111     1.00000
           0           4          11           5
     9.45259    13.75041     9.69829
    -0.82366     0.56708    -0.00000
    -0.56708    -0.82366    -0.00135
    -0.00077    -0.00111     1.00000
           0           4          11           6
     9.44485    13.74529    16.07368
    -0.82366     0.56708    -0.00000
    -0.56708    -0.82366    -0.00135
    -0.00077    -0.00111     1.00000
           0           4          12           1
     6.97950    16.44033   -15.80105
    -0.92067     0.39034    -0.00000
    -0.39034    -0.92067    -0.00122
    -0.00048    -0.00112     1.00000
           0           4          12           2
     6.97176    16.43520    -9.42566
    -0.92067     0.39034    -0.00000
    -0.39034    -0.92067    -0.00122
    -0.00048    -0.00112     1.00000
           0           4          12           3
     6.96402    16.43007    -3.05026
    -0.92067     0.39034    -0.00000
    -0.39034    -0.92067    -0.00122
    -0.00048    -0.00112     1.00000
           0           4          12           4
     6.95628    16.42493     3.32513
    -0.92067     0.39034    -0.00000
    -0.39034    -0.92067    -0.00122
    -0.00048    -0.00112     1.00000
           0           4          12           5
     6.94854    16.41981     9.70051
    -0.92067     0.39034    -0.00000
    -0.39034    -0.92067    -0.00122
    -0.00048    -0.00112     1.00000
           0           4          12           6
     6.94079    16.41468    16.07590
    -0.92067     0.39034    -0.00000
    -0.39034    -0.92067    -0.00122
    -0.00048    -0.00112     1.00000
           0           4          13           1
    -6.97944    16.40523    15.92892
     0.92062     0.39047    -0.00000
     0.39047    -0.92062    -0.00093
    -0.00036     0.00086    -1.00000
           0           4          13           2
    -6.98265    16.41029     9.55351
     0.92062     0.39047    -0.00000
     0.39047    -0.92062    -0.00093
    -0.00036     0.00086    -1.00000
           0           4          13           3
    -6.98584    16.41535     3.17813
     0.92062     0.39047    -0.00000
     0.39047    -0.92062    -0.00093
    -0.00036     0.00086    -1.00000
           0           4          13           4
    -6.98905    16.42039    -3.19727
     0.92062     0.39047    -0.00000
     0.39047    -0.92062    -0.00093
    -0.00036     0.00086    -1.00000
           0           4          13           5
    -6.99225    16.42545    -9.57267
     0.92062     0.39047    -0.00000
     0.39047    -0.92062    -0.00093
    -0.00036     0.00086    -1.00000
           0           4          13           6
    -6.99546    16.43051   -15.94807
     0.92062     0.39047    -0.00000
     0.39047    -0.92062    -0.00093
    -0.00036     0.00086    -1.00000
           0           4          14           1
    -9.38813    13.80042    15.91294
     0.82746     0.56152    -0.00000
     0.56152    -0.82746    -0.00094
    -0.00053     0.00078    -1.00000
           0           4          14           2
    -9.39134    13.80547     9.53753
     0.82746     0.56152    -0.00000
     0.56152    -0.82746    -0.00094
    -0.00053     0.00078    -1.00000
           0           4          14           3
    -9.39454    13.81053     3.16214
     0.82746     0.56152    -0.00000
     0.56152    -0.82746    -0.00094
    -0.00053     0.00078    -1.00000
           0           4          14           4
    -9.39775    13.81558    -3.21325
     0.82746     0.56152    -0.00000
     0.56152    -0.82746    -0.00094
    -0.00053     0.00078    -1.00000
           0           4          14           5
    -9.40095    13.82064    -9.58865
     0.82746     0.56153    -0.00000
     0.56153    -0.82746    -0.00094
    -0.00053     0.00078    -1.00000
           0           4          14           6
    -9.40415    13.82570   -15.96406
     0.82746     0.56153    -0.00000
     0.56153    -0.82746    -0.00094
    -0.00053     0.00078    -1.00000
           0           4          15           1
   -11.26698    10.57521    15.91804
     0.68521     0.72835    -0.00000
     0.72835    -0.68521    -0.00091
    -0.00066     0.00062    -1.00000
           0           4          15           2
   -11.27018    10.58026     9.54263
     0.68521     0.72835    -0.00000
     0.72835    -0.68521    -0.00091
    -0.00066     0.00062    -1.00000
           0           4          15           3
   -11.27338    10.58530     3.16724
     0.68520     0.72835    -0.00000
     0.72835    -0.68520    -0.00091
    -0.00066     0.00062    -1.00000
           0           4          15           4
   -11.27661    10.59034    -3.20816
     0.68520     0.72835    -0.00000
     0.72835    -0.68520    -0.00091
    -0.00066     0.00062    -1.00000
           0           4          15           5
   -11.27981    10.59539    -9.58355
     0.68520     0.72836    -0.00000
     0.72836    -0.68520    -0.00091
    -0.00066     0.00062    -1.00000
           0           4          15           6
   -11.28301    10.60044   -15.95895
     0.68520     0.72836    -0.00000
     0.72836    -0.68520    -0.00091
    -0.00066     0.00062    -1.00000
           0           4          16           1
   -15.28790     9.23627    15.92563
     0.51787     0.85546    -0.00000
     0.85546    -0.51787    -0.00084
    -0.00072     0.00044    -1.00000
           0           4          16           2
   -15.29110     9.24133     9.55022
     0.51787     0.85546    -0.00000
     0.85546    -0.51787    -0.00084
    -0.00072     0.00044    -1.00000
           0           4          16           3
   -15.29428     9.24639     3.17483
     0.51787     0.85546    -0.00000
     0.85546    -0.51787    -0.00084
    -0.00072     0.00044    -1.00000
           0           4          16           4
   -15.29748     9.25143    -3.20057
     0.51787     0.85546    -0.00000
     0.85546    -0.51787    -0.00084
    -0.00072     0.00044    -1.00000
           0           4          16           5
   -15.30068     9.25648    -9.57596
     0.51786     0.85546    -0.00000
     0.85546    -0.51786    -0.00084
    -0.00072     0.00044    -1.00000
           0           4          16           6
   -15.30387     9.26154   -15.95136
     0.51786     0.85546    -0.00000
     0.85546    -0.51786    -0.00084
    -0.00072     0.00044    -1.00000
           0           4          17           1
   -15.75972     5.52970    15.90991
     0.33184     0.94334    -0.00000
     0.94334    -0.33184    -0.00074
    -0.00070     0.00025    -1.00000
           0           4          17           2
   -15.76293     5.53476     9.53452
     0.33184     0.94334    -0.00000
     0.94334    -0.33184    -0.00074
    -0.00070     0.00025    -1.00000
           0           4          17           3
   -15.76612     5.53982     3.15913
     0.33184     0.94334    -0.00000
     0.94334    -0.33184    -0.00074
    -0.00070     0.00025    -1.00000
           0           4          17           4
   -15.76933     5.54486    -3.21627
     0.33184     0.94334    -0.00000
     0.94334    -0.33184    -0.00074
    -0.00070     0.00025    -1.00000
           0           4          17           5
   -15.77253     5.54992    -9.59167
     0.33184     0.94334    -0.00000
     0.94334    -0.33184    -0.00074
    -0.00070     0.00025    -1.00000
           0           4          17           6
   -15.77574     5.55498   -15.96706
     0.33184     0.94334    -0.00000
     0.94334    -0.33184    -0.00074
    -0.00070     0.00025    -1.00000
           0           4          18           1
   -15.45272     1.85019    15.90646
     0.11950     0.99283    -0.00000
     0.99283    -0.11950    -0.00060
    -0.00060     0.00007    -1.00000
           0           4          18           2
   -15.45595     1.85524     9.53106
     0.11950     0.99283    -0.00000
     0.99283    -0.11950    -0.00060
    -0.00060     0.00007    -1.00000
           0           4          18           3
   -15.45914     1.86030     3.15567
     0.11950     0.99283    -0.00000
     0.99283    -0.11950    -0.00060
    -0.00060     0.00007    -1.00000
           0           4          18           4
   -15.46235     1.86535    -3.21973
     0.11950     0.99283    -0.00000
     0.99283    -0.11950    -0.00060
    -0.00060     0.00007    -1.00000
           0           4          18           5
   -15.46556     1.87041    -9.59512
     0.11950     0.99283    -0.00000
     0.99283    -0.11950    -0.00060
    -0.00060     0.00007    -1.00000
           0           4          18           6
   -15.46877     1.87547   -15.97052
     0.11950     0.99283    -0.00000
     0.99283    -0.11950    -0.00060
    -0.00060     0.00007    -1.00000
           0           4          19           1
   -17.87310    -1.59884    15.90049
    -0.08877     0.99605    -0.00000
     0.99605     0.08877    -0.00043
    -0.00043    -0.00004    -1.00000
           0           4          19           2
   -17.87630    -1.59375     9.52508
    -0.08877     0.99605    -0.00000
     0.99605     0.08877    -0.00043
    -0.00043    -0.00004    -1.00000
           0           4          19           3
   -17.87951    -1.58866     3.14969
    -0.08877     0.99605    -0.00000
     0.99605     0.08877    -0.00043
    -0.00043    -0.00004    -1.00000
           0           4          19           4
   -17.88272    -1.58359    -3.22571
    -0.08877     0.99605    -0.00000
     0.99605     0.08877    -0.00043
    -0.00043    -0.00004    -1.00000
           0           4          19           5
   -17.88592    -1.57850    -9.60111
    -0.08877     0.99605    -0.00000
     0.99605     0.08877    -0.00043
    -0.00043    -0.00004    -1.00000
           0           4          19           6
   -17.88913    -1.57340   -15.97651
    -0.08877     0.99605    -0.00000
     0.99605     0.08877    -0.00043
    -0.00043    -0.00004    -1.00000
           0           4          20           1
   -16.02554    -4.82222    15.89918
    -0.28804     0.95762    -0.00000
     0.95762     0.28804    -0.00025
    -0.00024    -0.00007    -1.00000
           0           4          20           2
   -16.02876    -4.81715     9.52378
    -0.28804     0.95762    -0.00000
     0.95762     0.28804    -0.00025
    -0.00024    -0.00007    -1.00000
           0           4          20           3
   -16.03197    -4.81208     3.14839
    -0.28804     0.95762    -0.00000
     0.95762     0.28804    -0.00025
    -0.00024    -0.00007    -1.00000
           0           4          20           4
   -16.03519    -4.80703    -3.22701
    -0.28804     0.95762    -0.00000
     0.95762     0.28804    -0.00025
    -0.00024    -0.00007    -1.00000
           0           4          20           5
   -16.03840    -4.80197    -9.60241
    -0.28804     0.95762    -0.00000
     0.95762     0.28804    -0.00025
    -0.00024    -0.00007    -1.00000
           0           4          20           6
   -16.04161    -4.79690   -15.97780
    -0.28804     0.95762    -0.00000
     0.95762     0.28804    -0.00025
    -0.00024    -0.00007    -1.00000
           0           4          21           1
   -13.55931    -7.57411    15.88792
    -0.48779     0.87296    -0.00000
     0.87296     0.48779    -0.00005
    -0.00004    -0.00002    -1.00000
           0           4          21           2
   -13.56251    -7.56907     9.51251
    -0.48779     0.87296    -0.00000
     0.87296     0.48779    -0.00005
    -0.00004    -0.00002    -1.00000
           0           4          21           3
   -13.56572    -7.56402     3.13712
    -0.48779     0.87296    -0.00000
     0.87296     0.48779    -0.00005
    -0.00004    -0.00002    -1.00000
           0           4          21           4
   -13.56893    -7.55901    -3.23828
    -0.48779     0.87296    -0.00000
     0.87296     0.48779    -0.00005
    -0.00004    -0.00002    -1.00000
           0           4          21           5
   -13.57214    -7.55396    -9.61367
    -0.48779     0.87296    -0.00000
     0.87296     0.48779    -0.00005
    -0.00004    -0.00002    -1.00000
           0           4          21           6
   -13.57534    -7.54892   -15.98907
    -0.48779     0.87296    -0.00000
     0.87296     0.48779    -0.00005
    -0.00004    -0.00002    -1.00000
           0           4          22           1
   -13.46456   -11.79338    15.89967
    -0.65915     0.75201     0.00000
     0.75201     0.65915     0.00014
     0.00011     0.00009    -1.00000
           0           4          22           2
   -13.46779   -11.78831     9.52426
    -0.65915     0.75201     0.00000
     0.75201     0.65915     0.00014
     0.00011     0.00009    -1.00000
           0           4          22           3
   -13.47102   -11.78325     3.14887
    -0.65915     0.75201     0.00000
     0.75201     0.65915     0.00014
     0.00011     0.00009    -1.00000
           0           4          22           4
   -13.47424   -11.77820    -3.22652
    -0.65915     0.75201     0.00000
     0.75201     0.65915     0.00014
     0.00011     0.00009    -1.00000
           0           4          22           5
   -13.47745   -11.77314    -9.60192
    -0.65915     0.75201     0.00000
     0.75201     0.65915     0.00014
     0.00011     0.00009    -1.00000
           0           4          22           6
   -13.48068   -11.76806   -15.97732
    -0.65915     0.75201     0.00000
     0.75201     0.65915     0.00014
     0.00011     0.00009    -1.00000
           0           4          23           1
   -10.13857   -13.29755    15.90365
    -0.79558     0.60585     0.00000
     0.60585     0.79558     0.00032
     0.00019     0.00025    -1.00000
           0           4          23           2
   -10.14179   -13.29249     9.52824
    -0.79558     0.60585     0.00000
     0.60585     0.79558     0.00032
     0.00019     0.00025    -1.00000
           0           4          23           3
   -10.14499   -13.28743     3.15285
    -0.79558     0.60585     0.00000
     0.60585     0.79558     0.00032
     0.00019     0.00025    -1.00000
           0           4          23           4
   -10.14820   -13.28237    -3.22254
    -0.79558     0.60585     0.00000
     0.60585     0.79558     0.00032
     0.00019     0.00025    -1.00000
           0           4          23           5
   -10.15142   -13.27731    -9.59794
    -0.79558     0.60585     0.00000
     0.60585     0.79558     0.00032
     0.00019     0.00025    -1.00000
           0           4          23           6
   -10.15462   -13.27224   -15.97334
    -0.79558     0.60585     0.00000
     0.60585     0.79558     0.00032
     0.00019     0.00025    -1.00000
           0           4          24           1
    -6.54856   -14.11544    15.88971
    -0.90750     0.42006     0.00000
     0.42006     0.90750     0.00051
     0.00021     0.00046    -1.00000
           0           4          24           2
    -6.55177   -14.11038     9.51430
    -0.90750     0.42006     0.00000
     0.42006     0.90750     0.00051
     0.00021     0.00046    -1.00000
           0           4          24           3
    -6.55496   -14.10532     3.13891
    -0.90750     0.42006     0.00000
     0.42006     0.90750     0.00051
     0.00021     0.00046    -1.00000
           0           4          24           4
    -6.55817   -14.10027    -3.23649
    -0.90750     0.42006     0.00000
     0.42006     0.90750     0.00051
     0.00021     0.00046    -1.00000
           0           4          24           5
    -6.56138   -14.09521    -9.61188
    -0.90750     0.42006     0.00000
     0.42006     0.90750     0.00051
     0.00021     0.00046    -1.00000
           0           4          24           6
    -6.56458   -14.09015   -15.98728
    -0.90750     0.42006     0.00000
     0.42006     0.90750     0.00051
     0.00021     0.00046    -1.00000
