 SVX cage parameters:
     2.20000
     0.50000     0.20000
     0.00000
           6
   -40.00000   -26.50000   -26.50000    26.50000    26.50000    40.00000
    53.00000    53.00000    22.00000    22.00000    53.00000    53.00000
     0.00000     0.00000     0.00000
 SVX barrel parameters:
           4
     2.63000     5.13000    11.76500    16.68700     1.21400
     0.00000     0.00000     0.00000     0.00000
           4           4           5           6
     0.69600     0.69600     1.74500     1.74500
     0.01000     0.01000     0.03125     0.03125
     2.83600     2.83600     3.18770     3.18770
     0.01900     0.01900     0.00000     0.00000
     0.02000     0.02000     0.00000     0.00000
    26.70000    13.60000    17.00000    12.00000
   -13.00000   -13.02000     0.00000     0.00000
           2
           5           5
     0.00000   180.00000
           2
          10          10
     0.00000   180.00000
           2
           8           8
     0.00000   180.00000
           2
          12          12
     0.00000   180.00000
 SVX barrel sensor rotation matrices and translation vectors:
           0           1           1           1
     1.63122    -2.06301     8.53800
     0.62381     0.78158    -0.00000
    -0.78158     0.62381    -0.00000
    -0.00000     0.00000     1.00000
           0           1           1           2
     1.63122    -2.06301     2.84600
     0.62381     0.78158    -0.00000
    -0.78158     0.62381    -0.00000
    -0.00000     0.00000     1.00000
           0           1           1           3
     1.63122    -2.06301    -2.84600
     0.62381     0.78158    -0.00000
    -0.78158     0.62381    -0.00000
    -0.00000     0.00000     1.00000
           0           1           1           4
     1.63122    -2.06301    -8.53800
     0.62381     0.78158    -0.00000
    -0.78158     0.62381    -0.00000
    -0.00000     0.00000     1.00000
           0           1           2           1
     2.35313    -1.17461     8.53770
     0.23268     0.97255    -0.00000
    -0.97255     0.23268    -0.00000
     0.00000     0.00000     1.00000
           0           1           2           2
     2.35313    -1.17461     2.84570
     0.23268     0.97255    -0.00000
    -0.97255     0.23268    -0.00000
     0.00000     0.00000     1.00000
           0           1           2           3
     2.35313    -1.17461    -2.84630
     0.23268     0.97255    -0.00000
    -0.97255     0.23268    -0.00000
     0.00000     0.00000     1.00000
           0           1           2           4
     2.35313    -1.17461    -8.53830
     0.23268     0.97255    -0.00000
    -0.97255     0.23268    -0.00000
     0.00000     0.00000     1.00000
           0           1           3           1
     2.62999    -0.00910     8.53996
    -0.22281     0.97486     0.00000
    -0.97486    -0.22281     0.00000
     0.00000     0.00000     1.00000
           0           1           3           2
     2.62999    -0.00910     2.84796
    -0.22281     0.97486     0.00000
    -0.97486    -0.22281     0.00000
     0.00000     0.00000     1.00000
           0           1           3           3
     2.62999    -0.00910    -2.84404
    -0.22281     0.97486     0.00000
    -0.97486    -0.22281     0.00000
     0.00000     0.00000     1.00000
           0           1           3           4
     2.62999    -0.00910    -8.53604
    -0.22281     0.97486     0.00000
    -0.97486    -0.22281     0.00000
     0.00000     0.00000     1.00000
           0           1           4           1
     2.35690     1.16701     8.53981
    -0.63492     0.77258     0.00000
    -0.77258    -0.63492     0.00000
     0.00000     0.00000     1.00000
           0           1           4           2
     2.35690     1.16701     2.84781
    -0.63492     0.77258     0.00000
    -0.77258    -0.63492     0.00000
     0.00000     0.00000     1.00000
           0           1           4           3
     2.35690     1.16701    -2.84419
    -0.63492     0.77258     0.00000
    -0.77258    -0.63492     0.00000
     0.00000     0.00000     1.00000
           0           1           4           4
     2.35690     1.16701    -8.53619
    -0.63492     0.77258     0.00000
    -0.77258    -0.63492     0.00000
     0.00000     0.00000     1.00000
           0           1           5           1
     1.58974     2.09516     8.53652
    -0.91271     0.40862     0.00000
    -0.40862    -0.91271     0.00000
     0.00000     0.00000     1.00000
           0           1           5           2
     1.58974     2.09516     2.84451
    -0.91271     0.40862     0.00000
    -0.40862    -0.91271     0.00000
     0.00000     0.00000     1.00000
           0           1           5           3
     1.58974     2.09516    -2.84749
    -0.91271     0.40862     0.00000
    -0.40862    -0.91271     0.00000
     0.00000     0.00000     1.00000
           0           1           5           4
     1.58974     2.09516    -8.53949
    -0.91271     0.40862     0.00000
    -0.40862    -0.91271     0.00000
     0.00000     0.00000     1.00000
           0           1           6           1
    -1.55396     2.12182    -8.54225
     0.91951     0.39307     0.00000
     0.39307    -0.91951     0.00000
     0.00000    -0.00000    -1.00000
           0           1           6           2
    -1.55396     2.12182    -2.85025
     0.91951     0.39307     0.00000
     0.39307    -0.91951     0.00000
     0.00000    -0.00000    -1.00000
           0           1           6           3
    -1.55396     2.12182     2.84175
     0.91951     0.39307     0.00000
     0.39307    -0.91951     0.00000
     0.00000    -0.00000    -1.00000
           0           1           6           4
    -1.55396     2.12182     8.53375
     0.91951     0.39307     0.00000
     0.39307    -0.91951     0.00000
     0.00000    -0.00000    -1.00000
           0           1           7           1
    -2.33704     1.20631    -8.53886
     0.64777     0.76184    -0.00000
     0.76184    -0.64777    -0.00000
    -0.00000     0.00000    -1.00000
           0           1           7           2
    -2.33704     1.20631    -2.84686
     0.64777     0.76184    -0.00000
     0.76184    -0.64777    -0.00000
    -0.00000     0.00000    -1.00000
           0           1           7           3
    -2.33704     1.20631     2.84514
     0.64777     0.76184    -0.00000
     0.76184    -0.64777    -0.00000
    -0.00000     0.00000    -1.00000
           0           1           7           4
    -2.33704     1.20631     8.53714
     0.64777     0.76184    -0.00000
     0.76184    -0.64777    -0.00000
    -0.00000     0.00000    -1.00000
           0           1           8           1
    -2.62994     0.01920    -8.54132
     0.23328     0.97241    -0.00000
     0.97241    -0.23328    -0.00000
    -0.00000     0.00000    -1.00000
           0           1           8           2
    -2.62993     0.01920    -2.84932
     0.23328     0.97241    -0.00000
     0.97241    -0.23328    -0.00000
    -0.00000     0.00000    -1.00000
           0           1           8           3
    -2.62993     0.01920     2.84268
     0.23328     0.97241    -0.00000
     0.97241    -0.23328    -0.00000
    -0.00000     0.00000    -1.00000
           0           1           8           4
    -2.62993     0.01920     8.53468
     0.23328     0.97241    -0.00000
     0.97241    -0.23328    -0.00000
    -0.00000     0.00000    -1.00000
           0           1           9           1
    -2.35059    -1.17967    -8.53961
    -0.23477     0.97205    -0.00000
     0.97205     0.23477    -0.00000
    -0.00000    -0.00000    -1.00000
           0           1           9           2
    -2.35059    -1.17967    -2.84761
    -0.23477     0.97205    -0.00000
     0.97205     0.23477    -0.00000
    -0.00000    -0.00000    -1.00000
           0           1           9           3
    -2.35059    -1.17967     2.84439
    -0.23477     0.97205    -0.00000
     0.97205     0.23477    -0.00000
    -0.00000    -0.00000    -1.00000
           0           1           9           4
    -2.35059    -1.17967     8.53639
    -0.23477     0.97205    -0.00000
     0.97205     0.23477    -0.00000
    -0.00000    -0.00000    -1.00000
           0           1          10           1
    -1.54300    -2.12980    -8.54066
    -0.65613     0.75465    -0.00000
     0.75465     0.65613    -0.00000
    -0.00000    -0.00000    -1.00000
           0           1          10           2
    -1.54300    -2.12980    -2.84866
    -0.65613     0.75465    -0.00000
     0.75465     0.65613    -0.00000
    -0.00000    -0.00000    -1.00000
           0           1          10           3
    -1.54300    -2.12980     2.84334
    -0.65613     0.75465    -0.00000
     0.75465     0.65613    -0.00000
    -0.00000    -0.00000    -1.00000
           0           1          10           4
    -1.54300    -2.12980     8.53534
    -0.65613     0.75465    -0.00000
     0.75465     0.65613    -0.00000
    -0.00000    -0.00000    -1.00000
           0           2           1           1
     2.46769    -4.49749     8.53682
     0.74537     0.66666    -0.00000
    -0.66666     0.74537    -0.00000
    -0.00000     0.00000     1.00000
           0           2           1           2
     2.46769    -4.49749     2.84482
     0.74537     0.66666    -0.00000
    -0.66666     0.74537    -0.00000
    -0.00000     0.00000     1.00000
           0           2           1           3
     2.46769    -4.49749    -2.84718
     0.74537     0.66666    -0.00000
    -0.66666     0.74537    -0.00000
    -0.00000     0.00000     1.00000
           0           2           1           4
     2.46769    -4.49749    -8.53918
     0.74537     0.66666    -0.00000
    -0.66666     0.74537    -0.00000
    -0.00000     0.00000     1.00000
           0           2           2           1
     3.44684    -3.79950     8.53520
     0.56970     0.82185    -0.00000
    -0.82185     0.56970    -0.00000
     0.00000     0.00000     1.00000
           0           2           2           2
     3.44684    -3.79950     2.84320
     0.56970     0.82185    -0.00000
    -0.82185     0.56970    -0.00000
     0.00000     0.00000     1.00000
           0           2           2           3
     3.44684    -3.79950    -2.84880
     0.56970     0.82185    -0.00000
    -0.82185     0.56970    -0.00000
     0.00000     0.00000     1.00000
           0           2           2           4
     3.44684    -3.79950    -8.54080
     0.56970     0.82185    -0.00000
    -0.82185     0.56970    -0.00000
     0.00000     0.00000     1.00000
           0           2           3           1
     4.23547    -2.89444     8.53684
     0.36310     0.93175    -0.00000
    -0.93175     0.36310    -0.00000
     0.00000     0.00000     1.00000
           0           2           3           2
     4.23547    -2.89444     2.84484
     0.36310     0.93175    -0.00000
    -0.93175     0.36310    -0.00000
     0.00000     0.00000     1.00000
           0           2           3           3
     4.23547    -2.89444    -2.84716
     0.36310     0.93175    -0.00000
    -0.93175     0.36310    -0.00000
     0.00000     0.00000     1.00000
           0           2           3           4
     4.23547    -2.89444    -8.53916
     0.36310     0.93175    -0.00000
    -0.93175     0.36310    -0.00000
     0.00000     0.00000     1.00000
           0           2           4           1
     4.80456    -1.79810     8.54056
     0.12986     0.99153    -0.00000
    -0.99153     0.12986    -0.00000
    -0.00000     0.00000     1.00000
           0           2           4           2
     4.80456    -1.79810     2.84856
     0.12986     0.99153    -0.00000
    -0.99153     0.12986    -0.00000
    -0.00000     0.00000     1.00000
           0           2           4           3
     4.80456    -1.79810    -2.84344
     0.12986     0.99153    -0.00000
    -0.99153     0.12986    -0.00000
    -0.00000     0.00000     1.00000
           0           2           4           4
     4.80456    -1.79810    -8.53544
     0.12986     0.99153    -0.00000
    -0.99153     0.12986    -0.00000
    -0.00000     0.00000     1.00000
           0           2           5           1
     5.09227    -0.62101     8.54247
    -0.10633     0.99433     0.00000
    -0.99433    -0.10633     0.00000
     0.00000     0.00000     1.00000
           0           2           5           2
     5.09227    -0.62101     2.85047
    -0.10633     0.99433     0.00000
    -0.99433    -0.10633     0.00000
     0.00000     0.00000     1.00000
           0           2           5           3
     5.09227    -0.62101    -2.84153
    -0.10633     0.99433     0.00000
    -0.99433    -0.10633     0.00000
     0.00000     0.00000     1.00000
           0           2           5           4
     5.09227    -0.62101    -8.53353
    -0.10633     0.99433     0.00000
    -0.99433    -0.10633     0.00000
     0.00000     0.00000     1.00000
           0           2           6           1
     5.09585     0.59095     8.54188
    -0.33663     0.94164     0.00000
    -0.94164    -0.33663     0.00000
     0.00000     0.00000     1.00000
           0           2           6           2
     5.09585     0.59095     2.84988
    -0.33663     0.94164     0.00000
    -0.94164    -0.33663     0.00000
     0.00000     0.00000     1.00000
           0           2           6           3
     5.09585     0.59095    -2.84212
    -0.33663     0.94164     0.00000
    -0.94164    -0.33663     0.00000
     0.00000     0.00000     1.00000
           0           2           6           4
     5.09585     0.59095    -8.53412
    -0.33663     0.94164     0.00000
    -0.94164    -0.33663     0.00000
     0.00000     0.00000     1.00000
           0           2           7           1
     4.81295     1.77550     8.54259
    -0.54911     0.83575     0.00000
    -0.83575    -0.54911     0.00000
     0.00000     0.00000     1.00000
           0           2           7           2
     4.81295     1.77550     2.85059
    -0.54911     0.83575     0.00000
    -0.83575    -0.54911     0.00000
     0.00000     0.00000     1.00000
           0           2           7           3
     4.81295     1.77550    -2.84141
    -0.54911     0.83575     0.00000
    -0.83575    -0.54911     0.00000
     0.00000     0.00000     1.00000
           0           2           7           4
     4.81295     1.77550    -8.53341
    -0.54911     0.83575     0.00000
    -0.83575    -0.54911     0.00000
     0.00000     0.00000     1.00000
           0           2           8           1
     4.24832     2.87552     8.54043
    -0.73314     0.68008     0.00000
    -0.68008    -0.73314     0.00000
     0.00000     0.00000     1.00000
           0           2           8           2
     4.24832     2.87552     2.84843
    -0.73314     0.68008     0.00000
    -0.68008    -0.73314     0.00000
     0.00000     0.00000     1.00000
           0           2           8           3
     4.24832     2.87552    -2.84357
    -0.73314     0.68008     0.00000
    -0.68008    -0.73314     0.00000
     0.00000     0.00000     1.00000
           0           2           8           4
     4.24832     2.87552    -8.53557
    -0.73314     0.68008     0.00000
    -0.68008    -0.73314     0.00000
     0.00000     0.00000     1.00000
           0           2           9           1
     3.44835     3.79813     8.53780
    -0.87309     0.48755     0.00000
    -0.48755    -0.87309     0.00000
     0.00000     0.00000     1.00000
           0           2           9           2
     3.44835     3.79813     2.84580
    -0.87309     0.48755     0.00000
    -0.48755    -0.87309     0.00000
     0.00000     0.00000     1.00000
           0           2           9           3
     3.44835     3.79813    -2.84620
    -0.87309     0.48755     0.00000
    -0.48755    -0.87309     0.00000
     0.00000     0.00000     1.00000
           0           2           9           4
     3.44835     3.79813    -8.53820
    -0.87309     0.48755     0.00000
    -0.48755    -0.87309     0.00000
     0.00000     0.00000     1.00000
           0           2          10           1
     2.42333     4.52155     8.53369
    -0.96533     0.26104     0.00000
    -0.26104    -0.96533     0.00000
     0.00000     0.00000     1.00000
           0           2          10           2
     2.42333     4.52155     2.84169
    -0.96533     0.26104     0.00000
    -0.26104    -0.96533     0.00000
     0.00000     0.00000     1.00000
           0           2          10           3
     2.42333     4.52155    -2.85031
    -0.96533     0.26104     0.00000
    -0.26104    -0.96533     0.00000
     0.00000     0.00000     1.00000
           0           2          10           4
     2.42333     4.52155    -8.54231
    -0.96533     0.26104     0.00000
    -0.26104    -0.96533     0.00000
     0.00000     0.00000     1.00000
           0           2          11           1
    -2.49071     4.48479    -8.54195
     0.96131     0.27545     0.00000
     0.27545    -0.96131     0.00000
     0.00000    -0.00000    -1.00000
           0           2          11           2
    -2.49071     4.48479    -2.84995
     0.96131     0.27545     0.00000
     0.27545    -0.96131     0.00000
     0.00000    -0.00000    -1.00000
           0           2          11           3
    -2.49071     4.48479     2.84205
     0.96131     0.27545     0.00000
     0.27545    -0.96131     0.00000
     0.00000    -0.00000    -1.00000
           0           2          11           4
    -2.49071     4.48479     8.53405
     0.96131     0.27545     0.00000
     0.27545    -0.96131     0.00000
     0.00000    -0.00000    -1.00000
           0           2          12           1
    -3.45918     3.78827    -8.53800
     0.87170     0.49004     0.00000
     0.49004    -0.87170     0.00000
     0.00000    -0.00000    -1.00000
           0           2          12           2
    -3.45918     3.78827    -2.84600
     0.87170     0.49004     0.00000
     0.49004    -0.87170     0.00000
     0.00000    -0.00000    -1.00000
           0           2          12           3
    -3.45918     3.78827     2.84600
     0.87170     0.49004     0.00000
     0.49004    -0.87170     0.00000
     0.00000    -0.00000    -1.00000
           0           2          12           4
    -3.45918     3.78827     8.53800
     0.87170     0.49004     0.00000
     0.49004    -0.87170     0.00000
     0.00000    -0.00000    -1.00000
           0           2          13           1
    -4.26205     2.85514    -8.53982
     0.72987     0.68359     0.00000
     0.68359    -0.72987     0.00000
     0.00000    -0.00000    -1.00000
           0           2          13           2
    -4.26205     2.85514    -2.84782
     0.72987     0.68359     0.00000
     0.68359    -0.72987     0.00000
     0.00000    -0.00000    -1.00000
           0           2          13           3
    -4.26205     2.85514     2.84418
     0.72987     0.68359     0.00000
     0.68359    -0.72987     0.00000
     0.00000    -0.00000    -1.00000
           0           2          13           4
    -4.26205     2.85514     8.53618
     0.72987     0.68359     0.00000
     0.68359    -0.72987     0.00000
     0.00000    -0.00000    -1.00000
           0           2          14           1
    -4.80557     1.79540    -8.53490
     0.55256     0.83347    -0.00000
     0.83347    -0.55256    -0.00000
    -0.00000     0.00000    -1.00000
           0           2          14           2
    -4.80557     1.79540    -2.84290
     0.55256     0.83347    -0.00000
     0.83347    -0.55256    -0.00000
    -0.00000     0.00000    -1.00000
           0           2          14           3
    -4.80557     1.79540     2.84910
     0.55256     0.83347    -0.00000
     0.83347    -0.55256    -0.00000
    -0.00000     0.00000    -1.00000
           0           2          14           4
    -4.80557     1.79540     8.54110
     0.55256     0.83347    -0.00000
     0.83347    -0.55256    -0.00000
    -0.00000     0.00000    -1.00000
           0           2          15           1
    -5.09382     0.60822    -8.53783
     0.33982     0.94049    -0.00000
     0.94049    -0.33982    -0.00000
    -0.00000     0.00000    -1.00000
           0           2          15           2
    -5.09382     0.60822    -2.84583
     0.33982     0.94049    -0.00000
     0.94049    -0.33982    -0.00000
    -0.00000     0.00000    -1.00000
           0           2          15           3
    -5.09382     0.60822     2.84617
     0.33982     0.94049    -0.00000
     0.94049    -0.33982    -0.00000
    -0.00000     0.00000    -1.00000
           0           2          15           4
    -5.09382     0.60822     8.53817
     0.33982     0.94049    -0.00000
     0.94049    -0.33982    -0.00000
    -0.00000     0.00000    -1.00000
           0           2          16           1
    -5.09487    -0.59936    -8.53639
     0.11057     0.99387    -0.00000
     0.99387    -0.11057    -0.00000
    -0.00000     0.00000    -1.00000
           0           2          16           2
    -5.09487    -0.59936    -2.84439
     0.11057     0.99387    -0.00000
     0.99387    -0.11057    -0.00000
    -0.00000     0.00000    -1.00000
           0           2          16           3
    -5.09487    -0.59936     2.84761
     0.11057     0.99387    -0.00000
     0.99387    -0.11057    -0.00000
    -0.00000     0.00000    -1.00000
           0           2          16           4
    -5.09487    -0.59936     8.53961
     0.11057     0.99387    -0.00000
     0.99387    -0.11057    -0.00000
    -0.00000     0.00000    -1.00000
           0           2          17           1
    -4.80916    -1.78575    -8.53674
    -0.12731     0.99186    -0.00000
     0.99186     0.12731    -0.00000
    -0.00000    -0.00000    -1.00000
           0           2          17           2
    -4.80916    -1.78575    -2.84474
    -0.12731     0.99186    -0.00000
     0.99186     0.12731    -0.00000
    -0.00000    -0.00000    -1.00000
           0           2          17           3
    -4.80916    -1.78575     2.84726
    -0.12731     0.99186    -0.00000
     0.99186     0.12731    -0.00000
    -0.00000    -0.00000    -1.00000
           0           2          17           4
    -4.80916    -1.78575     8.53926
    -0.12731     0.99186    -0.00000
     0.99186     0.12731    -0.00000
    -0.00000    -0.00000    -1.00000
           0           2          18           1
    -4.25527    -2.86524    -8.53833
    -0.35669     0.93422    -0.00000
     0.93422     0.35669    -0.00000
    -0.00000    -0.00000    -1.00000
           0           2          18           2
    -4.25527    -2.86524    -2.84633
    -0.35669     0.93422    -0.00000
     0.93422     0.35669    -0.00000
    -0.00000    -0.00000    -1.00000
           0           2          18           3
    -4.25527    -2.86524     2.84567
    -0.35669     0.93422    -0.00000
     0.93422     0.35669    -0.00000
    -0.00000    -0.00000    -1.00000
           0           2          18           4
    -4.25527    -2.86524     8.53767
    -0.35669     0.93422    -0.00000
     0.93422     0.35669    -0.00000
    -0.00000    -0.00000    -1.00000
           0           2          19           1
    -3.46053    -3.78704    -8.53876
    -0.56673     0.82390    -0.00000
     0.82390     0.56673    -0.00000
    -0.00000    -0.00000    -1.00000
           0           2          19           2
    -3.46053    -3.78704    -2.84676
    -0.56673     0.82390    -0.00000
     0.82390     0.56673    -0.00000
    -0.00000    -0.00000    -1.00000
           0           2          19           3
    -3.46053    -3.78704     2.84524
    -0.56673     0.82390    -0.00000
     0.82390     0.56673    -0.00000
    -0.00000    -0.00000    -1.00000
           0           2          19           4
    -3.46053    -3.78704     8.53724
    -0.56673     0.82390    -0.00000
     0.82390     0.56673    -0.00000
    -0.00000    -0.00000    -1.00000
           0           2          20           1
    -2.46284    -4.50014    -8.53982
    -0.74608     0.66586    -0.00000
     0.66586     0.74608    -0.00000
    -0.00000    -0.00000    -1.00000
           0           2          20           2
    -2.46284    -4.50014    -2.84783
    -0.74608     0.66586    -0.00000
     0.66586     0.74608    -0.00000
    -0.00000    -0.00000    -1.00000
           0           2          20           3
    -2.46284    -4.50014     2.84417
    -0.74608     0.66586    -0.00000
     0.66586     0.74608    -0.00000
    -0.00000    -0.00000    -1.00000
           0           2          20           4
    -2.46284    -4.50014     8.53618
    -0.74608     0.66586    -0.00000
     0.66586     0.74608    -0.00000
    -0.00000    -0.00000    -1.00000
           0           3           1           1
     5.61550   -10.33834    12.74964
    -0.87874    -0.47731    -0.00000
    -0.47731     0.87874    -0.00000
     0.00000    -0.00000    -1.00000
           0           3           1           2
     5.61550   -10.33834     6.37424
    -0.87874    -0.47731    -0.00000
    -0.47731     0.87874    -0.00000
     0.00000    -0.00000    -1.00000
           0           3           1           3
     5.61550   -10.33834    -0.00116
    -0.87874    -0.47731    -0.00000
    -0.47731     0.87874    -0.00000
     0.00000    -0.00000    -1.00000
           0           3           1           4
     5.61550   -10.33834    -6.37656
    -0.87874    -0.47731    -0.00000
    -0.47731     0.87874    -0.00000
     0.00000    -0.00000    -1.00000
           0           3           1           5
     5.61550   -10.33834   -12.75196
    -0.87874    -0.47731    -0.00000
    -0.47731     0.87874    -0.00000
     0.00000    -0.00000    -1.00000
           0           3           2           1
     7.50938    -7.13715    12.74603
    -0.68892    -0.72484     0.00000
    -0.72484     0.68892     0.00000
    -0.00000     0.00000    -1.00000
           0           3           2           2
     7.50938    -7.13715     6.37063
    -0.68892    -0.72484     0.00000
    -0.72484     0.68892     0.00000
    -0.00000     0.00000    -1.00000
           0           3           2           3
     7.50938    -7.13715    -0.00477
    -0.68892    -0.72484     0.00000
    -0.72484     0.68892     0.00000
    -0.00000     0.00000    -1.00000
           0           3           2           4
     7.50938    -7.13715    -6.38017
    -0.68892    -0.72484     0.00000
    -0.72484     0.68892     0.00000
    -0.00000     0.00000    -1.00000
           0           3           2           5
     7.50938    -7.13715   -12.75557
    -0.68892    -0.72484     0.00000
    -0.72484     0.68892     0.00000
    -0.00000     0.00000    -1.00000
           0           3           3           1
    11.53375    -5.66073    12.74994
    -0.44059    -0.89771     0.00000
    -0.89771     0.44059     0.00000
    -0.00000     0.00000    -1.00000
           0           3           3           2
    11.53375    -5.66073     6.37455
    -0.44059    -0.89771     0.00000
    -0.89771     0.44059     0.00000
    -0.00000     0.00000    -1.00000
           0           3           3           3
    11.53375    -5.66073    -0.00085
    -0.44059    -0.89771     0.00000
    -0.89771     0.44059     0.00000
    -0.00000     0.00000    -1.00000
           0           3           3           4
    11.53375    -5.66073    -6.37625
    -0.44059    -0.89771     0.00000
    -0.89771     0.44059     0.00000
    -0.00000     0.00000    -1.00000
           0           3           3           5
    11.53375    -5.66073   -12.75166
    -0.44059    -0.89771     0.00000
    -0.89771     0.44059     0.00000
    -0.00000     0.00000    -1.00000
           0           3           4           1
    11.58035    -2.07624    12.74667
    -0.17648    -0.98430     0.00000
    -0.98430     0.17648     0.00000
    -0.00000     0.00000    -1.00000
           0           3           4           2
    11.58035    -2.07624     6.37127
    -0.17648    -0.98430     0.00000
    -0.98430     0.17648     0.00000
    -0.00000     0.00000    -1.00000
           0           3           4           3
    11.58035    -2.07624    -0.00413
    -0.17648    -0.98430     0.00000
    -0.98430     0.17648     0.00000
    -0.00000     0.00000    -1.00000
           0           3           4           4
    11.58035    -2.07624    -6.37953
    -0.17648    -0.98430     0.00000
    -0.98430     0.17648     0.00000
    -0.00000     0.00000    -1.00000
           0           3           4           5
    11.58035    -2.07624   -12.75493
    -0.17648    -0.98430     0.00000
    -0.98430     0.17648     0.00000
    -0.00000     0.00000    -1.00000
           0           3           5           1
    10.26269     1.41665    12.74477
     0.13674    -0.99061     0.00000
    -0.99061    -0.13674     0.00000
    -0.00000    -0.00000    -1.00000
           0           3           5           2
    10.26269     1.41665     6.36937
     0.13674    -0.99061     0.00000
    -0.99061    -0.13674     0.00000
    -0.00000    -0.00000    -1.00000
           0           3           5           3
    10.26269     1.41665    -0.00603
     0.13674    -0.99061     0.00000
    -0.99061    -0.13674     0.00000
    -0.00000    -0.00000    -1.00000
           0           3           5           4
    10.26269     1.41665    -6.38143
     0.13674    -0.99061     0.00000
    -0.99061    -0.13674     0.00000
    -0.00000    -0.00000    -1.00000
           0           3           5           5
    10.26269     1.41665   -12.75683
     0.13674    -0.99061     0.00000
    -0.99061    -0.13674     0.00000
    -0.00000    -0.00000    -1.00000
           0           3           6           1
    11.63716     5.44496    12.75055
     0.42380    -0.90576     0.00000
    -0.90576    -0.42380     0.00000
    -0.00000    -0.00000    -1.00000
           0           3           6           2
    11.63716     5.44496     6.37515
     0.42380    -0.90576     0.00000
    -0.90576    -0.42380     0.00000
    -0.00000    -0.00000    -1.00000
           0           3           6           3
    11.63716     5.44496    -0.00025
     0.42380    -0.90576     0.00000
    -0.90576    -0.42380     0.00000
    -0.00000    -0.00000    -1.00000
           0           3           6           4
    11.63716     5.44496    -6.37565
     0.42380    -0.90576     0.00000
    -0.90576    -0.42380     0.00000
    -0.00000    -0.00000    -1.00000
           0           3           6           5
    11.63716     5.44496   -12.75105
     0.42380    -0.90576     0.00000
    -0.90576    -0.42380     0.00000
    -0.00000    -0.00000    -1.00000
           0           3           7           1
     8.87333     7.72523    12.75212
     0.65663    -0.75422     0.00000
    -0.75422    -0.65663     0.00000
    -0.00000    -0.00000    -1.00000
           0           3           7           2
     8.87333     7.72523     6.37672
     0.65663    -0.75422     0.00000
    -0.75422    -0.65663     0.00000
    -0.00000    -0.00000    -1.00000
           0           3           7           3
     8.87333     7.72523     0.00132
     0.65663    -0.75422     0.00000
    -0.75422    -0.65663     0.00000
    -0.00000    -0.00000    -1.00000
           0           3           7           4
     8.87333     7.72523    -6.37408
     0.65663    -0.75422     0.00000
    -0.75422    -0.65663     0.00000
    -0.00000    -0.00000    -1.00000
           0           3           7           5
     8.87333     7.72523   -12.74948
     0.65663    -0.75422     0.00000
    -0.75422    -0.65663     0.00000
    -0.00000    -0.00000    -1.00000
           0           3           8           1
     5.29470     8.90482    12.74490
     0.85954    -0.51107     0.00000
    -0.51107    -0.85954     0.00000
    -0.00000    -0.00000    -1.00000
           0           3           8           2
     5.29470     8.90482     6.36950
     0.85954    -0.51107     0.00000
    -0.51107    -0.85954     0.00000
    -0.00000    -0.00000    -1.00000
           0           3           8           3
     5.29470     8.90482    -0.00590
     0.85954    -0.51107     0.00000
    -0.51107    -0.85954     0.00000
    -0.00000    -0.00000    -1.00000
           0           3           8           4
     5.29470     8.90482    -6.38130
     0.85954    -0.51107     0.00000
    -0.51107    -0.85954     0.00000
    -0.00000    -0.00000    -1.00000
           0           3           8           5
     5.29470     8.90482   -12.75670
     0.85954    -0.51107     0.00000
    -0.51107    -0.85954     0.00000
    -0.00000    -0.00000    -1.00000
           0           3           9           1
    -5.34116     8.87703   -12.74601
    -0.85685    -0.51556    -0.00000
     0.51556    -0.85685    -0.00000
     0.00000     0.00000     1.00000
           0           3           9           2
    -5.34116     8.87703    -6.37061
    -0.85685    -0.51556    -0.00000
     0.51556    -0.85685    -0.00000
     0.00000     0.00000     1.00000
           0           3           9           3
    -5.34116     8.87703     0.00479
    -0.85685    -0.51556    -0.00000
     0.51556    -0.85685    -0.00000
     0.00000     0.00000     1.00000
           0           3           9           4
    -5.34116     8.87703     6.38019
    -0.85685    -0.51556    -0.00000
     0.51556    -0.85685    -0.00000
     0.00000     0.00000     1.00000
           0           3           9           5
    -5.34116     8.87703    12.75559
    -0.85685    -0.51556    -0.00000
     0.51556    -0.85685    -0.00000
     0.00000     0.00000     1.00000
           0           3          10           1
    -8.86395     7.73599   -12.74993
    -0.65755    -0.75341    -0.00000
     0.75341    -0.65755    -0.00000
     0.00000     0.00000     1.00000
           0           3          10           2
    -8.86395     7.73599    -6.37453
    -0.65755    -0.75341    -0.00000
     0.75341    -0.65755    -0.00000
     0.00000     0.00000     1.00000
           0           3          10           3
    -8.86395     7.73599     0.00087
    -0.65755    -0.75341    -0.00000
     0.75341    -0.65755    -0.00000
     0.00000     0.00000     1.00000
           0           3          10           4
    -8.86395     7.73599     6.37627
    -0.65755    -0.75341    -0.00000
     0.75341    -0.65755    -0.00000
     0.00000     0.00000     1.00000
           0           3          10           5
    -8.86395     7.73599    12.75167
    -0.65755    -0.75341    -0.00000
     0.75341    -0.65755    -0.00000
     0.00000     0.00000     1.00000
           0           3          11           1
   -11.63349     5.45280   -12.74193
    -0.42441    -0.90547    -0.00000
     0.90547    -0.42441    -0.00000
     0.00000     0.00000     1.00000
           0           3          11           2
   -11.63349     5.45280    -6.36653
    -0.42441    -0.90547    -0.00000
     0.90547    -0.42441    -0.00000
     0.00000     0.00000     1.00000
           0           3          11           3
   -11.63349     5.45280     0.00887
    -0.42441    -0.90547    -0.00000
     0.90547    -0.42441    -0.00000
     0.00000     0.00000     1.00000
           0           3          11           4
   -11.63349     5.45280     6.38427
    -0.42441    -0.90547    -0.00000
     0.90547    -0.42441    -0.00000
     0.00000     0.00000     1.00000
           0           3          11           5
   -11.63349     5.45280    12.75967
    -0.42441    -0.90547    -0.00000
     0.90547    -0.42441    -0.00000
     0.00000     0.00000     1.00000
           0           3          12           1
   -10.26467     1.40224   -12.74286
    -0.13535    -0.99080    -0.00000
     0.99080    -0.13535    -0.00000
     0.00000    -0.00000     1.00000
           0           3          12           2
   -10.26467     1.40224    -6.36746
    -0.13535    -0.99080    -0.00000
     0.99080    -0.13535    -0.00000
     0.00000    -0.00000     1.00000
           0           3          12           3
   -10.26467     1.40224     0.00794
    -0.13535    -0.99080    -0.00000
     0.99080    -0.13535    -0.00000
     0.00000    -0.00000     1.00000
           0           3          12           4
   -10.26467     1.40224     6.38334
    -0.13535    -0.99080    -0.00000
     0.99080    -0.13535    -0.00000
     0.00000    -0.00000     1.00000
           0           3          12           5
   -10.26467     1.40224    12.75874
    -0.13535    -0.99080    -0.00000
     0.99080    -0.13535    -0.00000
     0.00000    -0.00000     1.00000
           0           3          13           1
   -11.58100    -2.07265   -12.74027
     0.17618    -0.98436    -0.00000
     0.98436     0.17618    -0.00000
     0.00000     0.00000     1.00000
           0           3          13           2
   -11.58100    -2.07265    -6.36487
     0.17618    -0.98436    -0.00000
     0.98436     0.17618    -0.00000
     0.00000     0.00000     1.00000
           0           3          13           3
   -11.58100    -2.07265     0.01053
     0.17618    -0.98436    -0.00000
     0.98436     0.17618    -0.00000
     0.00000     0.00000     1.00000
           0           3          13           4
   -11.58100    -2.07265     6.38593
     0.17618    -0.98436    -0.00000
     0.98436     0.17618    -0.00000
     0.00000     0.00000     1.00000
           0           3          13           5
   -11.58100    -2.07265    12.76133
     0.17618    -0.98436    -0.00000
     0.98436     0.17618    -0.00000
     0.00000     0.00000     1.00000
           0           3          14           1
   -11.52955    -5.66925   -12.74700
     0.44126    -0.89738    -0.00000
     0.89738     0.44126    -0.00000
     0.00000     0.00000     1.00000
           0           3          14           2
   -11.52955    -5.66925    -6.37160
     0.44126    -0.89738    -0.00000
     0.89738     0.44126    -0.00000
     0.00000     0.00000     1.00000
           0           3          14           3
   -11.52955    -5.66925     0.00380
     0.44126    -0.89738    -0.00000
     0.89738     0.44126    -0.00000
     0.00000     0.00000     1.00000
           0           3          14           4
   -11.52955    -5.66925     6.37920
     0.44126    -0.89738    -0.00000
     0.89738     0.44126    -0.00000
     0.00000     0.00000     1.00000
           0           3          14           5
   -11.52955    -5.66925    12.75460
     0.44126    -0.89738    -0.00000
     0.89738     0.44126    -0.00000
     0.00000     0.00000     1.00000
           0           3          15           1
    -7.53240    -7.11284   -12.74848
     0.68658    -0.72706    -0.00000
     0.72706     0.68658    -0.00000
     0.00000     0.00000     1.00000
           0           3          15           2
    -7.53240    -7.11284    -6.37308
     0.68658    -0.72706    -0.00000
     0.72706     0.68658    -0.00000
     0.00000     0.00000     1.00000
           0           3          15           3
    -7.53240    -7.11284     0.00232
     0.68658    -0.72706    -0.00000
     0.72706     0.68658    -0.00000
     0.00000     0.00000     1.00000
           0           3          15           4
    -7.53240    -7.11284     6.37772
     0.68658    -0.72706    -0.00000
     0.72706     0.68658    -0.00000
     0.00000     0.00000     1.00000
           0           3          15           5
    -7.53240    -7.11284    12.75312
     0.68658    -0.72706    -0.00000
     0.72706     0.68658    -0.00000
     0.00000     0.00000     1.00000
           0           3          16           1
    -5.63984   -10.32509   -12.74941
     0.87761    -0.47938    -0.00000
     0.47938     0.87761    -0.00000
     0.00000     0.00000     1.00000
           0           3          16           2
    -5.63984   -10.32509    -6.37401
     0.87761    -0.47938    -0.00000
     0.47938     0.87761    -0.00000
     0.00000     0.00000     1.00000
           0           3          16           3
    -5.63984   -10.32509     0.00139
     0.87761    -0.47938    -0.00000
     0.47938     0.87761    -0.00000
     0.00000     0.00000     1.00000
           0           3          16           4
    -5.63984   -10.32509     6.37679
     0.87761    -0.47938    -0.00000
     0.47938     0.87761    -0.00000
     0.00000     0.00000     1.00000
           0           3          16           5
    -5.63984   -10.32509    12.75219
     0.87761    -0.47938    -0.00000
     0.47938     0.87761    -0.00000
     0.00000     0.00000     1.00000
           0           4           1           1
     6.50772   -14.03792   -15.93737
     0.90725     0.42059    -0.00000
    -0.42059     0.90725    -0.00000
    -0.00000     0.00000     1.00000
           0           4           1           2
     6.50772   -14.03792    -9.56197
     0.90725     0.42059    -0.00000
    -0.42059     0.90725    -0.00000
    -0.00000     0.00000     1.00000
           0           4           1           3
     6.50772   -14.03792    -3.18657
     0.90725     0.42059    -0.00000
    -0.42059     0.90725    -0.00000
    -0.00000     0.00000     1.00000
           0           4           1           4
     6.50772   -14.03792     3.18883
     0.90725     0.42059    -0.00000
    -0.42059     0.90725    -0.00000
    -0.00000     0.00000     1.00000
           0           4           1           5
     6.50772   -14.03792     9.56423
     0.90725     0.42059    -0.00000
    -0.42059     0.90725    -0.00000
    -0.00000     0.00000     1.00000
           0           4           1           6
     6.50772   -14.03792    15.93963
     0.90725     0.42059    -0.00000
    -0.42059     0.90725    -0.00000
    -0.00000     0.00000     1.00000
           0           4           2           1
    10.09842   -13.28450   -15.93521
     0.79610     0.60517    -0.00000
    -0.60517     0.79610    -0.00000
    -0.00000     0.00000     1.00000
           0           4           2           2
    10.09842   -13.28450    -9.55981
     0.79610     0.60517    -0.00000
    -0.60517     0.79610    -0.00000
    -0.00000     0.00000     1.00000
           0           4           2           3
    10.09842   -13.28450    -3.18441
     0.79610     0.60517    -0.00000
    -0.60517     0.79610    -0.00000
    -0.00000     0.00000     1.00000
           0           4           2           4
    10.09842   -13.28450     3.19099
     0.79610     0.60517    -0.00000
    -0.60517     0.79610    -0.00000
    -0.00000     0.00000     1.00000
           0           4           2           5
    10.09842   -13.28450     9.56639
     0.79610     0.60517    -0.00000
    -0.60517     0.79610    -0.00000
    -0.00000     0.00000     1.00000
           0           4           2           6
    10.09842   -13.28450    15.94179
     0.79610     0.60517    -0.00000
    -0.60517     0.79610    -0.00000
    -0.00000     0.00000     1.00000
           0           4           3           1
    13.48312   -11.77502   -15.93155
     0.65779     0.75320    -0.00000
    -0.75320     0.65779    -0.00000
    -0.00000     0.00000     1.00000
           0           4           3           2
    13.48312   -11.77502    -9.55616
     0.65779     0.75320    -0.00000
    -0.75320     0.65779    -0.00000
    -0.00000     0.00000     1.00000
           0           4           3           3
    13.48312   -11.77502    -3.18075
     0.65779     0.75320    -0.00000
    -0.75320     0.65779    -0.00000
    -0.00000     0.00000     1.00000
           0           4           3           4
    13.48312   -11.77502     3.19464
     0.65779     0.75320    -0.00000
    -0.75320     0.65779    -0.00000
    -0.00000     0.00000     1.00000
           0           4           3           5
    13.48312   -11.77502     9.57005
     0.65779     0.75320    -0.00000
    -0.75320     0.65779    -0.00000
    -0.00000     0.00000     1.00000
           0           4           3           6
    13.48312   -11.77502    15.94545
     0.65779     0.75320    -0.00000
    -0.75320     0.65779    -0.00000
    -0.00000     0.00000     1.00000
           0           4           4           1
    13.54214    -7.48493   -15.93867
     0.48374     0.87521    -0.00000
    -0.87521     0.48374    -0.00000
     0.00000     0.00000     1.00000
           0           4           4           2
    13.54214    -7.48493    -9.56327
     0.48374     0.87521    -0.00000
    -0.87521     0.48374    -0.00000
     0.00000     0.00000     1.00000
           0           4           4           3
    13.54214    -7.48493    -3.18787
     0.48374     0.87521    -0.00000
    -0.87521     0.48374    -0.00000
     0.00000     0.00000     1.00000
           0           4           4           4
    13.54214    -7.48493     3.18753
     0.48374     0.87521    -0.00000
    -0.87521     0.48374    -0.00000
     0.00000     0.00000     1.00000
           0           4           4           5
    13.54214    -7.48493     9.56293
     0.48374     0.87521    -0.00000
    -0.87521     0.48374    -0.00000
     0.00000     0.00000     1.00000
           0           4           4           6
    13.54214    -7.48493    15.93833
     0.48374     0.87521    -0.00000
    -0.87521     0.48374    -0.00000
     0.00000     0.00000     1.00000
           0           4           5           1
    15.99375    -4.75983   -15.94209
     0.28524     0.95846    -0.00000
    -0.95846     0.28524    -0.00000
     0.00000     0.00000     1.00000
           0           4           5           2
    15.99375    -4.75983    -9.56669
     0.28524     0.95846    -0.00000
    -0.95846     0.28524    -0.00000
     0.00000     0.00000     1.00000
           0           4           5           3
    15.99375    -4.75983    -3.19129
     0.28524     0.95846    -0.00000
    -0.95846     0.28524    -0.00000
     0.00000     0.00000     1.00000
           0           4           5           4
    15.99375    -4.75983     3.18411
     0.28524     0.95846    -0.00000
    -0.95846     0.28524    -0.00000
     0.00000     0.00000     1.00000
           0           4           5           5
    15.99375    -4.75983     9.55951
     0.28524     0.95846    -0.00000
    -0.95846     0.28524    -0.00000
     0.00000     0.00000     1.00000
           0           4           5           6
    15.99375    -4.75983    15.93491
     0.28524     0.95846    -0.00000
    -0.95846     0.28524    -0.00000
     0.00000     0.00000     1.00000
           0           4           6           1
    17.83165    -1.57410   -15.93961
     0.08793     0.99613    -0.00000
    -0.99613     0.08793    -0.00000
     0.00000     0.00000     1.00000
           0           4           6           2
    17.83165    -1.57410    -9.56421
     0.08793     0.99613    -0.00000
    -0.99613     0.08793    -0.00000
     0.00000     0.00000     1.00000
           0           4           6           3
    17.83165    -1.57410    -3.18881
     0.08793     0.99613    -0.00000
    -0.99613     0.08793    -0.00000
     0.00000     0.00000     1.00000
           0           4           6           4
    17.83165    -1.57410     3.18659
     0.08793     0.99613    -0.00000
    -0.99613     0.08793    -0.00000
     0.00000     0.00000     1.00000
           0           4           6           5
    17.83165    -1.57410     9.56199
     0.08793     0.99613    -0.00000
    -0.99613     0.08793    -0.00000
     0.00000     0.00000     1.00000
           0           4           6           6
    17.83165    -1.57410    15.93739
     0.08793     0.99613    -0.00000
    -0.99613     0.08793    -0.00000
     0.00000     0.00000     1.00000
           0           4           7           1
    15.35749     1.88710   -15.94007
    -0.12197     0.99253     0.00000
    -0.99253    -0.12197     0.00000
     0.00000     0.00000     1.00000
           0           4           7           2
    15.35749     1.88710    -9.56467
    -0.12197     0.99253     0.00000
    -0.99253    -0.12197     0.00000
     0.00000     0.00000     1.00000
           0           4           7           3
    15.35749     1.88710    -3.18927
    -0.12197     0.99253     0.00000
    -0.99253    -0.12197     0.00000
     0.00000     0.00000     1.00000
           0           4           7           4
    15.35749     1.88710     3.18613
    -0.12197     0.99253     0.00000
    -0.99253    -0.12197     0.00000
     0.00000     0.00000     1.00000
           0           4           7           5
    15.35749     1.88710     9.56153
    -0.12197     0.99253     0.00000
    -0.99253    -0.12197     0.00000
     0.00000     0.00000     1.00000
           0           4           7           6
    15.35749     1.88710    15.93693
    -0.12197     0.99253     0.00000
    -0.99253    -0.12197     0.00000
     0.00000     0.00000     1.00000
           0           4           8           1
    15.73295     5.56150   -15.94124
    -0.33329     0.94282     0.00000
    -0.94282    -0.33329     0.00000
     0.00000     0.00000     1.00000
           0           4           8           2
    15.73295     5.56150    -9.56584
    -0.33329     0.94282     0.00000
    -0.94282    -0.33329     0.00000
     0.00000     0.00000     1.00000
           0           4           8           3
    15.73295     5.56150    -3.19044
    -0.33329     0.94282     0.00000
    -0.94282    -0.33329     0.00000
     0.00000     0.00000     1.00000
           0           4           8           4
    15.73295     5.56150     3.18496
    -0.33329     0.94282     0.00000
    -0.94282    -0.33329     0.00000
     0.00000     0.00000     1.00000
           0           4           8           5
    15.73295     5.56150     9.56036
    -0.33329     0.94282     0.00000
    -0.94282    -0.33329     0.00000
     0.00000     0.00000     1.00000
           0           4           8           6
    15.73295     5.56150    15.93576
    -0.33329     0.94282     0.00000
    -0.94282    -0.33329     0.00000
     0.00000     0.00000     1.00000
           0           4           9           1
    15.34138     9.22430   -15.94004
    -0.51530     0.85701     0.00000
    -0.85701    -0.51530     0.00000
     0.00000     0.00000     1.00000
           0           4           9           2
    15.34138     9.22430    -9.56464
    -0.51530     0.85701     0.00000
    -0.85701    -0.51530     0.00000
     0.00000     0.00000     1.00000
           0           4           9           3
    15.34138     9.22430    -3.18924
    -0.51530     0.85701     0.00000
    -0.85701    -0.51530     0.00000
     0.00000     0.00000     1.00000
           0           4           9           4
    15.34138     9.22430     3.18616
    -0.51530     0.85701     0.00000
    -0.85701    -0.51530     0.00000
     0.00000     0.00000     1.00000
           0           4           9           5
    15.34138     9.22430     9.56156
    -0.51530     0.85701     0.00000
    -0.85701    -0.51530     0.00000
     0.00000     0.00000     1.00000
           0           4           9           6
    15.34138     9.22430    15.93696
    -0.51530     0.85701     0.00000
    -0.85701    -0.51530     0.00000
     0.00000     0.00000     1.00000
           0           4          10           1
    11.33749    10.52972   -15.93333
    -0.68052     0.73273     0.00000
    -0.73273    -0.68052     0.00000
     0.00000     0.00000     1.00000
           0           4          10           2
    11.33749    10.52972    -9.55793
    -0.68052     0.73273     0.00000
    -0.73273    -0.68052     0.00000
     0.00000     0.00000     1.00000
           0           4          10           3
    11.33749    10.52972    -3.18253
    -0.68052     0.73273     0.00000
    -0.73273    -0.68052     0.00000
     0.00000     0.00000     1.00000
           0           4          10           4
    11.33749    10.52972     3.19287
    -0.68052     0.73273     0.00000
    -0.73273    -0.68052     0.00000
     0.00000     0.00000     1.00000
           0           4          10           5
    11.33749    10.52972     9.56827
    -0.68052     0.73273     0.00000
    -0.73273    -0.68052     0.00000
     0.00000     0.00000     1.00000
           0           4          10           6
    11.33749    10.52972    15.94367
    -0.68052     0.73273     0.00000
    -0.73273    -0.68052     0.00000
     0.00000     0.00000     1.00000
           0           4          11           1
     9.46122    13.74559   -15.93850
    -0.82373     0.56698     0.00000
    -0.56698    -0.82373     0.00000
     0.00000     0.00000     1.00000
           0           4          11           2
     9.46122    13.74559    -9.56310
    -0.82373     0.56698     0.00000
    -0.56698    -0.82373     0.00000
     0.00000     0.00000     1.00000
           0           4          11           3
     9.46122    13.74559    -3.18770
    -0.82373     0.56698     0.00000
    -0.56698    -0.82373     0.00000
     0.00000     0.00000     1.00000
           0           4          11           4
     9.46122    13.74559     3.18770
    -0.82373     0.56698     0.00000
    -0.56698    -0.82373     0.00000
     0.00000     0.00000     1.00000
           0           4          11           5
     9.46122    13.74559     9.56310
    -0.82373     0.56698     0.00000
    -0.56698    -0.82373     0.00000
     0.00000     0.00000     1.00000
           0           4          11           6
     9.46122    13.74559    15.93850
    -0.82373     0.56698     0.00000
    -0.56698    -0.82373     0.00000
     0.00000     0.00000     1.00000
           0           4          12           1
     7.00767    16.47236   -15.93363
    -0.92019     0.39147     0.00000
    -0.39147    -0.92019     0.00000
     0.00000     0.00000     1.00000
           0           4          12           2
     7.00767    16.47236    -9.55822
    -0.92019     0.39147     0.00000
    -0.39147    -0.92019     0.00000
     0.00000     0.00000     1.00000
           0           4          12           3
     7.00767    16.47236    -3.18283
    -0.92019     0.39147     0.00000
    -0.39147    -0.92019     0.00000
     0.00000     0.00000     1.00000
           0           4          12           4
     7.00767    16.47236     3.19257
    -0.92019     0.39147     0.00000
    -0.39147    -0.92019     0.00000
     0.00000     0.00000     1.00000
           0           4          12           5
     7.00767    16.47236     9.56798
    -0.92019     0.39147     0.00000
    -0.39147    -0.92019     0.00000
     0.00000     0.00000     1.00000
           0           4          12           6
     7.00767    16.47236    15.94337
    -0.92019     0.39147     0.00000
    -0.39147    -0.92019     0.00000
     0.00000     0.00000     1.00000
           0           4          13           1
    -6.96461    16.49061    15.93749
     0.92121     0.38906     0.00000
     0.38906    -0.92121     0.00000
     0.00000    -0.00000    -1.00000
           0           4          13           2
    -6.96461    16.49061     9.56209
     0.92121     0.38906     0.00000
     0.38906    -0.92121     0.00000
     0.00000    -0.00000    -1.00000
           0           4          13           3
    -6.96461    16.49061     3.18669
     0.92121     0.38906     0.00000
     0.38906    -0.92121     0.00000
     0.00000    -0.00000    -1.00000
           0           4          13           4
    -6.96461    16.49061    -3.18871
     0.92121     0.38906     0.00000
     0.38906    -0.92121     0.00000
     0.00000    -0.00000    -1.00000
           0           4          13           5
    -6.96461    16.49061    -9.56411
     0.92121     0.38906     0.00000
     0.38906    -0.92121     0.00000
     0.00000    -0.00000    -1.00000
           0           4          13           6
    -6.96461    16.49061   -15.93951
     0.92121     0.38906     0.00000
     0.38906    -0.92121     0.00000
     0.00000    -0.00000    -1.00000
           0           4          14           1
    -9.44975    13.75348    15.93845
     0.82420     0.56629     0.00000
     0.56629    -0.82420     0.00000
     0.00000    -0.00000    -1.00000
           0           4          14           2
    -9.44975    13.75348     9.56305
     0.82420     0.56629     0.00000
     0.56629    -0.82420     0.00000
     0.00000    -0.00000    -1.00000
           0           4          14           3
    -9.44975    13.75348     3.18765
     0.82420     0.56629     0.00000
     0.56629    -0.82420     0.00000
     0.00000    -0.00000    -1.00000
           0           4          14           4
    -9.44975    13.75348    -3.18775
     0.82420     0.56629     0.00000
     0.56629    -0.82420     0.00000
     0.00000    -0.00000    -1.00000
           0           4          14           5
    -9.44975    13.75348    -9.56315
     0.82420     0.56629     0.00000
     0.56629    -0.82420     0.00000
     0.00000    -0.00000    -1.00000
           0           4          14           6
    -9.44975    13.75348   -15.93855
     0.82420     0.56629     0.00000
     0.56629    -0.82420     0.00000
     0.00000    -0.00000    -1.00000
           0           4          15           1
   -11.28768    10.58310    15.93984
     0.68397     0.72951    -0.00000
     0.72951    -0.68397    -0.00000
    -0.00000     0.00000    -1.00000
           0           4          15           2
   -11.28768    10.58310     9.56444
     0.68397     0.72951    -0.00000
     0.72951    -0.68397    -0.00000
    -0.00000     0.00000    -1.00000
           0           4          15           3
   -11.28768    10.58310     3.18904
     0.68397     0.72951    -0.00000
     0.72951    -0.68397    -0.00000
    -0.00000     0.00000    -1.00000
           0           4          15           4
   -11.28768    10.58310    -3.18636
     0.68397     0.72951    -0.00000
     0.72951    -0.68397    -0.00000
    -0.00000     0.00000    -1.00000
           0           4          15           5
   -11.28768    10.58310    -9.56176
     0.68397     0.72951    -0.00000
     0.72951    -0.68397    -0.00000
    -0.00000     0.00000    -1.00000
           0           4          15           6
   -11.28768    10.58310   -15.93716
     0.68397     0.72951    -0.00000
     0.72951    -0.68397    -0.00000
    -0.00000     0.00000    -1.00000
           0           4          16           1
   -15.34575     9.21703    15.94048
     0.51489     0.85726    -0.00000
     0.85726    -0.51489    -0.00000
    -0.00000     0.00000    -1.00000
           0           4          16           2
   -15.34575     9.21703     9.56508
     0.51489     0.85726    -0.00000
     0.85726    -0.51489    -0.00000
    -0.00000     0.00000    -1.00000
           0           4          16           3
   -15.34575     9.21703     3.18968
     0.51489     0.85726    -0.00000
     0.85726    -0.51489    -0.00000
    -0.00000     0.00000    -1.00000
           0           4          16           4
   -15.34575     9.21703    -3.18572
     0.51489     0.85726    -0.00000
     0.85726    -0.51489    -0.00000
    -0.00000     0.00000    -1.00000
           0           4          16           5
   -15.34575     9.21703    -9.56112
     0.51489     0.85726    -0.00000
     0.85726    -0.51489    -0.00000
    -0.00000     0.00000    -1.00000
           0           4          16           6
   -15.34575     9.21703   -15.93652
     0.51489     0.85726    -0.00000
     0.85726    -0.51489    -0.00000
    -0.00000     0.00000    -1.00000
           0           4          17           1
   -15.73859     5.54552    15.93850
     0.33233     0.94316    -0.00000
     0.94316    -0.33233    -0.00000
    -0.00000     0.00000    -1.00000
           0           4          17           2
   -15.73859     5.54552     9.56310
     0.33233     0.94316    -0.00000
     0.94316    -0.33233    -0.00000
    -0.00000     0.00000    -1.00000
           0           4          17           3
   -15.73859     5.54552     3.18770
     0.33233     0.94316    -0.00000
     0.94316    -0.33233    -0.00000
    -0.00000     0.00000    -1.00000
           0           4          17           4
   -15.73859     5.54552    -3.18770
     0.33233     0.94316    -0.00000
     0.94316    -0.33233    -0.00000
    -0.00000     0.00000    -1.00000
           0           4          17           5
   -15.73859     5.54552    -9.56310
     0.33233     0.94316    -0.00000
     0.94316    -0.33233    -0.00000
    -0.00000     0.00000    -1.00000
           0           4          17           6
   -15.73859     5.54552   -15.93850
     0.33233     0.94316    -0.00000
     0.94316    -0.33233    -0.00000
    -0.00000     0.00000    -1.00000
           0           4          18           1
   -15.36350     1.83754    15.92161
     0.11876     0.99292    -0.00000
     0.99292    -0.11876    -0.00000
    -0.00000     0.00000    -1.00000
           0           4          18           2
   -15.36350     1.83754     9.54621
     0.11876     0.99292    -0.00000
     0.99292    -0.11876    -0.00000
    -0.00000     0.00000    -1.00000
           0           4          18           3
   -15.36350     1.83754     3.17081
     0.11876     0.99292    -0.00000
     0.99292    -0.11876    -0.00000
    -0.00000     0.00000    -1.00000
           0           4          18           4
   -15.36350     1.83754    -3.20459
     0.11876     0.99292    -0.00000
     0.99292    -0.11876    -0.00000
    -0.00000     0.00000    -1.00000
           0           4          18           5
   -15.36350     1.83754    -9.57999
     0.11876     0.99292    -0.00000
     0.99292    -0.11876    -0.00000
    -0.00000     0.00000    -1.00000
           0           4          18           6
   -15.36350     1.83754   -15.95539
     0.11876     0.99292    -0.00000
     0.99292    -0.11876    -0.00000
    -0.00000     0.00000    -1.00000
           0           4          19           1
   -17.82905    -1.60332    15.92977
    -0.08956     0.99598    -0.00000
     0.99598     0.08956    -0.00000
    -0.00000    -0.00000    -1.00000
           0           4          19           2
   -17.82905    -1.60332     9.55437
    -0.08956     0.99598    -0.00000
     0.99598     0.08956    -0.00000
    -0.00000    -0.00000    -1.00000
           0           4          19           3
   -17.82905    -1.60332     3.17897
    -0.08956     0.99598    -0.00000
     0.99598     0.08956    -0.00000
    -0.00000    -0.00000    -1.00000
           0           4          19           4
   -17.82905    -1.60332    -3.19643
    -0.08956     0.99598    -0.00000
     0.99598     0.08956    -0.00000
    -0.00000    -0.00000    -1.00000
           0           4          19           5
   -17.82905    -1.60332    -9.57183
    -0.08956     0.99598    -0.00000
     0.99598     0.08956    -0.00000
    -0.00000    -0.00000    -1.00000
           0           4          19           6
   -17.82905    -1.60332   -15.94723
    -0.08956     0.99598    -0.00000
     0.99598     0.08956    -0.00000
    -0.00000    -0.00000    -1.00000
           0           4          20           1
   -15.98507    -4.78889    15.93703
    -0.28699     0.95793    -0.00000
     0.95793     0.28699    -0.00000
    -0.00000    -0.00000    -1.00000
           0           4          20           2
   -15.98507    -4.78889     9.56163
    -0.28699     0.95793    -0.00000
     0.95793     0.28699    -0.00000
    -0.00000    -0.00000    -1.00000
           0           4          20           3
   -15.98507    -4.78889     3.18623
    -0.28699     0.95793    -0.00000
     0.95793     0.28699    -0.00000
    -0.00000    -0.00000    -1.00000
           0           4          20           4
   -15.98507    -4.78889    -3.18917
    -0.28699     0.95793    -0.00000
     0.95793     0.28699    -0.00000
    -0.00000    -0.00000    -1.00000
           0           4          20           5
   -15.98507    -4.78889    -9.56457
    -0.28699     0.95793    -0.00000
     0.95793     0.28699    -0.00000
    -0.00000    -0.00000    -1.00000
           0           4          20           6
   -15.98507    -4.78889   -15.93997
    -0.28699     0.95793    -0.00000
     0.95793     0.28699    -0.00000
    -0.00000    -0.00000    -1.00000
           0           4          21           1
   -13.51484    -7.53409    15.94094
    -0.48692     0.87345    -0.00000
     0.87345     0.48692    -0.00000
    -0.00000    -0.00000    -1.00000
           0           4          21           2
   -13.51484    -7.53409     9.56554
    -0.48692     0.87345    -0.00000
     0.87345     0.48692    -0.00000
    -0.00000    -0.00000    -1.00000
           0           4          21           3
   -13.51484    -7.53409     3.19014
    -0.48692     0.87345    -0.00000
     0.87345     0.48692    -0.00000
    -0.00000    -0.00000    -1.00000
           0           4          21           4
   -13.51484    -7.53409    -3.18526
    -0.48692     0.87345    -0.00000
     0.87345     0.48692    -0.00000
    -0.00000    -0.00000    -1.00000
           0           4          21           5
   -13.51484    -7.53409    -9.56066
    -0.48692     0.87345    -0.00000
     0.87345     0.48692    -0.00000
    -0.00000    -0.00000    -1.00000
           0           4          21           6
   -13.51484    -7.53409   -15.93606
    -0.48692     0.87345    -0.00000
     0.87345     0.48692    -0.00000
    -0.00000    -0.00000    -1.00000
           0           4          22           1
   -13.49598   -11.76029    15.93229
    -0.65697     0.75392    -0.00000
     0.75392     0.65697    -0.00000
    -0.00000    -0.00000    -1.00000
           0           4          22           2
   -13.49598   -11.76029     9.55689
    -0.65697     0.75392    -0.00000
     0.75392     0.65697    -0.00000
    -0.00000    -0.00000    -1.00000
           0           4          22           3
   -13.49598   -11.76029     3.18149
    -0.65697     0.75392    -0.00000
     0.75392     0.65697    -0.00000
    -0.00000    -0.00000    -1.00000
           0           4          22           4
   -13.49598   -11.76029    -3.19391
    -0.65697     0.75392    -0.00000
     0.75392     0.65697    -0.00000
    -0.00000    -0.00000    -1.00000
           0           4          22           5
   -13.49598   -11.76029    -9.56931
    -0.65697     0.75392    -0.00000
     0.75392     0.65697    -0.00000
    -0.00000    -0.00000    -1.00000
           0           4          22           6
   -13.49598   -11.76029   -15.94471
    -0.65697     0.75392    -0.00000
     0.75392     0.65697    -0.00000
    -0.00000    -0.00000    -1.00000
           0           4          23           1
   -10.12722   -13.26255    15.94178
    -0.79478     0.60690    -0.00000
     0.60690     0.79478    -0.00000
    -0.00000    -0.00000    -1.00000
           0           4          23           2
   -10.12722   -13.26255     9.56638
    -0.79478     0.60690    -0.00000
     0.60690     0.79478    -0.00000
    -0.00000    -0.00000    -1.00000
           0           4          23           3
   -10.12722   -13.26255     3.19098
    -0.79478     0.60690    -0.00000
     0.60690     0.79478    -0.00000
    -0.00000    -0.00000    -1.00000
           0           4          23           4
   -10.12722   -13.26255    -3.18442
    -0.79478     0.60690    -0.00000
     0.60690     0.79478    -0.00000
    -0.00000    -0.00000    -1.00000
           0           4          23           5
   -10.12722   -13.26255    -9.55982
    -0.79478     0.60690    -0.00000
     0.60690     0.79478    -0.00000
    -0.00000    -0.00000    -1.00000
           0           4          23           6
   -10.12722   -13.26255   -15.93522
    -0.79478     0.60690    -0.00000
     0.60690     0.79478    -0.00000
    -0.00000    -0.00000    -1.00000
           0           4          24           1
    -6.50734   -14.03810    15.93850
    -0.90726     0.42056    -0.00000
     0.42056     0.90726    -0.00000
    -0.00000    -0.00000    -1.00000
           0           4          24           2
    -6.50734   -14.03810     9.56310
    -0.90726     0.42056    -0.00000
     0.42056     0.90726    -0.00000
    -0.00000    -0.00000    -1.00000
           0           4          24           3
    -6.50734   -14.03810     3.18770
    -0.90726     0.42056    -0.00000
     0.42056     0.90726    -0.00000
    -0.00000    -0.00000    -1.00000
           0           4          24           4
    -6.50734   -14.03810    -3.18770
    -0.90726     0.42056    -0.00000
     0.42056     0.90726    -0.00000
    -0.00000    -0.00000    -1.00000
           0           4          24           5
    -6.50734   -14.03810    -9.56310
    -0.90726     0.42056    -0.00000
     0.42056     0.90726    -0.00000
    -0.00000    -0.00000    -1.00000
           0           4          24           6
    -6.50734   -14.03810   -15.93850
    -0.90726     0.42056    -0.00000
     0.42056     0.90726    -0.00000
    -0.00000    -0.00000    -1.00000
