 SVX cage parameters:
     2.20000
     0.50000     0.20000
     0.00000
           6
   -40.00000   -26.50000   -26.50000    26.50000    26.50000    40.00000
    53.00000    53.00000    22.14782    22.14782    53.00000    53.00000
     0.00000     0.00000     0.00000
 SVX barrel parameters:
           4
     2.63000     5.19260    11.76500    16.68700     1.14100
     0.00000     0.00000     0.00000     0.00000
           4           4           5           6
     0.69600     0.69600     1.74500     1.74500
     0.01000     0.01000     0.03125     0.03125
     2.83600     2.83600     3.18770     3.18770
     0.01900     0.01900     0.00000     0.00000
     0.02000     0.02000     0.00000     0.00000
    26.70000    13.62600    17.00000    12.00000
   -13.00000   -12.98000     0.00000     0.00000
           2
           5           5
     0.00000   180.00000
           2
          10          10
     0.00000   180.00000
           2
           8           8
     0.00000   180.00000
           2
          12          12
     0.00000   180.00000
 SVX barrel sensor rotation matrices and translation vectors:
           0           1           1           1
     1.57916    -2.12943     8.67075
     0.63985     0.76850    -0.00000
    -0.76850     0.63985    -0.00034
    -0.00026     0.00022     1.00000
           0           1           1           2
     1.58542    -2.12497     2.97875
     0.63985     0.76850    -0.00000
    -0.76850     0.63985    -0.00034
    -0.00026     0.00022     1.00000
           0           1           1           3
     1.59168    -2.12052    -2.71324
     0.63985     0.76850    -0.00000
    -0.76850     0.63985    -0.00034
    -0.00026     0.00022     1.00000
           0           1           1           4
     1.59794    -2.11607    -8.40524
     0.63985     0.76850    -0.00000
    -0.76850     0.63985    -0.00034
    -0.00026     0.00022     1.00000
           0           1           2           1
     2.33168    -1.18175     8.67263
     0.22234     0.97497    -0.00000
    -0.97497     0.22234    -0.00089
    -0.00087     0.00020     1.00000
           0           1           2           2
     2.33790    -1.17729     2.98064
     0.22234     0.97497    -0.00000
    -0.97497     0.22234    -0.00089
    -0.00087     0.00020     1.00000
           0           1           2           3
     2.34414    -1.17282    -2.71136
     0.22235     0.97497    -0.00000
    -0.97497     0.22235    -0.00089
    -0.00087     0.00020     1.00000
           0           1           2           4
     2.35038    -1.16836    -8.40335
     0.22235     0.97497    -0.00000
    -0.97497     0.22235    -0.00089
    -0.00087     0.00020     1.00000
           0           1           3           1
     2.59672    -0.00880     8.66955
    -0.25144     0.96787    -0.00000
    -0.96787    -0.25144    -0.00125
    -0.00121    -0.00031     1.00000
           0           1           3           2
     2.60291    -0.00435     2.97756
    -0.25140     0.96788    -0.00000
    -0.96788    -0.25140    -0.00125
    -0.00121    -0.00031     1.00000
           0           1           3           3
     2.60909     0.00010    -2.71444
    -0.25138     0.96789    -0.00000
    -0.96789    -0.25138    -0.00125
    -0.00121    -0.00031     1.00000
           0           1           3           4
     2.61528     0.00456    -8.40643
    -0.25134     0.96790    -0.00000
    -0.96790    -0.25134    -0.00125
    -0.00121    -0.00031     1.00000
           0           1           4           1
     2.31931     1.16742     8.67315
    -0.64907     0.76073    -0.00000
    -0.76073    -0.64906    -0.00134
    -0.00102    -0.00087     1.00000
           0           1           4           2
     2.32557     1.17188     2.98116
    -0.64906     0.76073    -0.00000
    -0.76073    -0.64906    -0.00134
    -0.00102    -0.00087     1.00000
           0           1           4           3
     2.33183     1.17633    -2.71084
    -0.64905     0.76074    -0.00000
    -0.76074    -0.64905    -0.00134
    -0.00102    -0.00087     1.00000
           0           1           4           4
     2.33808     1.18078    -8.40283
    -0.64905     0.76074    -0.00000
    -0.76074    -0.64905    -0.00134
    -0.00102    -0.00087     1.00000
           0           1           5           1
     1.53438     2.09250     8.66128
    -0.92916     0.36967    -0.00000
    -0.36967    -0.92916    -0.00115
    -0.00043    -0.00107     1.00000
           0           1           5           2
     1.54067     2.09699     2.96929
    -0.92914     0.36973    -0.00000
    -0.36973    -0.92914    -0.00115
    -0.00043    -0.00107     1.00000
           0           1           5           3
     1.54696     2.10148    -2.72271
    -0.92912     0.36978    -0.00000
    -0.36978    -0.92912    -0.00115
    -0.00043    -0.00107     1.00000
           0           1           5           4
     1.55325     2.10598    -8.41470
    -0.92909     0.36984    -0.00000
    -0.36984    -0.92909    -0.00115
    -0.00043    -0.00107     1.00000
           0           1           6           1
    -1.54632     2.07604    -8.55271
     0.92824     0.37199    -0.00000
     0.37199    -0.92824    -0.00088
    -0.00033     0.00082    -1.00000
           0           1           6           2
    -1.54375     2.07172    -2.86072
     0.92825     0.37197    -0.00000
     0.37197    -0.92825    -0.00088
    -0.00033     0.00082    -1.00000
           0           1           6           3
    -1.54120     2.06739     2.83128
     0.92826     0.37193    -0.00000
     0.37193    -0.92826    -0.00088
    -0.00033     0.00082    -1.00000
           0           1           6           4
    -1.53865     2.06306     8.52328
     0.92828     0.37189    -0.00000
     0.37189    -0.92828    -0.00088
    -0.00033     0.00082    -1.00000
           0           1           7           1
    -2.35006     1.17790    -8.55027
     0.64512     0.76408    -0.00000
     0.76408    -0.64512    -0.00084
    -0.00064     0.00054    -1.00000
           0           1           7           2
    -2.34749     1.17357    -2.85827
     0.64512     0.76409    -0.00000
     0.76408    -0.64512    -0.00084
    -0.00064     0.00054    -1.00000
           0           1           7           3
    -2.34491     1.16922     2.83373
     0.64511     0.76409    -0.00000
     0.76409    -0.64511    -0.00084
    -0.00064     0.00054    -1.00000
           0           1           7           4
    -2.34235     1.16489     8.52572
     0.64511     0.76409    -0.00000
     0.76409    -0.64511    -0.00084
    -0.00064     0.00054    -1.00000
           0           1           8           1
    -2.63832     0.00770    -8.56231
     0.25115     0.96795    -0.00000
     0.96795    -0.25115    -0.00062
    -0.00060     0.00016    -1.00000
           0           1           8           2
    -2.63583     0.00338    -2.87030
     0.25117     0.96794    -0.00000
     0.96794    -0.25117    -0.00062
    -0.00060     0.00016    -1.00000
           0           1           8           3
    -2.63334    -0.00095     2.82170
     0.25118     0.96794    -0.00000
     0.96794    -0.25118    -0.00062
    -0.00060     0.00016    -1.00000
           0           1           8           4
    -2.63085    -0.00527     8.51369
     0.25120     0.96794    -0.00000
     0.96794    -0.25120    -0.00062
    -0.00060     0.00016    -1.00000
           0           1           9           1
    -2.37049    -1.17249    -8.54888
    -0.22309     0.97480    -0.00000
     0.97480     0.22309    -0.00027
    -0.00026    -0.00006    -1.00000
           0           1           9           2
    -2.36795    -1.17681    -2.85688
    -0.22309     0.97480    -0.00000
     0.97480     0.22309    -0.00027
    -0.00026    -0.00006    -1.00000
           0           1           9           3
    -2.36541    -1.18116     2.83512
    -0.22309     0.97480    -0.00000
     0.97480     0.22309    -0.00027
    -0.00026    -0.00006    -1.00000
           0           1           9           4
    -2.36286    -1.18547     8.52711
    -0.22309     0.97480    -0.00000
     0.97480     0.22309    -0.00027
    -0.00026    -0.00006    -1.00000
           0           1          10           1
    -1.60626    -2.10933    -8.55056
    -0.62730     0.77878     0.00000
     0.77878     0.62730     0.00014
     0.00011     0.00009    -1.00000
           0           1          10           2
    -1.60376    -2.11372    -2.85856
    -0.62730     0.77878     0.00000
     0.77878     0.62730     0.00014
     0.00011     0.00009    -1.00000
           0           1          10           3
    -1.60125    -2.11810     2.83344
    -0.62731     0.77877     0.00000
     0.77877     0.62731     0.00014
     0.00011     0.00009    -1.00000
           0           1          10           4
    -1.59874    -2.12249     8.52543
    -0.62732     0.77876     0.00000
     0.77876     0.62732     0.00014
     0.00011     0.00009    -1.00000
           0           2           1           1
     2.50148    -4.56660     8.67265
     0.75173     0.65947    -0.00000
    -0.65947     0.75173    -0.00015
    -0.00010     0.00011     1.00000
           0           2           1           2
     2.50778    -4.56219     2.98066
     0.75173     0.65947    -0.00000
    -0.65947     0.75173    -0.00015
    -0.00010     0.00011     1.00000
           0           2           1           3
     2.51408    -4.55780    -2.71134
     0.75173     0.65947    -0.00000
    -0.65947     0.75173    -0.00015
    -0.00010     0.00011     1.00000
           0           2           1           4
     2.52038    -4.55342    -8.40333
     0.75173     0.65947    -0.00000
    -0.65947     0.75173    -0.00015
    -0.00010     0.00011     1.00000
           0           2           2           1
     3.49736    -3.85113     8.67832
     0.57713     0.81665    -0.00000
    -0.81665     0.57713    -0.00046
    -0.00038     0.00027     1.00000
           0           2           2           2
     3.50368    -3.84674     2.98632
     0.57713     0.81665    -0.00000
    -0.81665     0.57713    -0.00046
    -0.00038     0.00027     1.00000
           0           2           2           3
     3.51000    -3.84235    -2.70567
     0.57713     0.81666    -0.00000
    -0.81666     0.57713    -0.00046
    -0.00038     0.00027     1.00000
           0           2           2           4
     3.51632    -3.83796    -8.39767
     0.57712     0.81666    -0.00000
    -0.81666     0.57712    -0.00046
    -0.00038     0.00027     1.00000
           0           2           3           1
     4.27580    -2.90094     8.66807
     0.34351     0.93915    -0.00000
    -0.93915     0.34351    -0.00075
    -0.00070     0.00026     1.00000
           0           2           3           2
     4.28196    -2.89643     2.97608
     0.34352     0.93915    -0.00000
    -0.93915     0.34352    -0.00075
    -0.00070     0.00026     1.00000
           0           2           3           3
     4.28813    -2.89190    -2.71592
     0.34353     0.93914    -0.00000
    -0.93914     0.34353    -0.00075
    -0.00070     0.00026     1.00000
           0           2           3           4
     4.29430    -2.88739    -8.40791
     0.34353     0.93914    -0.00000
    -0.93914     0.34353    -0.00075
    -0.00070     0.00026     1.00000
           0           2           4           1
     4.84113    -1.81480     8.67119
     0.12573     0.99206    -0.00000
    -0.99206     0.12573    -0.00099
    -0.00098     0.00012     1.00000
           0           2           4           2
     4.84737    -1.81034     2.97919
     0.12572     0.99207    -0.00000
    -0.99206     0.12572    -0.00099
    -0.00098     0.00012     1.00000
           0           2           4           3
     4.85363    -1.80587    -2.71280
     0.12573     0.99206    -0.00000
    -0.99206     0.12573    -0.00099
    -0.00098     0.00012     1.00000
           0           2           4           4
     4.85987    -1.80141    -8.40480
     0.12573     0.99206    -0.00000
    -0.99206     0.12573    -0.00099
    -0.00098     0.00012     1.00000
           0           2           5           1
     5.12568    -0.62499     8.67059
    -0.11331     0.99356    -0.00000
    -0.99356    -0.11331    -0.00118
    -0.00117    -0.00013     1.00000
           0           2           5           2
     5.13192    -0.62052     2.97860
    -0.11331     0.99356    -0.00000
    -0.99356    -0.11331    -0.00118
    -0.00117    -0.00013     1.00000
           0           2           5           3
     5.13816    -0.61607    -2.71340
    -0.11331     0.99356    -0.00000
    -0.99356    -0.11331    -0.00118
    -0.00117    -0.00013     1.00000
           0           2           5           4
     5.14440    -0.61162    -8.40539
    -0.11330     0.99356    -0.00000
    -0.99356    -0.11330    -0.00118
    -0.00117    -0.00013     1.00000
           0           2           6           1
     5.12749     0.59581     8.66449
    -0.32910     0.94429    -0.00000
    -0.94429    -0.32910    -0.00130
    -0.00123    -0.00043     1.00000
           0           2           6           2
     5.13379     0.60026     2.97250
    -0.32912     0.94429    -0.00000
    -0.94429    -0.32912    -0.00130
    -0.00123    -0.00043     1.00000
           0           2           6           3
     5.14009     0.60474    -2.71950
    -0.32914     0.94428    -0.00000
    -0.94428    -0.32914    -0.00130
    -0.00123    -0.00043     1.00000
           0           2           6           4
     5.14640     0.60919    -8.41149
    -0.32915     0.94428    -0.00000
    -0.94428    -0.32915    -0.00130
    -0.00123    -0.00043     1.00000
           0           2           7           1
     4.84577     1.79312     8.67247
    -0.54968     0.83537    -0.00000
    -0.83537    -0.54968    -0.00135
    -0.00113    -0.00074     1.00000
           0           2           7           2
     4.85203     1.79758     2.98047
    -0.54969     0.83537    -0.00000
    -0.83537    -0.54969    -0.00135
    -0.00113    -0.00074     1.00000
           0           2           7           3
     4.85830     1.80204    -2.71152
    -0.54969     0.83537    -0.00000
    -0.83537    -0.54969    -0.00135
    -0.00113    -0.00074     1.00000
           0           2           7           4
     4.86456     1.80648    -8.40352
    -0.54970     0.83536    -0.00000
    -0.83536    -0.54970    -0.00135
    -0.00113    -0.00074     1.00000
           0           2           8           1
     4.29504     2.88809     8.67173
    -0.73900     0.67370    -0.00000
    -0.67370    -0.73900    -0.00132
    -0.00089    -0.00098     1.00000
           0           2           8           2
     4.30130     2.89254     2.97974
    -0.73900     0.67371    -0.00000
    -0.67371    -0.73900    -0.00132
    -0.00089    -0.00098     1.00000
           0           2           8           3
     4.30756     2.89699    -2.71226
    -0.73898     0.67372    -0.00000
    -0.67372    -0.73898    -0.00132
    -0.00089    -0.00098     1.00000
           0           2           8           4
     4.31382     2.90144    -8.40425
    -0.73898     0.67373    -0.00000
    -0.67373    -0.73898    -0.00132
    -0.00089    -0.00098     1.00000
           0           2           9           1
     3.46683     3.79466     8.66266
    -0.88810     0.45966    -0.00000
    -0.45966    -0.88810    -0.00122
    -0.00056    -0.00108     1.00000
           0           2           9           2
     3.47313     3.79916     2.97067
    -0.88807     0.45970    -0.00000
    -0.45970    -0.88807    -0.00122
    -0.00056    -0.00108     1.00000
           0           2           9           3
     3.47942     3.80365    -2.72133
    -0.88805     0.45974    -0.00000
    -0.45974    -0.88805    -0.00122
    -0.00056    -0.00108     1.00000
           0           2           9           4
     3.48572     3.80813    -8.41332
    -0.88803     0.45979    -0.00000
    -0.45979    -0.88803    -0.00122
    -0.00056    -0.00108     1.00000
           0           2          10           1
     2.48847     4.52947     8.67588
    -0.96727     0.25377    -0.00000
    -0.25376    -0.96727    -0.00105
    -0.00027    -0.00102     1.00000
           0           2          10           2
     2.49476     4.53396     2.98389
    -0.96726     0.25378    -0.00000
    -0.25378    -0.96726    -0.00105
    -0.00027    -0.00102     1.00000
           0           2          10           3
     2.50105     4.53845    -2.70811
    -0.96726     0.25381    -0.00000
    -0.25381    -0.96725    -0.00105
    -0.00027    -0.00102     1.00000
           0           2          10           4
     2.50733     4.54295    -8.40010
    -0.96725     0.25381    -0.00000
    -0.25381    -0.96725    -0.00105
    -0.00027    -0.00102     1.00000
           0           2          11           1
    -2.49191     4.52043    -8.56488
     0.96788     0.25140    -0.00000
     0.25140    -0.96788    -0.00085
    -0.00021     0.00082    -1.00000
           0           2          11           2
    -2.48935     4.51609    -2.87289
     0.96789     0.25138    -0.00000
     0.25138    -0.96789    -0.00085
    -0.00021     0.00082    -1.00000
           0           2          11           3
    -2.48679     4.51175     2.81911
     0.96789     0.25137    -0.00000
     0.25137    -0.96789    -0.00085
    -0.00021     0.00082    -1.00000
           0           2          11           4
    -2.48423     4.50741     8.51111
     0.96790     0.25135    -0.00000
     0.25135    -0.96789    -0.00085
    -0.00021     0.00082    -1.00000
           0           2          12           1
    -3.51654     3.84148    -8.55439
     0.87361     0.48663    -0.00000
     0.48663    -0.87361    -0.00088
    -0.00043     0.00077    -1.00000
           0           2          12           2
    -3.51398     3.83714    -2.86240
     0.87361     0.48663    -0.00000
     0.48663    -0.87361    -0.00088
    -0.00043     0.00077    -1.00000
           0           2          12           3
    -3.51142     3.83280     2.82960
     0.87361     0.48663    -0.00000
     0.48663    -0.87361    -0.00088
    -0.00043     0.00077    -1.00000
           0           2          12           4
    -3.50886     3.82846     8.52160
     0.87361     0.48663    -0.00000
     0.48663    -0.87361    -0.00088
    -0.00043     0.00077    -1.00000
           0           2          13           1
    -4.31233     2.89674    -8.56011
     0.73686     0.67605    -0.00000
     0.67605    -0.73686    -0.00087
    -0.00059     0.00064    -1.00000
           0           2          13           2
    -4.30977     2.89241    -2.86811
     0.73686     0.67604    -0.00000
     0.67604    -0.73686    -0.00087
    -0.00059     0.00064    -1.00000
           0           2          13           3
    -4.30722     2.88807     2.82389
     0.73686     0.67604    -0.00000
     0.67604    -0.73686    -0.00087
    -0.00059     0.00064    -1.00000
           0           2          13           4
    -4.30467     2.88373     8.51589
     0.73687     0.67604    -0.00000
     0.67604    -0.73687    -0.00087
    -0.00059     0.00064    -1.00000
           0           2          14           1
    -4.88154     1.81194    -8.55593
     0.54763     0.83672    -0.00000
     0.83672    -0.54763    -0.00080
    -0.00067     0.00044    -1.00000
           0           2          14           2
    -4.87897     1.80759    -2.86394
     0.54763     0.83672    -0.00000
     0.83672    -0.54763    -0.00080
    -0.00067     0.00044    -1.00000
           0           2          14           3
    -4.87639     1.80322     2.82806
     0.54762     0.83673    -0.00000
     0.83673    -0.54762    -0.00080
    -0.00067     0.00044    -1.00000
           0           2          14           4
    -4.87381     1.79888     8.52007
     0.54762     0.83673    -0.00000
     0.83673    -0.54762    -0.00080
    -0.00067     0.00044    -1.00000
           0           2          15           1
    -5.18258     0.62298    -8.55547
     0.33925     0.94069    -0.00000
     0.94069    -0.33925    -0.00068
    -0.00064     0.00023    -1.00000
           0           2          15           2
    -5.18000     0.61862    -2.86348
     0.33925     0.94069    -0.00000
     0.94069    -0.33925    -0.00068
    -0.00064     0.00023    -1.00000
           0           2          15           3
    -5.17743     0.61427     2.82852
     0.33925     0.94069    -0.00000
     0.94069    -0.33925    -0.00068
    -0.00064     0.00023    -1.00000
           0           2          15           4
    -5.17485     0.60992     8.52052
     0.33925     0.94070    -0.00000
     0.94069    -0.33925    -0.00068
    -0.00064     0.00023    -1.00000
           0           2          16           1
    -5.16682    -0.60525    -8.55264
     0.13626     0.99067    -0.00000
     0.99067    -0.13626    -0.00053
    -0.00053     0.00007    -1.00000
           0           2          16           2
    -5.16438    -0.60960    -2.86064
     0.13627     0.99067    -0.00000
     0.99067    -0.13627    -0.00053
    -0.00053     0.00007    -1.00000
           0           2          16           3
    -5.16193    -0.61394     2.83136
     0.13628     0.99067    -0.00000
     0.99067    -0.13628    -0.00053
    -0.00053     0.00007    -1.00000
           0           2          16           4
    -5.15949    -0.61829     8.52335
     0.13629     0.99067    -0.00000
     0.99067    -0.13629    -0.00053
    -0.00053     0.00007    -1.00000
           0           2          17           1
    -4.88208    -1.79741    -8.55607
    -0.11767     0.99305    -0.00000
     0.99305     0.11767    -0.00035
    -0.00035    -0.00004    -1.00000
           0           2          17           2
    -4.87955    -1.80176    -2.86407
    -0.11767     0.99305    -0.00000
     0.99305     0.11767    -0.00035
    -0.00035    -0.00004    -1.00000
           0           2          17           3
    -4.87703    -1.80611     2.82792
    -0.11767     0.99305    -0.00000
     0.99305     0.11767    -0.00035
    -0.00035    -0.00004    -1.00000
           0           2          17           4
    -4.87451    -1.81048     8.51992
    -0.11767     0.99305    -0.00000
     0.99305     0.11767    -0.00035
    -0.00035    -0.00004    -1.00000
           0           2          18           1
    -4.32850    -2.89193    -8.55818
    -0.34872     0.93723    -0.00000
     0.93723     0.34872    -0.00015
    -0.00014    -0.00005    -1.00000
           0           2          18           2
    -4.32598    -2.89628    -2.86618
    -0.34872     0.93723    -0.00000
     0.93723     0.34872    -0.00015
    -0.00014    -0.00005    -1.00000
           0           2          18           3
    -4.32344    -2.90065     2.82581
    -0.34872     0.93723    -0.00000
     0.93723     0.34872    -0.00015
    -0.00014    -0.00005    -1.00000
           0           2          18           4
    -4.32090    -2.90502     8.51781
    -0.34872     0.93723    -0.00000
     0.93723     0.34872    -0.00015
    -0.00014    -0.00005    -1.00000
           0           2          19           1
    -3.51796    -3.81448    -8.55387
    -0.57194     0.82029     0.00000
     0.82029     0.57194     0.00006
     0.00005     0.00003    -1.00000
           0           2          19           2
    -3.51537    -3.81879    -2.86187
    -0.57194     0.82029     0.00000
     0.82029     0.57194     0.00006
     0.00005     0.00003    -1.00000
           0           2          19           3
    -3.51279    -3.82310     2.83013
    -0.57194     0.82030     0.00000
     0.82030     0.57194     0.00006
     0.00005     0.00003    -1.00000
           0           2          19           4
    -3.51021    -3.82742     8.52213
    -0.57194     0.82030     0.00000
     0.82030     0.57194     0.00006
     0.00005     0.00003    -1.00000
           0           2          20           1
    -2.53397    -4.54434    -8.55450
    -0.74941     0.66210     0.00000
     0.66210     0.74941     0.00027
     0.00018     0.00020    -1.00000
           0           2          20           2
    -2.53140    -4.54865    -2.86250
    -0.74941     0.66210     0.00000
     0.66210     0.74941     0.00027
     0.00018     0.00020    -1.00000
           0           2          20           3
    -2.52883    -4.55295     2.82949
    -0.74941     0.66211     0.00000
     0.66211     0.74941     0.00027
     0.00018     0.00020    -1.00000
           0           2          20           4
    -2.52624    -4.55727     8.52149
    -0.74941     0.66211     0.00000
     0.66211     0.74941     0.00027
     0.00018     0.00020    -1.00000
           0           3           1           1
     5.61496   -10.34163    12.85285
    -0.87989    -0.47518     0.00000
    -0.47518     0.87989     0.00016
    -0.00008     0.00014    -1.00000
           0           3           1           2
     5.62199   -10.33667     6.47746
    -0.87989    -0.47518     0.00000
    -0.47518     0.87989     0.00016
    -0.00008     0.00014    -1.00000
           0           3           1           3
     5.62903   -10.33171     0.10207
    -0.87989    -0.47518     0.00000
    -0.47518     0.87989     0.00016
    -0.00008     0.00014    -1.00000
           0           3           1           4
     5.63605   -10.32675    -6.27333
    -0.87989    -0.47518     0.00000
    -0.47518     0.87989     0.00016
    -0.00008     0.00014    -1.00000
           0           3           1           5
     5.64308   -10.32180   -12.64872
    -0.87989    -0.47518     0.00000
    -0.47518     0.87989     0.00016
    -0.00008     0.00014    -1.00000
           0           3           2           1
     7.50646    -7.12463    12.84264
    -0.69120    -0.72266    -0.00000
    -0.72266     0.69120    -0.00026
     0.00019    -0.00018    -1.00000
           0           3           2           2
     7.51351    -7.11967     6.46725
    -0.69120    -0.72267    -0.00000
    -0.72267     0.69120    -0.00026
     0.00019    -0.00018    -1.00000
           0           3           2           3
     7.52056    -7.11472     0.09185
    -0.69120    -0.72267    -0.00000
    -0.72267     0.69120    -0.00026
     0.00019    -0.00018    -1.00000
           0           3           2           4
     7.52762    -7.10976    -6.28354
    -0.69120    -0.72267    -0.00000
    -0.72267     0.69120    -0.00026
     0.00019    -0.00018    -1.00000
           0           3           2           5
     7.53466    -7.10481   -12.65894
    -0.69120    -0.72267    -0.00000
    -0.72267     0.69120    -0.00026
     0.00019    -0.00018    -1.00000
           0           3           3           1
    11.50432    -5.67300    12.85926
    -0.43503    -0.90042    -0.00000
    -0.90042     0.43503    -0.00064
     0.00058    -0.00028    -1.00000
           0           3           3           2
    11.51128    -5.66799     6.48386
    -0.43503    -0.90041    -0.00000
    -0.90041     0.43503    -0.00064
     0.00058    -0.00028    -1.00000
           0           3           3           3
    11.51824    -5.66298     0.10847
    -0.43504    -0.90041    -0.00000
    -0.90041     0.43504    -0.00064
     0.00058    -0.00028    -1.00000
           0           3           3           4
    11.52520    -5.65796    -6.26693
    -0.43504    -0.90041    -0.00000
    -0.90041     0.43504    -0.00064
     0.00058    -0.00028    -1.00000
           0           3           3           5
    11.53216    -5.65296   -12.64232
    -0.43504    -0.90041    -0.00000
    -0.90041     0.43504    -0.00064
     0.00058    -0.00028    -1.00000
           0           3           4           1
    11.54086    -2.07789    12.86717
    -0.17192    -0.98511    -0.00000
    -0.98511     0.17192    -0.00094
     0.00093    -0.00016    -1.00000
           0           3           4           2
    11.54784    -2.07290     6.49178
    -0.17192    -0.98511    -0.00000
    -0.98511     0.17192    -0.00094
     0.00093    -0.00016    -1.00000
           0           3           4           3
    11.55482    -2.06792     0.11638
    -0.17192    -0.98511    -0.00000
    -0.98511     0.17192    -0.00094
     0.00093    -0.00016    -1.00000
           0           3           4           4
    11.56181    -2.06292    -6.25901
    -0.17193    -0.98511    -0.00000
    -0.98511     0.17193    -0.00094
     0.00093    -0.00016    -1.00000
           0           3           4           5
    11.56880    -2.05792   -12.63440
    -0.17193    -0.98511    -0.00000
    -0.98511     0.17193    -0.00094
     0.00093    -0.00016    -1.00000
           0           3           5           1
    10.21977     1.40744    12.85512
     0.13419    -0.99096    -0.00000
    -0.99095    -0.13419    -0.00120
     0.00119     0.00016    -1.00000
           0           3           5           2
    10.22679     1.41243     6.47973
     0.13420    -0.99095    -0.00000
    -0.99095    -0.13420    -0.00120
     0.00119     0.00016    -1.00000
           0           3           5           3
    10.23382     1.41742     0.10433
     0.13421    -0.99095    -0.00000
    -0.99095    -0.13421    -0.00120
     0.00119     0.00016    -1.00000
           0           3           5           4
    10.24084     1.42240    -6.27106
     0.13421    -0.99095    -0.00000
    -0.99095    -0.13421    -0.00120
     0.00119     0.00016    -1.00000
           0           3           5           5
    10.24786     1.42739   -12.64646
     0.13421    -0.99095    -0.00000
    -0.99095    -0.13421    -0.00120
     0.00119     0.00016    -1.00000
           0           3           6           1
    11.61244     5.43208    12.89070
     0.42051    -0.90729    -0.00000
    -0.90729    -0.42051    -0.00133
     0.00121     0.00056    -1.00000
           0           3           6           2
    11.61947     5.43707     6.51530
     0.42052    -0.90729    -0.00000
    -0.90728    -0.42052    -0.00133
     0.00121     0.00056    -1.00000
           0           3           6           3
    11.62647     5.44205     0.13990
     0.42052    -0.90728    -0.00000
    -0.90728    -0.42052    -0.00133
     0.00121     0.00056    -1.00000
           0           3           6           4
    11.63350     5.44704    -6.23550
     0.42052    -0.90728    -0.00000
    -0.90728    -0.42052    -0.00133
     0.00121     0.00056    -1.00000
           0           3           6           5
    11.64050     5.45204   -12.61088
     0.42052    -0.90728    -0.00000
    -0.90728    -0.42052    -0.00133
     0.00121     0.00056    -1.00000
           0           3           7           1
     8.86909     7.73881    12.87670
     0.65892    -0.75222    -0.00000
    -0.75222    -0.65892    -0.00134
     0.00101     0.00088    -1.00000
           0           3           7           2
     8.87610     7.74380     6.50132
     0.65892    -0.75222    -0.00000
    -0.75222    -0.65892    -0.00134
     0.00101     0.00088    -1.00000
           0           3           7           3
     8.88312     7.74879     0.12591
     0.65891    -0.75222    -0.00000
    -0.75222    -0.65891    -0.00134
     0.00101     0.00088    -1.00000
           0           3           7           4
     8.89013     7.75378    -6.24948
     0.65891    -0.75222    -0.00000
    -0.75222    -0.65891    -0.00134
     0.00101     0.00088    -1.00000
           0           3           7           5
     8.89714     7.75876   -12.62488
     0.65891    -0.75222    -0.00000
    -0.75222    -0.65891    -0.00134
     0.00101     0.00088    -1.00000
           0           3           8           1
     5.31735     8.92384    12.86365
     0.85861    -0.51263    -0.00000
    -0.51263    -0.85861    -0.00124
     0.00064     0.00106    -1.00000
           0           3           8           2
     5.32437     8.92883     6.48826
     0.85861    -0.51263    -0.00000
    -0.51263    -0.85861    -0.00124
     0.00064     0.00106    -1.00000
           0           3           8           3
     5.33138     8.93382     0.11286
     0.85861    -0.51263    -0.00000
    -0.51263    -0.85861    -0.00124
     0.00064     0.00106    -1.00000
           0           3           8           4
     5.33840     8.93881    -6.26253
     0.85861    -0.51263    -0.00000
    -0.51263    -0.85861    -0.00124
     0.00064     0.00106    -1.00000
           0           3           8           5
     5.34541     8.94379   -12.63792
     0.85861    -0.51263    -0.00000
    -0.51263    -0.85861    -0.00124
     0.00064     0.00106    -1.00000
           0           3           9           1
    -5.35550     8.93324   -12.79142
    -0.85977    -0.51069    -0.00000
     0.51069    -0.85977    -0.00089
     0.00045    -0.00077     1.00000
           0           3           9           2
    -5.35264     8.92838    -6.41603
    -0.85977    -0.51069    -0.00000
     0.51069    -0.85977    -0.00089
     0.00045    -0.00077     1.00000
           0           3           9           3
    -5.34977     8.92352    -0.04063
    -0.85977    -0.51068    -0.00000
     0.51068    -0.85977    -0.00089
     0.00045    -0.00077     1.00000
           0           3           9           4
    -5.34690     8.91866     6.33476
    -0.85977    -0.51068    -0.00000
     0.51068    -0.85977    -0.00089
     0.00045    -0.00077     1.00000
           0           3           9           5
    -5.34403     8.91381    12.71017
    -0.85977    -0.51068    -0.00000
     0.51068    -0.85977    -0.00089
     0.00045    -0.00077     1.00000
           0           3          10           1
    -8.91691     7.76201   -12.76314
    -0.66063    -0.75071    -0.00000
     0.75071    -0.66063    -0.00084
     0.00063    -0.00055     1.00000
           0           3          10           2
    -8.91404     7.75714    -6.38774
    -0.66064    -0.75071    -0.00000
     0.75071    -0.66063    -0.00084
     0.00063    -0.00055     1.00000
           0           3          10           3
    -8.91118     7.75229    -0.01235
    -0.66064    -0.75071    -0.00000
     0.75071    -0.66064    -0.00084
     0.00063    -0.00055     1.00000
           0           3          10           4
    -8.90832     7.74743     6.36305
    -0.66064    -0.75070    -0.00000
     0.75070    -0.66064    -0.00084
     0.00063    -0.00055     1.00000
           0           3          10           5
    -8.90548     7.74259    12.73845
    -0.66064    -0.75070    -0.00000
     0.75070    -0.66064    -0.00084
     0.00063    -0.00055     1.00000
           0           3          11           1
   -11.67516     5.45541   -12.77282
    -0.41720    -0.90881    -0.00000
     0.90881    -0.41720    -0.00073
     0.00066    -0.00030     1.00000
           0           3          11           2
   -11.67229     5.45053    -6.39742
    -0.41720    -0.90881    -0.00000
     0.90881    -0.41720    -0.00073
     0.00066    -0.00030     1.00000
           0           3          11           3
   -11.66939     5.44566    -0.02202
    -0.41720    -0.90881    -0.00000
     0.90881    -0.41720    -0.00073
     0.00066    -0.00030     1.00000
           0           3          11           4
   -11.66652     5.44078     6.35338
    -0.41720    -0.90881    -0.00000
     0.90881    -0.41720    -0.00073
     0.00066    -0.00030     1.00000
           0           3          11           5
   -11.66365     5.43590    12.72876
    -0.41720    -0.90882    -0.00000
     0.90882    -0.41720    -0.00073
     0.00066    -0.00030     1.00000
           0           3          12           1
   -10.30477     1.43718   -12.75499
    -0.12362    -0.99233    -0.00000
     0.99233    -0.12362    -0.00055
     0.00055    -0.00007     1.00000
           0           3          12           2
   -10.30186     1.43230    -6.37960
    -0.12361    -0.99233    -0.00000
     0.99233    -0.12361    -0.00055
     0.00055    -0.00007     1.00000
           0           3          12           3
   -10.29894     1.42743    -0.00420
    -0.12361    -0.99233    -0.00000
     0.99233    -0.12361    -0.00055
     0.00055    -0.00007     1.00000
           0           3          12           4
   -10.29601     1.42257     6.37120
    -0.12360    -0.99233    -0.00000
     0.99233    -0.12360    -0.00055
     0.00055    -0.00007     1.00000
           0           3          12           5
   -10.29308     1.41769    12.74659
    -0.12359    -0.99233    -0.00000
     0.99233    -0.12359    -0.00055
     0.00055    -0.00007     1.00000
           0           3          13           1
   -11.52959    -2.03706   -12.76973
     0.15875    -0.98732    -0.00000
     0.98732     0.15875    -0.00031
     0.00031     0.00005     1.00000
           0           3          13           2
   -11.52682    -2.04192    -6.39434
     0.15875    -0.98732    -0.00000
     0.98732     0.15875    -0.00031
     0.00031     0.00005     1.00000
           0           3          13           3
   -11.52405    -2.04680    -0.01894
     0.15874    -0.98732    -0.00000
     0.98732     0.15874    -0.00031
     0.00031     0.00005     1.00000
           0           3          13           4
   -11.52129    -2.05167     6.35645
     0.15874    -0.98732    -0.00000
     0.98732     0.15874    -0.00031
     0.00031     0.00005     1.00000
           0           3          13           5
   -11.51851    -2.05652    12.73186
     0.15874    -0.98732    -0.00000
     0.98732     0.15874    -0.00031
     0.00031     0.00005     1.00000
           0           3          14           1
   -11.52787    -5.63926   -12.79258
     0.44242    -0.89681    -0.00000
     0.89681     0.44242    -0.00007
     0.00006     0.00003     1.00000
           0           3          14           2
   -11.52501    -5.64412    -6.41718
     0.44242    -0.89681    -0.00000
     0.89681     0.44242    -0.00007
     0.00006     0.00003     1.00000
           0           3          14           3
   -11.52213    -5.64899    -0.04179
     0.44242    -0.89681    -0.00000
     0.89681     0.44242    -0.00007
     0.00006     0.00003     1.00000
           0           3          14           4
   -11.51925    -5.65388     6.33361
     0.44242    -0.89681    -0.00000
     0.89681     0.44242    -0.00007
     0.00006     0.00003     1.00000
           0           3          14           5
   -11.51638    -5.65874    12.70901
     0.44242    -0.89681    -0.00000
     0.89681     0.44242    -0.00007
     0.00006     0.00003     1.00000
           0           3          15           1
    -7.49137    -7.05340   -12.77593
     0.69412    -0.71986     0.00000
     0.71986     0.69412     0.00020
    -0.00014    -0.00014     1.00000
           0           3          15           2
    -7.48849    -7.05822    -6.40053
     0.69412    -0.71986     0.00000
     0.71986     0.69412     0.00020
    -0.00014    -0.00014     1.00000
           0           3          15           3
    -7.48559    -7.06302    -0.02514
     0.69412    -0.71986     0.00000
     0.71986     0.69412     0.00020
    -0.00014    -0.00014     1.00000
           0           3          15           4
    -7.48270    -7.06784     6.35026
     0.69412    -0.71986     0.00000
     0.71986     0.69412     0.00020
    -0.00014    -0.00014     1.00000
           0           3          15           5
    -7.47980    -7.07266    12.72566
     0.69412    -0.71986     0.00000
     0.71986     0.69412     0.00020
    -0.00014    -0.00014     1.00000
           0           3          16           1
    -5.64625   -10.31595   -12.78121
     0.87829    -0.47813     0.00000
     0.47813     0.87829     0.00045
    -0.00022    -0.00040     1.00000
           0           3          16           2
    -5.64339   -10.32082    -6.40581
     0.87829    -0.47813     0.00000
     0.47813     0.87829     0.00045
    -0.00022    -0.00040     1.00000
           0           3          16           3
    -5.64053   -10.32568    -0.03042
     0.87829    -0.47813     0.00000
     0.47813     0.87829     0.00045
    -0.00022    -0.00040     1.00000
           0           3          16           4
    -5.63766   -10.33054     6.34497
     0.87829    -0.47813     0.00000
     0.47813     0.87829     0.00045
    -0.00022    -0.00040     1.00000
           0           3          16           5
    -5.63477   -10.33541    12.72037
     0.87829    -0.47813     0.00000
     0.47813     0.87829     0.00045
    -0.00022    -0.00040     1.00000
           0           4           1           1
     6.56011   -14.08826   -15.83624
     0.90597     0.42334     0.00000
    -0.42334     0.90597     0.00025
     0.00011    -0.00023     1.00000
           0           4           1           2
     6.55311   -14.09326    -9.46085
     0.90597     0.42334     0.00000
    -0.42334     0.90597     0.00025
     0.00011    -0.00023     1.00000
           0           4           1           3
     6.54611   -14.09828    -3.08545
     0.90597     0.42334     0.00000
    -0.42334     0.90597     0.00025
     0.00011    -0.00023     1.00000
           0           4           1           4
     6.53910   -14.10329     3.28994
     0.90597     0.42334     0.00000
    -0.42334     0.90597     0.00025
     0.00011    -0.00023     1.00000
           0           4           1           5
     6.53210   -14.10831     9.66534
     0.90597     0.42334     0.00000
    -0.42334     0.90597     0.00025
     0.00011    -0.00023     1.00000
           0           4           1           6
     6.52511   -14.11332    16.04073
     0.90597     0.42334     0.00000
    -0.42334     0.90597     0.00025
     0.00011    -0.00023     1.00000
           0           4           2           1
    10.14724   -13.28054   -15.84417
     0.80058     0.59922    -0.00000
    -0.59922     0.80058    -0.00004
    -0.00002     0.00003     1.00000
           0           4           2           2
    10.14018   -13.28547    -9.46877
     0.80058     0.59922    -0.00000
    -0.59922     0.80058    -0.00004
    -0.00002     0.00003     1.00000
           0           4           2           3
    10.13312   -13.29041    -3.09338
     0.80058     0.59922    -0.00000
    -0.59922     0.80058    -0.00004
    -0.00002     0.00003     1.00000
           0           4           2           4
    10.12607   -13.29533     3.28202
     0.80058     0.59922    -0.00000
    -0.59922     0.80058    -0.00004
    -0.00002     0.00003     1.00000
           0           4           2           5
    10.11901   -13.30026     9.65741
     0.80058     0.59922    -0.00000
    -0.59922     0.80058    -0.00004
    -0.00002     0.00003     1.00000
           0           4           2           6
    10.11196   -13.30520    16.03281
     0.80058     0.59922    -0.00000
    -0.59922     0.80058    -0.00004
    -0.00002     0.00003     1.00000
           0           4           3           1
    13.47941   -11.72474   -15.80844
     0.65839     0.75267    -0.00000
    -0.75267     0.65839    -0.00031
    -0.00023     0.00020     1.00000
           0           4           3           2
    13.47239   -11.72972    -9.43304
     0.65839     0.75267    -0.00000
    -0.75267     0.65839    -0.00031
    -0.00023     0.00020     1.00000
           0           4           3           3
    13.46537   -11.73470    -3.05765
     0.65839     0.75267    -0.00000
    -0.75267     0.65839    -0.00031
    -0.00023     0.00020     1.00000
           0           4           3           4
    13.45835   -11.73969     3.31775
     0.65839     0.75267    -0.00000
    -0.75267     0.65839    -0.00031
    -0.00023     0.00020     1.00000
           0           4           3           5
    13.45132   -11.74467     9.69314
     0.65839     0.75267    -0.00000
    -0.75267     0.65839    -0.00031
    -0.00023     0.00020     1.00000
           0           4           3           6
    13.44431   -11.74965    16.06853
     0.65839     0.75267    -0.00000
    -0.75267     0.65839    -0.00031
    -0.00023     0.00020     1.00000
           0           4           4           1
    13.63803    -7.54709   -15.83456
     0.48473     0.87467    -0.00000
    -0.87467     0.48473    -0.00058
    -0.00051     0.00028     1.00000
           0           4           4           2
    13.63103    -7.55209    -9.45917
     0.48472     0.87467    -0.00000
    -0.87467     0.48472    -0.00058
    -0.00051     0.00028     1.00000
           0           4           4           3
    13.62405    -7.55708    -3.08377
     0.48472     0.87467    -0.00000
    -0.87467     0.48472    -0.00058
    -0.00051     0.00028     1.00000
           0           4           4           4
    13.61704    -7.56206     3.29162
     0.48472     0.87467    -0.00000
    -0.87467     0.48472    -0.00058
    -0.00051     0.00028     1.00000
           0           4           4           5
    13.61003    -7.56707     9.66701
     0.48472     0.87467    -0.00000
    -0.87467     0.48472    -0.00058
    -0.00051     0.00028     1.00000
           0           4           4           6
    13.60304    -7.57206    16.04239
     0.48472     0.87467    -0.00000
    -0.87467     0.48472    -0.00058
    -0.00051     0.00028     1.00000
           0           4           5           1
    15.99239    -4.74929   -15.82426
     0.28608     0.95820    -0.00000
    -0.95820     0.28608    -0.00083
    -0.00080     0.00024     1.00000
           0           4           5           2
    15.98538    -4.75428    -9.44886
     0.28608     0.95820    -0.00000
    -0.95820     0.28608    -0.00083
    -0.00080     0.00024     1.00000
           0           4           5           3
    15.97837    -4.75927    -3.07347
     0.28608     0.95820    -0.00000
    -0.95820     0.28608    -0.00083
    -0.00080     0.00024     1.00000
           0           4           5           4
    15.97137    -4.76427     3.30193
     0.28608     0.95820    -0.00000
    -0.95820     0.28608    -0.00083
    -0.00080     0.00024     1.00000
           0           4           5           5
    15.96434    -4.76926     9.67731
     0.28608     0.95820    -0.00000
    -0.95820     0.28608    -0.00083
    -0.00080     0.00024     1.00000
           0           4           5           6
    15.95733    -4.77425    16.05271
     0.28608     0.95820    -0.00000
    -0.95820     0.28608    -0.00083
    -0.00080     0.00024     1.00000
           0           4           6           1
    17.72082    -1.54226   -15.80284
     0.08962     0.99598    -0.00000
    -0.99598     0.08962    -0.00103
    -0.00103     0.00009     1.00000
           0           4           6           2
    17.71380    -1.54725    -9.42745
     0.08962     0.99598    -0.00000
    -0.99598     0.08962    -0.00103
    -0.00103     0.00009     1.00000
           0           4           6           3
    17.70679    -1.55224    -3.05206
     0.08962     0.99598    -0.00000
    -0.99598     0.08962    -0.00103
    -0.00103     0.00009     1.00000
           0           4           6           4
    17.69977    -1.55723     3.32334
     0.08962     0.99598    -0.00000
    -0.99598     0.08962    -0.00103
    -0.00103     0.00009     1.00000
           0           4           6           5
    17.69274    -1.56221     9.69873
     0.08963     0.99598    -0.00000
    -0.99598     0.08963    -0.00103
    -0.00103     0.00009     1.00000
           0           4           6           6
    17.68572    -1.56720    16.07413
     0.08963     0.99598    -0.00000
    -0.99598     0.08963    -0.00103
    -0.00103     0.00009     1.00000
           0           4           7           1
    15.44464     1.90827   -15.83273
    -0.11583     0.99327    -0.00000
    -0.99327    -0.11583    -0.00119
    -0.00118    -0.00014     1.00000
           0           4           7           2
    15.43759     1.90327    -9.45735
    -0.11582     0.99327    -0.00000
    -0.99327    -0.11582    -0.00119
    -0.00118    -0.00014     1.00000
           0           4           7           3
    15.43056     1.89828    -3.08195
    -0.11582     0.99327    -0.00000
    -0.99327    -0.11582    -0.00119
    -0.00118    -0.00014     1.00000
           0           4           7           4
    15.42352     1.89329     3.29345
    -0.11582     0.99327    -0.00000
    -0.99327    -0.11582    -0.00119
    -0.00118    -0.00014     1.00000
           0           4           7           5
    15.41649     1.88830     9.66884
    -0.11582     0.99327    -0.00000
    -0.99327    -0.11582    -0.00119
    -0.00118    -0.00014     1.00000
           0           4           7           6
    15.40945     1.88330    16.04424
    -0.11581     0.99327    -0.00000
    -0.99327    -0.11581    -0.00119
    -0.00118    -0.00014     1.00000
           0           4           8           1
    15.75119     5.57807   -15.78866
    -0.32579     0.94544    -0.00000
    -0.94544    -0.32579    -0.00130
    -0.00123    -0.00042     1.00000
           0           4           8           2
    15.74415     5.57308    -9.41327
    -0.32579     0.94544    -0.00000
    -0.94544    -0.32579    -0.00130
    -0.00123    -0.00042     1.00000
           0           4           8           3
    15.73713     5.56808    -3.03787
    -0.32578     0.94544    -0.00000
    -0.94544    -0.32578    -0.00130
    -0.00123    -0.00042     1.00000
           0           4           8           4
    15.73010     5.56308     3.33752
    -0.32578     0.94545    -0.00000
    -0.94544    -0.32578    -0.00130
    -0.00123    -0.00042     1.00000
           0           4           8           5
    15.72307     5.55810     9.71293
    -0.32578     0.94545    -0.00000
    -0.94545    -0.32578    -0.00130
    -0.00123    -0.00042     1.00000
           0           4           8           6
    15.71605     5.55311    16.08832
    -0.32577     0.94545    -0.00000
    -0.94545    -0.32577    -0.00130
    -0.00123    -0.00042     1.00000
           0           4           9           1
    15.28580     9.21821   -15.78082
    -0.51326     0.85824    -0.00000
    -0.85823    -0.51326    -0.00135
    -0.00116    -0.00069     1.00000
           0           4           9           2
    15.27879     9.21322    -9.40542
    -0.51326     0.85824    -0.00000
    -0.85824    -0.51326    -0.00135
    -0.00116    -0.00069     1.00000
           0           4           9           3
    15.27178     9.20824    -3.03003
    -0.51325     0.85824    -0.00000
    -0.85824    -0.51325    -0.00135
    -0.00116    -0.00069     1.00000
           0           4           9           4
    15.26476     9.20326     3.34536
    -0.51325     0.85824    -0.00000
    -0.85824    -0.51325    -0.00135
    -0.00116    -0.00069     1.00000
           0           4           9           5
    15.25774     9.19826     9.72076
    -0.51325     0.85824    -0.00000
    -0.85824    -0.51325    -0.00135
    -0.00116    -0.00069     1.00000
           0           4           9           6
    15.25074     9.19327    16.09615
    -0.51325     0.85824    -0.00000
    -0.85824    -0.51325    -0.00135
    -0.00116    -0.00069     1.00000
           0           4          10           1
    11.43332    10.66061   -15.83097
    -0.68359     0.72987    -0.00000
    -0.72987    -0.68359    -0.00134
    -0.00098    -0.00092     1.00000
           0           4          10           2
    11.42630    10.65562    -9.45558
    -0.68359     0.72987    -0.00000
    -0.72987    -0.68359    -0.00134
    -0.00098    -0.00092     1.00000
           0           4          10           3
    11.41928    10.65063    -3.08018
    -0.68359     0.72987    -0.00000
    -0.72986    -0.68359    -0.00134
    -0.00098    -0.00092     1.00000
           0           4          10           4
    11.41227    10.64564     3.29521
    -0.68359     0.72986    -0.00000
    -0.72986    -0.68359    -0.00134
    -0.00098    -0.00092     1.00000
           0           4          10           5
    11.40526    10.64065     9.67061
    -0.68359     0.72986    -0.00000
    -0.72986    -0.68359    -0.00134
    -0.00098    -0.00092     1.00000
           0           4          10           6
    11.39824    10.63566    16.04600
    -0.68359     0.72986    -0.00000
    -0.72986    -0.68359    -0.00134
    -0.00098    -0.00092     1.00000
           0           4          11           1
     9.48341    13.77025   -15.81122
    -0.82366     0.56708    -0.00000
    -0.56708    -0.82366    -0.00127
    -0.00072    -0.00105     1.00000
           0           4          11           2
     9.47640    13.76526    -9.43582
    -0.82366     0.56708    -0.00000
    -0.56708    -0.82366    -0.00127
    -0.00072    -0.00105     1.00000
           0           4          11           3
     9.46939    13.76027    -3.06043
    -0.82366     0.56708    -0.00000
    -0.56708    -0.82366    -0.00127
    -0.00072    -0.00105     1.00000
           0           4          11           4
     9.46237    13.75528     3.31496
    -0.82366     0.56708    -0.00000
    -0.56708    -0.82366    -0.00127
    -0.00072    -0.00105     1.00000
           0           4          11           5
     9.45536    13.75029     9.69036
    -0.82366     0.56708    -0.00000
    -0.56708    -0.82366    -0.00127
    -0.00072    -0.00105     1.00000
           0           4          11           6
     9.44835    13.74531    16.06575
    -0.82366     0.56708    -0.00000
    -0.56708    -0.82366    -0.00127
    -0.00072    -0.00105     1.00000
           0           4          12           1
     6.97835    16.43459   -15.80706
    -0.91995     0.39204    -0.00000
    -0.39204    -0.91995    -0.00115
    -0.00045    -0.00106     1.00000
           0           4          12           2
     6.97133    16.42960    -9.43167
    -0.91995     0.39204    -0.00000
    -0.39204    -0.91995    -0.00115
    -0.00045    -0.00106     1.00000
           0           4          12           3
     6.96433    16.42462    -3.05627
    -0.91995     0.39204    -0.00000
    -0.39204    -0.91995    -0.00115
    -0.00045    -0.00106     1.00000
           0           4          12           4
     6.95732    16.41964     3.31912
    -0.91995     0.39204    -0.00000
    -0.39204    -0.91995    -0.00115
    -0.00045    -0.00106     1.00000
           0           4          12           5
     6.95031    16.41467     9.69451
    -0.91995     0.39204    -0.00000
    -0.39204    -0.91995    -0.00115
    -0.00045    -0.00106     1.00000
           0           4          12           6
     6.94330    16.40968    16.06991
    -0.91995     0.39204    -0.00000
    -0.39204    -0.91995    -0.00115
    -0.00045    -0.00106     1.00000
           0           4          13           1
    -7.00047    16.43304    15.92448
     0.91933     0.39349    -0.00000
     0.39349    -0.91933    -0.00088
    -0.00035     0.00081    -1.00000
           0           4          13           2
    -7.00334    16.43789     9.54907
     0.91933     0.39349    -0.00000
     0.39349    -0.91933    -0.00088
    -0.00035     0.00081    -1.00000
           0           4          13           3
    -7.00620    16.44275     3.17369
     0.91933     0.39349    -0.00000
     0.39349    -0.91933    -0.00088
    -0.00035     0.00081    -1.00000
           0           4          13           4
    -7.00907    16.44760    -3.20171
     0.91933     0.39349    -0.00000
     0.39349    -0.91933    -0.00088
    -0.00035     0.00081    -1.00000
           0           4          13           5
    -7.01194    16.45246    -9.57711
     0.91933     0.39349    -0.00000
     0.39349    -0.91933    -0.00088
    -0.00035     0.00081    -1.00000
           0           4          13           6
    -7.01481    16.45732   -15.95251
     0.91933     0.39349    -0.00000
     0.39349    -0.91933    -0.00088
    -0.00035     0.00081    -1.00000
           0           4          14           1
    -9.49164    13.73164    15.90309
     0.82334     0.56755    -0.00000
     0.56755    -0.82334    -0.00088
    -0.00050     0.00072    -1.00000
           0           4          14           2
    -9.49451    13.73650     9.52768
     0.82334     0.56755    -0.00000
     0.56755    -0.82334    -0.00088
    -0.00050     0.00072    -1.00000
           0           4          14           3
    -9.49738    13.74136     3.15230
     0.82334     0.56755    -0.00000
     0.56755    -0.82334    -0.00088
    -0.00050     0.00072    -1.00000
           0           4          14           4
    -9.50025    13.74622    -3.22310
     0.82334     0.56755    -0.00000
     0.56755    -0.82334    -0.00088
    -0.00050     0.00072    -1.00000
           0           4          14           5
    -9.50312    13.75108    -9.59850
     0.82334     0.56755    -0.00000
     0.56755    -0.82334    -0.00088
    -0.00050     0.00072    -1.00000
           0           4          14           6
    -9.50599    13.75594   -15.97390
     0.82334     0.56755    -0.00000
     0.56755    -0.82334    -0.00088
    -0.00050     0.00072    -1.00000
           0           4          15           1
   -11.41492    10.58232    15.90889
     0.68381     0.72966    -0.00000
     0.72966    -0.68381    -0.00085
    -0.00062     0.00058    -1.00000
           0           4          15           2
   -11.41779    10.58717     9.53348
     0.68381     0.72966    -0.00000
     0.72966    -0.68381    -0.00085
    -0.00062     0.00058    -1.00000
           0           4          15           3
   -11.42065    10.59202     3.15809
     0.68381     0.72966    -0.00000
     0.72966    -0.68381    -0.00085
    -0.00062     0.00058    -1.00000
           0           4          15           4
   -11.42353    10.59688    -3.21731
     0.68381     0.72966    -0.00000
     0.72966    -0.68381    -0.00085
    -0.00062     0.00058    -1.00000
           0           4          15           5
   -11.42639    10.60174    -9.59270
     0.68381     0.72966    -0.00000
     0.72966    -0.68381    -0.00085
    -0.00062     0.00058    -1.00000
           0           4          15           6
   -11.42927    10.60660   -15.96810
     0.68381     0.72966    -0.00000
     0.72966    -0.68381    -0.00085
    -0.00062     0.00058    -1.00000
           0           4          16           1
   -15.27176     9.12696    15.91758
     0.51314     0.85830    -0.00000
     0.85830    -0.51314    -0.00078
    -0.00067     0.00040    -1.00000
           0           4          16           2
   -15.27464     9.13182     9.54217
     0.51314     0.85830    -0.00000
     0.85830    -0.51314    -0.00078
    -0.00067     0.00040    -1.00000
           0           4          16           3
   -15.27750     9.13668     3.16678
     0.51314     0.85830    -0.00000
     0.85830    -0.51314    -0.00078
    -0.00067     0.00040    -1.00000
           0           4          16           4
   -15.28037     9.14154    -3.20862
     0.51314     0.85830    -0.00000
     0.85830    -0.51314    -0.00078
    -0.00067     0.00040    -1.00000
           0           4          16           5
   -15.28326     9.14639    -9.58401
     0.51314     0.85830    -0.00000
     0.85830    -0.51314    -0.00078
    -0.00067     0.00040    -1.00000
           0           4          16           6
   -15.28613     9.15126   -15.95941
     0.51314     0.85830    -0.00000
     0.85830    -0.51314    -0.00078
    -0.00067     0.00040    -1.00000
           0           4          17           1
   -15.76230     5.52988    15.90016
     0.33184     0.94334    -0.00000
     0.94334    -0.33184    -0.00068
    -0.00064     0.00023    -1.00000
           0           4          17           2
   -15.76517     5.53474     9.52476
     0.33184     0.94334    -0.00000
     0.94334    -0.33184    -0.00068
    -0.00064     0.00023    -1.00000
           0           4          17           3
   -15.76803     5.53960     3.14937
     0.33184     0.94334    -0.00000
     0.94334    -0.33184    -0.00068
    -0.00064     0.00023    -1.00000
           0           4          17           4
   -15.77090     5.54445    -3.22603
     0.33184     0.94334    -0.00000
     0.94334    -0.33184    -0.00068
    -0.00064     0.00023    -1.00000
           0           4          17           5
   -15.77377     5.54931    -9.60143
     0.33184     0.94334    -0.00000
     0.94334    -0.33184    -0.00068
    -0.00064     0.00023    -1.00000
           0           4          17           6
   -15.77664     5.55417   -15.97682
     0.33184     0.94334    -0.00000
     0.94334    -0.33184    -0.00068
    -0.00064     0.00023    -1.00000
           0           4          18           1
   -15.45349     1.86456    15.89658
     0.12047     0.99272    -0.00000
     0.99272    -0.12047    -0.00054
    -0.00054     0.00007    -1.00000
           0           4          18           2
   -15.45637     1.86941     9.52118
     0.12047     0.99272    -0.00000
     0.99272    -0.12047    -0.00054
    -0.00054     0.00007    -1.00000
           0           4          18           3
   -15.45924     1.87427     3.14579
     0.12047     0.99272    -0.00000
     0.99272    -0.12047    -0.00054
    -0.00054     0.00007    -1.00000
           0           4          18           4
   -15.46210     1.87913    -3.22961
     0.12047     0.99272    -0.00000
     0.99272    -0.12047    -0.00054
    -0.00054     0.00007    -1.00000
           0           4          18           5
   -15.46497     1.88399    -9.60500
     0.12047     0.99272    -0.00000
     0.99272    -0.12047    -0.00054
    -0.00054     0.00007    -1.00000
           0           4          18           6
   -15.46784     1.88885   -15.98040
     0.12047     0.99272    -0.00000
     0.99272    -0.12047    -0.00054
    -0.00054     0.00007    -1.00000
           0           4          19           1
   -17.66886    -1.56665    15.88731
    -0.07638     0.99708    -0.00000
     0.99708     0.07638    -0.00038
    -0.00038    -0.00003    -1.00000
           0           4          19           2
   -17.67164    -1.56178     9.51191
    -0.07638     0.99708    -0.00000
     0.99708     0.07638    -0.00038
    -0.00038    -0.00003    -1.00000
           0           4          19           3
   -17.67444    -1.55692     3.13652
    -0.07638     0.99708    -0.00000
     0.99708     0.07638    -0.00038
    -0.00038    -0.00003    -1.00000
           0           4          19           4
   -17.67725    -1.55206    -3.23888
    -0.07638     0.99708    -0.00000
     0.99708     0.07638    -0.00038
    -0.00038    -0.00003    -1.00000
           0           4          19           5
   -17.68006    -1.54719    -9.61428
    -0.07639     0.99708    -0.00000
     0.99708     0.07639    -0.00038
    -0.00038    -0.00003    -1.00000
           0           4          19           6
   -17.68287    -1.54231   -15.98968
    -0.07639     0.99708    -0.00000
     0.99708     0.07639    -0.00038
    -0.00038    -0.00003    -1.00000
           0           4          20           1
   -15.97443    -4.78369    15.88805
    -0.28385     0.95887    -0.00000
     0.95887     0.28385    -0.00021
    -0.00020    -0.00006    -1.00000
           0           4          20           2
   -15.97729    -4.77882     9.51265
    -0.28385     0.95887    -0.00000
     0.95887     0.28385    -0.00021
    -0.00020    -0.00006    -1.00000
           0           4          20           3
   -15.98014    -4.77396     3.13726
    -0.28385     0.95887    -0.00000
     0.95887     0.28385    -0.00021
    -0.00020    -0.00006    -1.00000
           0           4          20           4
   -15.98300    -4.76909    -3.23814
    -0.28385     0.95887    -0.00000
     0.95887     0.28385    -0.00021
    -0.00020    -0.00006    -1.00000
           0           4          20           5
   -15.98585    -4.76424    -9.61354
    -0.28385     0.95887    -0.00000
     0.95887     0.28385    -0.00021
    -0.00020    -0.00006    -1.00000
           0           4          20           6
   -15.98870    -4.75937   -15.98893
    -0.28385     0.95887    -0.00000
     0.95887     0.28385    -0.00021
    -0.00020    -0.00006    -1.00000
           0           4          21           1
   -13.59114    -7.56869    15.88132
    -0.49175     0.87074    -0.00000
     0.87074     0.49175    -0.00002
    -0.00002    -0.00001    -1.00000
           0           4          21           2
   -13.59404    -7.56385     9.50591
    -0.49175     0.87074    -0.00000
     0.87074     0.49175    -0.00002
    -0.00002    -0.00001    -1.00000
           0           4          21           3
   -13.59694    -7.55901     3.13052
    -0.49175     0.87074    -0.00000
     0.87074     0.49175    -0.00002
    -0.00002    -0.00001    -1.00000
           0           4          21           4
   -13.59984    -7.55418    -3.24488
    -0.49175     0.87074    -0.00000
     0.87074     0.49175    -0.00002
    -0.00002    -0.00001    -1.00000
           0           4          21           5
   -13.60273    -7.54934    -9.62027
    -0.49175     0.87074    -0.00000
     0.87074     0.49175    -0.00002
    -0.00002    -0.00001    -1.00000
           0           4          21           6
   -13.60563    -7.54449   -15.99567
    -0.49175     0.87074    -0.00000
     0.87074     0.49175    -0.00002
    -0.00002    -0.00001    -1.00000
           0           4          22           1
   -13.40258   -11.68733    15.89140
    -0.66772     0.74441     0.00000
     0.74441     0.66772     0.00016
     0.00012     0.00011    -1.00000
           0           4          22           2
   -13.40551   -11.68252     9.51599
    -0.66772     0.74441     0.00000
     0.74441     0.66772     0.00016
     0.00012     0.00011    -1.00000
           0           4          22           3
   -13.40844   -11.67771     3.14060
    -0.66772     0.74441     0.00000
     0.74441     0.66772     0.00016
     0.00012     0.00011    -1.00000
           0           4          22           4
   -13.41136   -11.67291    -3.23479
    -0.66772     0.74441     0.00000
     0.74441     0.66772     0.00016
     0.00012     0.00011    -1.00000
           0           4          22           5
   -13.41427   -11.66810    -9.61019
    -0.66772     0.74441     0.00000
     0.74441     0.66772     0.00016
     0.00012     0.00011    -1.00000
           0           4          22           6
   -13.41720   -11.66327   -15.98559
    -0.66772     0.74441     0.00000
     0.74441     0.66772     0.00016
     0.00012     0.00011    -1.00000
           0           4          23           1
   -10.09681   -13.25088    15.89741
    -0.80518     0.59303     0.00000
     0.59303     0.80518     0.00033
     0.00020     0.00027    -1.00000
           0           4          23           2
   -10.09973   -13.24608     9.52200
    -0.80518     0.59303     0.00000
     0.59303     0.80518     0.00033
     0.00020     0.00027    -1.00000
           0           4          23           3
   -10.10265   -13.24129     3.14661
    -0.80518     0.59302     0.00000
     0.59302     0.80518     0.00033
     0.00020     0.00027    -1.00000
           0           4          23           4
   -10.10557   -13.23650    -3.22878
    -0.80519     0.59302     0.00000
     0.59302     0.80519     0.00033
     0.00020     0.00027    -1.00000
           0           4          23           5
   -10.10849   -13.23170    -9.60418
    -0.80519     0.59302     0.00000
     0.59302     0.80519     0.00033
     0.00020     0.00027    -1.00000
           0           4          23           6
   -10.11141   -13.22690   -15.97958
    -0.80519     0.59302     0.00000
     0.59302     0.80519     0.00033
     0.00020     0.00027    -1.00000
           0           4          24           1
    -6.55114   -14.11526    15.88105
    -0.90750     0.42006     0.00000
     0.42006     0.90750     0.00050
     0.00021     0.00045    -1.00000
           0           4          24           2
    -6.55401   -14.11040     9.50564
    -0.90750     0.42006     0.00000
     0.42006     0.90750     0.00050
     0.00021     0.00045    -1.00000
           0           4          24           3
    -6.55687   -14.10554     3.13025
    -0.90750     0.42006     0.00000
     0.42006     0.90750     0.00050
     0.00021     0.00045    -1.00000
           0           4          24           4
    -6.55974   -14.10068    -3.24515
    -0.90750     0.42006     0.00000
     0.42006     0.90750     0.00050
     0.00021     0.00045    -1.00000
           0           4          24           5
    -6.56261   -14.09582    -9.62054
    -0.90750     0.42006     0.00000
     0.42006     0.90750     0.00050
     0.00021     0.00045    -1.00000
           0           4          24           6
    -6.56548   -14.09096   -15.99594
    -0.90750     0.42006     0.00000
     0.42006     0.90750     0.00050
     0.00021     0.00045    -1.00000
