 SVX cage parameters:
     2.20000
     0.50000     0.20000
     0.00000
           6
   -40.00000   -26.50000   -26.50000    26.50000    26.50000    40.00000
    53.00000    53.00000    22.00000    22.00000    53.00000    53.00000
     0.00000     0.00000     0.00000
 SVX barrel parameters:
           4
     2.63000     5.13000    11.76500    16.68700     1.21400
     0.00000     0.00000     0.00000     0.00000
           4           4           5           6
     0.69600     0.69600     1.74500     1.74500
     0.01000     0.01000     0.03125     0.03125
     2.83600     2.83600     3.18770     3.18770
     0.01900     0.01900     0.00000     0.00000
     0.02000     0.02000     0.00000     0.00000
    26.70000    13.60000    17.00000    12.00000
   -13.00000   -13.02000     0.00000     0.00000
           2
           5           5
     0.00000   180.00000
           2
          10          10
     0.00000   180.00000
           2
           8           8
     0.00000   180.00000
           2
          12          12
     0.00000   180.00000
 SVX barrel sensor rotation matrices and translation vectors:
           0           1           1           1
     1.70916    -1.99889     8.53800
     0.59337     0.80493    -0.00000
    -0.80493     0.59337    -0.00000
    -0.00000     0.00000     1.00000
           0           1           1           2
     1.70916    -1.99889     2.84600
     0.59337     0.80493    -0.00000
    -0.80493     0.59337    -0.00000
    -0.00000     0.00000     1.00000
           0           1           1           3
     1.70916    -1.99889    -2.84600
     0.59337     0.80493    -0.00000
    -0.80493     0.59337    -0.00000
    -0.00000     0.00000     1.00000
           0           1           1           4
     1.70916    -1.99889    -8.53800
     0.59337     0.80493    -0.00000
    -0.80493     0.59337    -0.00000
    -0.00000     0.00000     1.00000
           0           1           2           1
     2.33205    -1.21590     8.53572
     0.24977     0.96830    -0.00000
    -0.96830     0.24977    -0.00000
     0.00000     0.00000     1.00000
           0           1           2           2
     2.33205    -1.21590     2.84372
     0.24977     0.96830    -0.00000
    -0.96830     0.24977    -0.00000
     0.00000     0.00000     1.00000
           0           1           2           3
     2.33205    -1.21590    -2.84828
     0.24977     0.96830    -0.00000
    -0.96830     0.24977    -0.00000
     0.00000     0.00000     1.00000
           0           1           2           4
     2.33205    -1.21590    -8.54028
     0.24977     0.96830    -0.00000
    -0.96830     0.24977    -0.00000
     0.00000     0.00000     1.00000
           0           1           3           1
     2.62991    -0.02445     8.53589
    -0.21713     0.97614     0.00000
    -0.97614    -0.21713     0.00000
     0.00000     0.00000     1.00000
           0           1           3           2
     2.62991    -0.02445     2.84390
    -0.21713     0.97614     0.00000
    -0.97614    -0.21713     0.00000
     0.00000     0.00000     1.00000
           0           1           3           3
     2.62991    -0.02445    -2.84811
    -0.21713     0.97614     0.00000
    -0.97614    -0.21713     0.00000
     0.00000     0.00000     1.00000
           0           1           3           4
     2.62991    -0.02445    -8.54011
    -0.21713     0.97614     0.00000
    -0.97614    -0.21713     0.00000
     0.00000     0.00000     1.00000
           0           1           4           1
     2.35270     1.17544     8.54042
    -0.63769     0.77030     0.00000
    -0.77030    -0.63769     0.00000
     0.00000     0.00000     1.00000
           0           1           4           2
     2.35270     1.17544     2.84842
    -0.63769     0.77030     0.00000
    -0.77030    -0.63769     0.00000
     0.00000     0.00000     1.00000
           0           1           4           3
     2.35270     1.17544    -2.84358
    -0.63769     0.77030     0.00000
    -0.77030    -0.63769     0.00000
     0.00000     0.00000     1.00000
           0           1           4           4
     2.35270     1.17544    -8.53558
    -0.63769     0.77030     0.00000
    -0.77030    -0.63769     0.00000
     0.00000     0.00000     1.00000
           0           1           5           1
     1.57349     2.10738     8.53827
    -0.91583     0.40156     0.00000
    -0.40156    -0.91583     0.00000
     0.00000     0.00000     1.00000
           0           1           5           2
     1.57349     2.10738     2.84625
    -0.91583     0.40156     0.00000
    -0.40156    -0.91583     0.00000
     0.00000     0.00000     1.00000
           0           1           5           3
     1.57349     2.10738    -2.84575
    -0.91583     0.40156     0.00000
    -0.40156    -0.91583     0.00000
     0.00000     0.00000     1.00000
           0           1           5           4
     1.57349     2.10738    -8.53774
    -0.91583     0.40156     0.00000
    -0.40156    -0.91583     0.00000
     0.00000     0.00000     1.00000
           0           1           6           1
    -1.56634     2.11270    -8.55201
     0.91719     0.39845     0.00000
     0.39845    -0.91719     0.00000
     0.00000    -0.00000    -1.00000
           0           1           6           2
    -1.56634     2.11270    -2.86001
     0.91719     0.39845     0.00000
     0.39845    -0.91719     0.00000
     0.00000    -0.00000    -1.00000
           0           1           6           3
    -1.56634     2.11270     2.83199
     0.91719     0.39845     0.00000
     0.39845    -0.91719     0.00000
     0.00000    -0.00000    -1.00000
           0           1           6           4
    -1.56634     2.11270     8.52399
     0.91719     0.39845     0.00000
     0.39845    -0.91719     0.00000
     0.00000    -0.00000    -1.00000
           0           1           7           1
    -2.34971     1.18144    -8.54134
     0.63964     0.76868    -0.00000
     0.76868    -0.63964    -0.00000
    -0.00000     0.00000    -1.00000
           0           1           7           2
    -2.34971     1.18144    -2.84934
     0.63964     0.76868    -0.00000
     0.76868    -0.63964    -0.00000
    -0.00000     0.00000    -1.00000
           0           1           7           3
    -2.34971     1.18144     2.84266
     0.63964     0.76868    -0.00000
     0.76868    -0.63964    -0.00000
    -0.00000     0.00000    -1.00000
           0           1           7           4
    -2.34971     1.18144     8.53466
     0.63964     0.76868    -0.00000
     0.76868    -0.63964    -0.00000
    -0.00000     0.00000    -1.00000
           0           1           8           1
    -2.63001     0.00449    -8.54378
     0.22784     0.97370    -0.00000
     0.97370    -0.22784    -0.00000
    -0.00000     0.00000    -1.00000
           0           1           8           2
    -2.63000     0.00449    -2.85178
     0.22784     0.97370    -0.00000
     0.97370    -0.22784    -0.00000
    -0.00000     0.00000    -1.00000
           0           1           8           3
    -2.63000     0.00449     2.84022
     0.22784     0.97370    -0.00000
     0.97370    -0.22784    -0.00000
    -0.00000     0.00000    -1.00000
           0           1           8           4
    -2.63000     0.00449     8.53222
     0.22784     0.97370    -0.00000
     0.97370    -0.22784    -0.00000
    -0.00000     0.00000    -1.00000
           0           1           9           1
    -2.34923    -1.18239    -8.53617
    -0.23589     0.97178    -0.00000
     0.97178     0.23589    -0.00000
    -0.00000    -0.00000    -1.00000
           0           1           9           2
    -2.34923    -1.18239    -2.84417
    -0.23589     0.97178    -0.00000
     0.97178     0.23589    -0.00000
    -0.00000    -0.00000    -1.00000
           0           1           9           3
    -2.34923    -1.18239     2.84783
    -0.23589     0.97178    -0.00000
     0.97178     0.23589    -0.00000
    -0.00000    -0.00000    -1.00000
           0           1           9           4
    -2.34923    -1.18239     8.53983
    -0.23589     0.97178    -0.00000
     0.97178     0.23589    -0.00000
    -0.00000    -0.00000    -1.00000
           0           1          10           1
    -1.56352    -2.11480    -8.54395
    -0.64880     0.76096    -0.00000
     0.76096     0.64880    -0.00000
    -0.00000    -0.00000    -1.00000
           0           1          10           2
    -1.56352    -2.11480    -2.85195
    -0.64880     0.76096    -0.00000
     0.76096     0.64880    -0.00000
    -0.00000    -0.00000    -1.00000
           0           1          10           3
    -1.56352    -2.11480     2.84005
    -0.64880     0.76096    -0.00000
     0.76096     0.64880    -0.00000
    -0.00000    -0.00000    -1.00000
           0           1          10           4
    -1.56352    -2.11480     8.53205
    -0.64880     0.76096    -0.00000
     0.76096     0.64880    -0.00000
    -0.00000    -0.00000    -1.00000
           0           2           1           1
     2.46235    -4.50043     8.53755
     0.74616     0.66577    -0.00000
    -0.66577     0.74616    -0.00000
    -0.00000     0.00000     1.00000
           0           2           1           2
     2.46235    -4.50043     2.84554
     0.74616     0.66577    -0.00000
    -0.66577     0.74616    -0.00000
    -0.00000     0.00000     1.00000
           0           2           1           3
     2.46235    -4.50043    -2.84646
     0.74616     0.66577    -0.00000
    -0.66577     0.74616    -0.00000
    -0.00000     0.00000     1.00000
           0           2           1           4
     2.46235    -4.50043    -8.53846
     0.74616     0.66577    -0.00000
    -0.66577     0.74616    -0.00000
    -0.00000     0.00000     1.00000
           0           2           2           1
     3.42543    -3.81884     8.53556
     0.57431     0.81864    -0.00000
    -0.81864     0.57431    -0.00000
     0.00000     0.00000     1.00000
           0           2           2           2
     3.42543    -3.81884     2.84357
     0.57431     0.81864    -0.00000
    -0.81864     0.57431    -0.00000
     0.00000     0.00000     1.00000
           0           2           2           3
     3.42543    -3.81884    -2.84843
     0.57431     0.81864    -0.00000
    -0.81864     0.57431    -0.00000
     0.00000     0.00000     1.00000
           0           2           2           4
     3.42543    -3.81884    -8.54044
     0.57431     0.81864    -0.00000
    -0.81864     0.57431    -0.00000
     0.00000     0.00000     1.00000
           0           2           3           1
     4.23475    -2.89548     8.53610
     0.36333     0.93166    -0.00000
    -0.93166     0.36333    -0.00000
     0.00000     0.00000     1.00000
           0           2           3           2
     4.23475    -2.89548     2.84410
     0.36333     0.93166    -0.00000
    -0.93166     0.36333    -0.00000
     0.00000     0.00000     1.00000
           0           2           3           3
     4.23475    -2.89548    -2.84790
     0.36333     0.93166    -0.00000
    -0.93166     0.36333    -0.00000
     0.00000     0.00000     1.00000
           0           2           3           4
     4.23475    -2.89548    -8.53990
     0.36333     0.93166    -0.00000
    -0.93166     0.36333    -0.00000
     0.00000     0.00000     1.00000
           0           2           4           1
     4.79834    -1.81464     8.54241
     0.13327     0.99108    -0.00000
    -0.99108     0.13327    -0.00000
     0.00000     0.00000     1.00000
           0           2           4           2
     4.79834    -1.81464     2.85041
     0.13327     0.99108    -0.00000
    -0.99108     0.13327    -0.00000
     0.00000     0.00000     1.00000
           0           2           4           3
     4.79834    -1.81464    -2.84159
     0.13327     0.99108    -0.00000
    -0.99108     0.13327    -0.00000
     0.00000     0.00000     1.00000
           0           2           4           4
     4.79834    -1.81464    -8.53359
     0.13327     0.99108    -0.00000
    -0.99108     0.13327    -0.00000
     0.00000     0.00000     1.00000
           0           2           5           1
     5.09147    -0.62750     8.54401
    -0.10506     0.99447     0.00000
    -0.99447    -0.10506     0.00000
     0.00000     0.00000     1.00000
           0           2           5           2
     5.09147    -0.62750     2.85201
    -0.10506     0.99447     0.00000
    -0.99447    -0.10506     0.00000
     0.00000     0.00000     1.00000
           0           2           5           3
     5.09147    -0.62750    -2.83999
    -0.10506     0.99447     0.00000
    -0.99447    -0.10506     0.00000
     0.00000     0.00000     1.00000
           0           2           5           4
     5.09147    -0.62750    -8.53199
    -0.10506     0.99447     0.00000
    -0.99447    -0.10506     0.00000
     0.00000     0.00000     1.00000
           0           2           6           1
     5.09742     0.57714     8.54096
    -0.33408     0.94255     0.00000
    -0.94255    -0.33408     0.00000
     0.00000     0.00000     1.00000
           0           2           6           2
     5.09742     0.57714     2.84896
    -0.33408     0.94255     0.00000
    -0.94255    -0.33408     0.00000
     0.00000     0.00000     1.00000
           0           2           6           3
     5.09742     0.57714    -2.84304
    -0.33408     0.94255     0.00000
    -0.94255    -0.33408     0.00000
     0.00000     0.00000     1.00000
           0           2           6           4
     5.09742     0.57714    -8.53504
    -0.33408     0.94255     0.00000
    -0.94255    -0.33408     0.00000
     0.00000     0.00000     1.00000
           0           2           7           1
     4.81462     1.77100     8.54557
    -0.54831     0.83627     0.00000
    -0.83627    -0.54831     0.00000
     0.00000     0.00000     1.00000
           0           2           7           2
     4.81462     1.77100     2.85357
    -0.54831     0.83627     0.00000
    -0.83627    -0.54831     0.00000
     0.00000     0.00000     1.00000
           0           2           7           3
     4.81462     1.77100    -2.83843
    -0.54831     0.83627     0.00000
    -0.83627    -0.54831     0.00000
     0.00000     0.00000     1.00000
           0           2           7           4
     4.81462     1.77100    -8.53043
    -0.54831     0.83627     0.00000
    -0.83627    -0.54831     0.00000
     0.00000     0.00000     1.00000
           0           2           8           1
     4.26567     2.84972     8.54398
    -0.72901     0.68450     0.00000
    -0.68450    -0.72901     0.00000
     0.00000     0.00000     1.00000
           0           2           8           2
     4.26567     2.84972     2.85198
    -0.72901     0.68450     0.00000
    -0.68450    -0.72901     0.00000
     0.00000     0.00000     1.00000
           0           2           8           3
     4.26567     2.84972    -2.84001
    -0.72901     0.68450     0.00000
    -0.68450    -0.72901     0.00000
     0.00000     0.00000     1.00000
           0           2           8           4
     4.26567     2.84972    -8.53202
    -0.72901     0.68450     0.00000
    -0.68450    -0.72901     0.00000
     0.00000     0.00000     1.00000
           0           2           9           1
     3.47012     3.77825     8.53966
    -0.87028     0.49257     0.00000
    -0.49257    -0.87028     0.00000
     0.00000     0.00000     1.00000
           0           2           9           2
     3.47012     3.77825     2.84766
    -0.87028     0.49257     0.00000
    -0.49257    -0.87028     0.00000
     0.00000     0.00000     1.00000
           0           2           9           3
     3.47012     3.77825    -2.84434
    -0.87028     0.49257     0.00000
    -0.49257    -0.87028     0.00000
     0.00000     0.00000     1.00000
           0           2           9           4
     3.47012     3.77825    -8.53634
    -0.87028     0.49257     0.00000
    -0.49257    -0.87028     0.00000
     0.00000     0.00000     1.00000
           0           2          10           1
     2.35238     4.55887     8.53582
    -0.96929     0.24591     0.00000
    -0.24591    -0.96929     0.00000
     0.00000     0.00000     1.00000
           0           2          10           2
     2.35238     4.55887     2.84382
    -0.96929     0.24591     0.00000
    -0.24591    -0.96929     0.00000
     0.00000     0.00000     1.00000
           0           2          10           3
     2.35238     4.55887    -2.84818
    -0.96929     0.24591     0.00000
    -0.24591    -0.96929     0.00000
     0.00000     0.00000     1.00000
           0           2          10           4
     2.35238     4.55887    -8.54018
    -0.96929     0.24591     0.00000
    -0.24591    -0.96929     0.00000
     0.00000     0.00000     1.00000
           0           2          11           1
    -2.46375     4.49966    -8.53731
     0.96295     0.26968     0.00000
     0.26968    -0.96295     0.00000
     0.00000    -0.00000    -1.00000
           0           2          11           2
    -2.46375     4.49966    -2.84531
     0.96295     0.26968     0.00000
     0.26968    -0.96295     0.00000
     0.00000    -0.00000    -1.00000
           0           2          11           3
    -2.46375     4.49966     2.84669
     0.96295     0.26968     0.00000
     0.26968    -0.96295     0.00000
     0.00000    -0.00000    -1.00000
           0           2          11           4
    -2.46375     4.49966     8.53869
     0.96295     0.26968     0.00000
     0.26968    -0.96295     0.00000
     0.00000    -0.00000    -1.00000
           0           2          12           1
    -3.45918     3.78827    -8.53800
     0.87170     0.49004     0.00000
     0.49004    -0.87170     0.00000
     0.00000    -0.00000    -1.00000
           0           2          12           2
    -3.45918     3.78827    -2.84600
     0.87170     0.49004     0.00000
     0.49004    -0.87170     0.00000
     0.00000    -0.00000    -1.00000
           0           2          12           3
    -3.45918     3.78827     2.84600
     0.87170     0.49004     0.00000
     0.49004    -0.87170     0.00000
     0.00000    -0.00000    -1.00000
           0           2          12           4
    -3.45918     3.78827     8.53800
     0.87170     0.49004     0.00000
     0.49004    -0.87170     0.00000
     0.00000    -0.00000    -1.00000
           0           2          13           1
    -4.25086     2.87177    -8.54471
     0.73254     0.68072     0.00000
     0.68072    -0.73254     0.00000
     0.00000    -0.00000    -1.00000
           0           2          13           2
    -4.25086     2.87177    -2.85271
     0.73254     0.68072     0.00000
     0.68072    -0.73254     0.00000
     0.00000    -0.00000    -1.00000
           0           2          13           3
    -4.25086     2.87177     2.83929
     0.73254     0.68072     0.00000
     0.68072    -0.73254     0.00000
     0.00000    -0.00000    -1.00000
           0           2          13           4
    -4.25086     2.87177     8.53129
     0.73254     0.68072     0.00000
     0.68072    -0.73254     0.00000
     0.00000    -0.00000    -1.00000
           0           2          14           1
    -4.80730     1.79079    -8.53778
     0.55177     0.83400    -0.00000
     0.83400    -0.55177    -0.00000
    -0.00000     0.00000    -1.00000
           0           2          14           2
    -4.80730     1.79079    -2.84578
     0.55177     0.83400    -0.00000
     0.83400    -0.55177    -0.00000
    -0.00000     0.00000    -1.00000
           0           2          14           3
    -4.80730     1.79079     2.84622
     0.55177     0.83400    -0.00000
     0.83400    -0.55177    -0.00000
    -0.00000     0.00000    -1.00000
           0           2          14           4
    -4.80730     1.79079     8.53822
     0.55177     0.83400    -0.00000
     0.83400    -0.55177    -0.00000
    -0.00000     0.00000    -1.00000
           0           2          15           1
    -5.09444     0.60287    -8.54102
     0.33883     0.94085    -0.00000
     0.94085    -0.33883    -0.00000
    -0.00000     0.00000    -1.00000
           0           2          15           2
    -5.09444     0.60287    -2.84902
     0.33883     0.94085    -0.00000
     0.94085    -0.33883    -0.00000
    -0.00000     0.00000    -1.00000
           0           2          15           3
    -5.09444     0.60287     2.84298
     0.33883     0.94085    -0.00000
     0.94085    -0.33883    -0.00000
    -0.00000     0.00000    -1.00000
           0           2          15           4
    -5.09444     0.60287     8.53498
     0.33883     0.94085    -0.00000
     0.94085    -0.33883    -0.00000
    -0.00000     0.00000    -1.00000
           0           2          16           1
    -5.09382    -0.60827    -8.53678
     0.10883     0.99406    -0.00000
     0.99406    -0.10883    -0.00000
    -0.00000     0.00000    -1.00000
           0           2          16           2
    -5.09382    -0.60827    -2.84478
     0.10883     0.99406    -0.00000
     0.99406    -0.10883    -0.00000
    -0.00000     0.00000    -1.00000
           0           2          16           3
    -5.09382    -0.60827     2.84722
     0.10883     0.99406    -0.00000
     0.99406    -0.10883    -0.00000
    -0.00000     0.00000    -1.00000
           0           2          16           4
    -5.09382    -0.60827     8.53922
     0.10883     0.99406    -0.00000
     0.99406    -0.10883    -0.00000
    -0.00000     0.00000    -1.00000
           0           2          17           1
    -4.80806    -1.78869    -8.53617
    -0.12792     0.99179    -0.00000
     0.99179     0.12792    -0.00000
    -0.00000    -0.00000    -1.00000
           0           2          17           2
    -4.80806    -1.78869    -2.84418
    -0.12792     0.99179    -0.00000
     0.99179     0.12792    -0.00000
    -0.00000    -0.00000    -1.00000
           0           2          17           3
    -4.80806    -1.78869     2.84782
    -0.12792     0.99179    -0.00000
     0.99179     0.12792    -0.00000
    -0.00000    -0.00000    -1.00000
           0           2          17           4
    -4.80806    -1.78869     8.53981
    -0.12792     0.99179    -0.00000
     0.99179     0.12792    -0.00000
    -0.00000    -0.00000    -1.00000
           0           2          18           1
    -4.25125    -2.87121    -8.53996
    -0.35800     0.93372    -0.00000
     0.93372     0.35800    -0.00000
    -0.00000    -0.00000    -1.00000
           0           2          18           2
    -4.25125    -2.87121    -2.84797
    -0.35800     0.93372    -0.00000
     0.93372     0.35800    -0.00000
    -0.00000    -0.00000    -1.00000
           0           2          18           3
    -4.25125    -2.87121     2.84403
    -0.35800     0.93372    -0.00000
     0.93372     0.35800    -0.00000
    -0.00000    -0.00000    -1.00000
           0           2          18           4
    -4.25125    -2.87121     8.53604
    -0.35800     0.93372    -0.00000
     0.93372     0.35800    -0.00000
    -0.00000    -0.00000    -1.00000
           0           2          19           1
    -3.45401    -3.79298    -8.54478
    -0.56815     0.82292    -0.00000
     0.82292     0.56815    -0.00000
    -0.00000    -0.00000    -1.00000
           0           2          19           2
    -3.45401    -3.79298    -2.85278
    -0.56815     0.82292    -0.00000
     0.82292     0.56815    -0.00000
    -0.00000    -0.00000    -1.00000
           0           2          19           3
    -3.45401    -3.79298     2.83922
    -0.56815     0.82292    -0.00000
     0.82292     0.56815    -0.00000
    -0.00000    -0.00000    -1.00000
           0           2          19           4
    -3.45401    -3.79298     8.53121
    -0.56815     0.82292    -0.00000
     0.82292     0.56815    -0.00000
    -0.00000    -0.00000    -1.00000
           0           2          20           1
    -2.46360    -4.49974    -8.54997
    -0.74597     0.66598    -0.00000
     0.66598     0.74597    -0.00000
    -0.00000    -0.00000    -1.00000
           0           2          20           2
    -2.46360    -4.49974    -2.85799
    -0.74597     0.66598    -0.00000
     0.66598     0.74597    -0.00000
    -0.00000    -0.00000    -1.00000
           0           2          20           3
    -2.46360    -4.49974     2.83402
    -0.74597     0.66598    -0.00000
     0.66598     0.74597    -0.00000
    -0.00000    -0.00000    -1.00000
           0           2          20           4
    -2.46360    -4.49974     8.52603
    -0.74597     0.66598    -0.00000
     0.66598     0.74597    -0.00000
    -0.00000    -0.00000    -1.00000
           0           3           1           1
     5.62063   -10.33555    12.74774
    -0.87850    -0.47774    -0.00000
    -0.47774     0.87850    -0.00000
     0.00000    -0.00000    -1.00000
           0           3           1           2
     5.62063   -10.33555     6.37234
    -0.87850    -0.47774    -0.00000
    -0.47774     0.87850    -0.00000
     0.00000    -0.00000    -1.00000
           0           3           1           3
     5.62063   -10.33555    -0.00306
    -0.87850    -0.47774    -0.00000
    -0.47774     0.87850    -0.00000
     0.00000    -0.00000    -1.00000
           0           3           1           4
     5.62063   -10.33555    -6.37846
    -0.87850    -0.47774    -0.00000
    -0.47774     0.87850    -0.00000
     0.00000    -0.00000    -1.00000
           0           3           1           5
     5.62063   -10.33555   -12.75387
    -0.87850    -0.47774    -0.00000
    -0.47774     0.87850    -0.00000
     0.00000    -0.00000    -1.00000
           0           3           2           1
     7.51091    -7.13554    12.72329
    -0.68877    -0.72498     0.00000
    -0.72498     0.68877     0.00000
    -0.00000     0.00000    -1.00000
           0           3           2           2
     7.51091    -7.13554     6.34789
    -0.68877    -0.72498     0.00000
    -0.72498     0.68877     0.00000
    -0.00000     0.00000    -1.00000
           0           3           2           3
     7.51091    -7.13554    -0.02751
    -0.68877    -0.72498     0.00000
    -0.72498     0.68877     0.00000
    -0.00000     0.00000    -1.00000
           0           3           2           4
     7.51091    -7.13554    -6.40290
    -0.68877    -0.72498     0.00000
    -0.72498     0.68877     0.00000
    -0.00000     0.00000    -1.00000
           0           3           2           5
     7.51091    -7.13554   -12.77831
    -0.68877    -0.72498     0.00000
    -0.72498     0.68877     0.00000
    -0.00000     0.00000    -1.00000
           0           3           3           1
    11.53640    -5.65532    12.76363
    -0.44016    -0.89792     0.00000
    -0.89792     0.44016     0.00000
    -0.00000     0.00000    -1.00000
           0           3           3           2
    11.53640    -5.65532     6.38823
    -0.44016    -0.89792     0.00000
    -0.89792     0.44016     0.00000
    -0.00000     0.00000    -1.00000
           0           3           3           3
    11.53640    -5.65532     0.01283
    -0.44016    -0.89792     0.00000
    -0.89792     0.44016     0.00000
    -0.00000     0.00000    -1.00000
           0           3           3           4
    11.53640    -5.65532    -6.36257
    -0.44016    -0.89792     0.00000
    -0.89792     0.44016     0.00000
    -0.00000     0.00000    -1.00000
           0           3           3           5
    11.53640    -5.65532   -12.73797
    -0.44016    -0.89792     0.00000
    -0.89792     0.44016     0.00000
    -0.00000     0.00000    -1.00000
           0           3           4           1
    11.58230    -2.06530    12.75552
    -0.17555    -0.98447     0.00000
    -0.98447     0.17555     0.00000
    -0.00000     0.00000    -1.00000
           0           3           4           2
    11.58230    -2.06530     6.38012
    -0.17555    -0.98447     0.00000
    -0.98447     0.17555     0.00000
    -0.00000     0.00000    -1.00000
           0           3           4           3
    11.58230    -2.06530     0.00472
    -0.17555    -0.98447     0.00000
    -0.98447     0.17555     0.00000
    -0.00000     0.00000    -1.00000
           0           3           4           4
    11.58230    -2.06530    -6.37068
    -0.17555    -0.98447     0.00000
    -0.98447     0.17555     0.00000
    -0.00000     0.00000    -1.00000
           0           3           4           5
    11.58230    -2.06530   -12.74608
    -0.17555    -0.98447     0.00000
    -0.98447     0.17555     0.00000
    -0.00000     0.00000    -1.00000
           0           3           5           1
    10.26382     1.40844    12.73847
     0.13594    -0.99072     0.00000
    -0.99072    -0.13594     0.00000
    -0.00000    -0.00000    -1.00000
           0           3           5           2
    10.26382     1.40844     6.36307
     0.13594    -0.99072     0.00000
    -0.99072    -0.13594     0.00000
    -0.00000    -0.00000    -1.00000
           0           3           5           3
    10.26382     1.40844    -0.01233
     0.13594    -0.99072     0.00000
    -0.99072    -0.13594     0.00000
    -0.00000    -0.00000    -1.00000
           0           3           5           4
    10.26382     1.40844    -6.38773
     0.13594    -0.99072     0.00000
    -0.99072    -0.13594     0.00000
    -0.00000    -0.00000    -1.00000
           0           3           5           5
    10.26382     1.40844   -12.76313
     0.13594    -0.99072     0.00000
    -0.99072    -0.13594     0.00000
    -0.00000    -0.00000    -1.00000
           0           3           6           1
    11.64366     5.43103    12.74951
     0.42273    -0.90626     0.00000
    -0.90626    -0.42273     0.00000
    -0.00000    -0.00000    -1.00000
           0           3           6           2
    11.64366     5.43103     6.37411
     0.42273    -0.90626     0.00000
    -0.90626    -0.42273     0.00000
    -0.00000    -0.00000    -1.00000
           0           3           6           3
    11.64366     5.43103    -0.00129
     0.42273    -0.90626     0.00000
    -0.90626    -0.42273     0.00000
    -0.00000    -0.00000    -1.00000
           0           3           6           4
    11.64366     5.43103    -6.37669
     0.42273    -0.90626     0.00000
    -0.90626    -0.42273     0.00000
    -0.00000    -0.00000    -1.00000
           0           3           6           5
    11.64366     5.43103   -12.75209
     0.42273    -0.90626     0.00000
    -0.90626    -0.42273     0.00000
    -0.00000    -0.00000    -1.00000
           0           3           7           1
     8.87518     7.72308    12.74158
     0.65645    -0.75437     0.00000
    -0.75437    -0.65645     0.00000
    -0.00000    -0.00000    -1.00000
           0           3           7           2
     8.87518     7.72308     6.36618
     0.65645    -0.75437     0.00000
    -0.75437    -0.65645     0.00000
    -0.00000    -0.00000    -1.00000
           0           3           7           3
     8.87518     7.72308    -0.00922
     0.65645    -0.75437     0.00000
    -0.75437    -0.65645     0.00000
    -0.00000    -0.00000    -1.00000
           0           3           7           4
     8.87518     7.72308    -6.38462
     0.65645    -0.75437     0.00000
    -0.75437    -0.65645     0.00000
    -0.00000    -0.00000    -1.00000
           0           3           7           5
     8.87518     7.72308   -12.76002
     0.65645    -0.75437     0.00000
    -0.75437    -0.65645     0.00000
    -0.00000    -0.00000    -1.00000
           0           3           8           1
     5.32643     8.88588    12.74093
     0.85772    -0.51412     0.00000
    -0.51412    -0.85772     0.00000
    -0.00000    -0.00000    -1.00000
           0           3           8           2
     5.32643     8.88588     6.36553
     0.85772    -0.51412     0.00000
    -0.51412    -0.85772     0.00000
    -0.00000    -0.00000    -1.00000
           0           3           8           3
     5.32643     8.88588    -0.00987
     0.85772    -0.51412     0.00000
    -0.51412    -0.85772     0.00000
    -0.00000    -0.00000    -1.00000
           0           3           8           4
     5.32643     8.88588    -6.38527
     0.85772    -0.51412     0.00000
    -0.51412    -0.85772     0.00000
    -0.00000    -0.00000    -1.00000
           0           3           8           5
     5.32643     8.88588   -12.76067
     0.85772    -0.51412     0.00000
    -0.51412    -0.85772     0.00000
    -0.00000    -0.00000    -1.00000
           0           3           9           1
    -5.30031     8.90147   -12.71690
    -0.85921    -0.51162    -0.00000
     0.51162    -0.85921    -0.00000
     0.00000    -0.00000     1.00000
           0           3           9           2
    -5.30031     8.90147    -6.34150
    -0.85921    -0.51162    -0.00000
     0.51162    -0.85921    -0.00000
     0.00000    -0.00000     1.00000
           0           3           9           3
    -5.30031     8.90147     0.03390
    -0.85921    -0.51162    -0.00000
     0.51162    -0.85921    -0.00000
     0.00000    -0.00000     1.00000
           0           3           9           4
    -5.30031     8.90147     6.40930
    -0.85921    -0.51162    -0.00000
     0.51162    -0.85921    -0.00000
     0.00000    -0.00000     1.00000
           0           3           9           5
    -5.30031     8.90147    12.78471
    -0.85921    -0.51162    -0.00000
     0.51162    -0.85921    -0.00000
     0.00000    -0.00000     1.00000
           0           3          10           1
    -8.85172     7.74998   -12.74160
    -0.65873    -0.75238    -0.00000
     0.75238    -0.65873    -0.00000
     0.00000    -0.00000     1.00000
           0           3          10           2
    -8.85172     7.74998    -6.36619
    -0.65873    -0.75238    -0.00000
     0.75238    -0.65873    -0.00000
     0.00000    -0.00000     1.00000
           0           3          10           3
    -8.85172     7.74998     0.00920
    -0.65873    -0.75238    -0.00000
     0.75238    -0.65873    -0.00000
     0.00000    -0.00000     1.00000
           0           3          10           4
    -8.85172     7.74998     6.38461
    -0.65873    -0.75238    -0.00000
     0.75238    -0.65873    -0.00000
     0.00000    -0.00000     1.00000
           0           3          10           5
    -8.85172     7.74998    12.76001
    -0.65873    -0.75238    -0.00000
     0.75238    -0.65873    -0.00000
     0.00000    -0.00000     1.00000
           0           3          11           1
   -11.62818     5.46410   -12.73712
    -0.42529    -0.90506    -0.00000
     0.90506    -0.42529    -0.00000
     0.00000    -0.00000     1.00000
           0           3          11           2
   -11.62818     5.46410    -6.36172
    -0.42529    -0.90506    -0.00000
     0.90506    -0.42529    -0.00000
     0.00000    -0.00000     1.00000
           0           3          11           3
   -11.62818     5.46410     0.01368
    -0.42529    -0.90506    -0.00000
     0.90506    -0.42529    -0.00000
     0.00000    -0.00000     1.00000
           0           3          11           4
   -11.62818     5.46410     6.38908
    -0.42529    -0.90506    -0.00000
     0.90506    -0.42529    -0.00000
     0.00000    -0.00000     1.00000
           0           3          11           5
   -11.62818     5.46410    12.76447
    -0.42529    -0.90506    -0.00000
     0.90506    -0.42529    -0.00000
     0.00000    -0.00000     1.00000
           0           3          12           1
   -10.26471     1.40200   -12.73320
    -0.13531    -0.99080    -0.00000
     0.99080    -0.13531    -0.00000
     0.00000     0.00000     1.00000
           0           3          12           2
   -10.26471     1.40200    -6.35779
    -0.13531    -0.99080    -0.00000
     0.99080    -0.13531    -0.00000
     0.00000     0.00000     1.00000
           0           3          12           3
   -10.26471     1.40200     0.01761
    -0.13531    -0.99080    -0.00000
     0.99080    -0.13531    -0.00000
     0.00000     0.00000     1.00000
           0           3          12           4
   -10.26471     1.40200     6.39300
    -0.13531    -0.99080    -0.00000
     0.99080    -0.13531    -0.00000
     0.00000     0.00000     1.00000
           0           3          12           5
   -10.26471     1.40200    12.76841
    -0.13531    -0.99080    -0.00000
     0.99080    -0.13531    -0.00000
     0.00000     0.00000     1.00000
           0           3          13           1
   -11.58157    -2.06950   -12.73313
     0.17591    -0.98441    -0.00000
     0.98441     0.17591    -0.00000
     0.00000     0.00000     1.00000
           0           3          13           2
   -11.58157    -2.06950    -6.35773
     0.17591    -0.98441    -0.00000
     0.98441     0.17591    -0.00000
     0.00000     0.00000     1.00000
           0           3          13           3
   -11.58157    -2.06950     0.01767
     0.17591    -0.98441    -0.00000
     0.98441     0.17591    -0.00000
     0.00000     0.00000     1.00000
           0           3          13           4
   -11.58157    -2.06950     6.39307
     0.17591    -0.98441    -0.00000
     0.98441     0.17591    -0.00000
     0.00000     0.00000     1.00000
           0           3          13           5
   -11.58157    -2.06950    12.76847
     0.17591    -0.98441    -0.00000
     0.98441     0.17591    -0.00000
     0.00000     0.00000     1.00000
           0           3          14           1
   -11.53080    -5.66672   -12.74194
     0.44106    -0.89748    -0.00000
     0.89748     0.44106    -0.00000
     0.00000     0.00000     1.00000
           0           3          14           2
   -11.53080    -5.66672    -6.36654
     0.44106    -0.89748    -0.00000
     0.89748     0.44106    -0.00000
     0.00000     0.00000     1.00000
           0           3          14           3
   -11.53080    -5.66672     0.00886
     0.44106    -0.89748    -0.00000
     0.89748     0.44106    -0.00000
     0.00000     0.00000     1.00000
           0           3          14           4
   -11.53080    -5.66672     6.38426
     0.44106    -0.89748    -0.00000
     0.89748     0.44106    -0.00000
     0.00000     0.00000     1.00000
           0           3          14           5
   -11.53080    -5.66672    12.75966
     0.44106    -0.89748    -0.00000
     0.89748     0.44106    -0.00000
     0.00000     0.00000     1.00000
           0           3          15           1
    -7.52503    -7.12064   -12.73663
     0.68732    -0.72635    -0.00000
     0.72635     0.68732    -0.00000
     0.00000     0.00000     1.00000
           0           3          15           2
    -7.52503    -7.12064    -6.36123
     0.68732    -0.72635    -0.00000
     0.72635     0.68732    -0.00000
     0.00000     0.00000     1.00000
           0           3          15           3
    -7.52503    -7.12064     0.01417
     0.68732    -0.72635    -0.00000
     0.72635     0.68732    -0.00000
     0.00000     0.00000     1.00000
           0           3          15           4
    -7.52503    -7.12064     6.38957
     0.68732    -0.72635    -0.00000
     0.72635     0.68732    -0.00000
     0.00000     0.00000     1.00000
           0           3          15           5
    -7.52503    -7.12064    12.76497
     0.68732    -0.72635    -0.00000
     0.72635     0.68732    -0.00000
     0.00000     0.00000     1.00000
           0           3          16           1
    -5.63454   -10.32800   -12.74426
     0.87786    -0.47892    -0.00000
     0.47892     0.87786    -0.00000
     0.00000     0.00000     1.00000
           0           3          16           2
    -5.63454   -10.32800    -6.36886
     0.87786    -0.47892    -0.00000
     0.47892     0.87786    -0.00000
     0.00000     0.00000     1.00000
           0           3          16           3
    -5.63454   -10.32800     0.00654
     0.87786    -0.47892    -0.00000
     0.47892     0.87786    -0.00000
     0.00000     0.00000     1.00000
           0           3          16           4
    -5.63454   -10.32800     6.38194
     0.87786    -0.47892    -0.00000
     0.47892     0.87786    -0.00000
     0.00000     0.00000     1.00000
           0           3          16           5
    -5.63454   -10.32800    12.75734
     0.87786    -0.47892    -0.00000
     0.47892     0.87786    -0.00000
     0.00000     0.00000     1.00000
           0           4           1           1
     6.48995   -14.04616   -15.93689
     0.90778     0.41944    -0.00000
    -0.41944     0.90778    -0.00000
    -0.00000     0.00000     1.00000
           0           4           1           2
     6.48995   -14.04616    -9.56149
     0.90778     0.41944    -0.00000
    -0.41944     0.90778    -0.00000
    -0.00000     0.00000     1.00000
           0           4           1           3
     6.48995   -14.04616    -3.18609
     0.90778     0.41944    -0.00000
    -0.41944     0.90778    -0.00000
    -0.00000     0.00000     1.00000
           0           4           1           4
     6.48995   -14.04616     3.18931
     0.90778     0.41944    -0.00000
    -0.41944     0.90778    -0.00000
    -0.00000     0.00000     1.00000
           0           4           1           5
     6.48995   -14.04616     9.56471
     0.90778     0.41944    -0.00000
    -0.41944     0.90778    -0.00000
    -0.00000     0.00000     1.00000
           0           4           1           6
     6.48995   -14.04616    15.94011
     0.90778     0.41944    -0.00000
    -0.41944     0.90778    -0.00000
    -0.00000     0.00000     1.00000
           0           4           2           1
    10.08195   -13.29700   -15.94237
     0.79686     0.60417    -0.00000
    -0.60417     0.79686    -0.00000
    -0.00000     0.00000     1.00000
           0           4           2           2
    10.08195   -13.29700    -9.56697
     0.79686     0.60417    -0.00000
    -0.60417     0.79686    -0.00000
    -0.00000     0.00000     1.00000
           0           4           2           3
    10.08195   -13.29700    -3.19157
     0.79686     0.60417    -0.00000
    -0.60417     0.79686    -0.00000
    -0.00000     0.00000     1.00000
           0           4           2           4
    10.08195   -13.29700     3.18383
     0.79686     0.60417    -0.00000
    -0.60417     0.79686    -0.00000
    -0.00000     0.00000     1.00000
           0           4           2           5
    10.08195   -13.29700     9.55923
     0.79686     0.60417    -0.00000
    -0.60417     0.79686    -0.00000
    -0.00000     0.00000     1.00000
           0           4           2           6
    10.08195   -13.29700    15.93463
     0.79686     0.60417    -0.00000
    -0.60417     0.79686    -0.00000
    -0.00000     0.00000     1.00000
           0           4           3           1
    13.49115   -11.76583   -15.97101
     0.65728     0.75365    -0.00000
    -0.75365     0.65728    -0.00000
     0.00000     0.00000     1.00000
           0           4           3           2
    13.49115   -11.76583    -9.59562
     0.65728     0.75365    -0.00000
    -0.75365     0.65728    -0.00000
     0.00000     0.00000     1.00000
           0           4           3           3
    13.49115   -11.76583    -3.22021
     0.65728     0.75365    -0.00000
    -0.75365     0.65728    -0.00000
     0.00000     0.00000     1.00000
           0           4           3           4
    13.49115   -11.76583     3.15518
     0.65728     0.75365    -0.00000
    -0.75365     0.65728    -0.00000
     0.00000     0.00000     1.00000
           0           4           3           5
    13.49115   -11.76583     9.53059
     0.65728     0.75365    -0.00000
    -0.75365     0.65728    -0.00000
     0.00000     0.00000     1.00000
           0           4           3           6
    13.49115   -11.76583    15.90598
     0.65728     0.75365    -0.00000
    -0.75365     0.65728    -0.00000
     0.00000     0.00000     1.00000
           0           4           4           1
    13.54313    -7.48315   -15.91660
     0.48362     0.87528    -0.00000
    -0.87528     0.48362    -0.00000
     0.00000     0.00000     1.00000
           0           4           4           2
    13.54313    -7.48315    -9.54120
     0.48362     0.87528    -0.00000
    -0.87528     0.48362    -0.00000
     0.00000     0.00000     1.00000
           0           4           4           3
    13.54313    -7.48315    -3.16580
     0.48362     0.87528    -0.00000
    -0.87528     0.48362    -0.00000
     0.00000     0.00000     1.00000
           0           4           4           4
    13.54313    -7.48315     3.20960
     0.48362     0.87528    -0.00000
    -0.87528     0.48362    -0.00000
     0.00000     0.00000     1.00000
           0           4           4           5
    13.54313    -7.48315     9.58500
     0.48362     0.87528    -0.00000
    -0.87528     0.48362    -0.00000
     0.00000     0.00000     1.00000
           0           4           4           6
    13.54313    -7.48315    15.96040
     0.48362     0.87528    -0.00000
    -0.87528     0.48362    -0.00000
     0.00000     0.00000     1.00000
           0           4           5           1
    16.00121    -4.73474   -15.91778
     0.28373     0.95891    -0.00000
    -0.95891     0.28373    -0.00000
     0.00000     0.00000     1.00000
           0           4           5           2
    16.00121    -4.73474    -9.54239
     0.28373     0.95891    -0.00000
    -0.95891     0.28373    -0.00000
     0.00000     0.00000     1.00000
           0           4           5           3
    16.00121    -4.73474    -3.16698
     0.28373     0.95891    -0.00000
    -0.95891     0.28373    -0.00000
     0.00000     0.00000     1.00000
           0           4           5           4
    16.00121    -4.73474     3.20842
     0.28373     0.95891    -0.00000
    -0.95891     0.28373    -0.00000
     0.00000     0.00000     1.00000
           0           4           5           5
    16.00121    -4.73474     9.58382
     0.28373     0.95891    -0.00000
    -0.95891     0.28373    -0.00000
     0.00000     0.00000     1.00000
           0           4           5           6
    16.00121    -4.73474    15.95922
     0.28373     0.95891    -0.00000
    -0.95891     0.28373    -0.00000
     0.00000     0.00000     1.00000
           0           4           6           1
    17.83413    -1.54569   -15.91009
     0.08635     0.99626    -0.00000
    -0.99626     0.08635    -0.00000
     0.00000     0.00000     1.00000
           0           4           6           2
    17.83413    -1.54569    -9.53469
     0.08635     0.99626    -0.00000
    -0.99626     0.08635    -0.00000
     0.00000     0.00000     1.00000
           0           4           6           3
    17.83413    -1.54569    -3.15929
     0.08635     0.99626    -0.00000
    -0.99626     0.08635    -0.00000
     0.00000     0.00000     1.00000
           0           4           6           4
    17.83413    -1.54569     3.21611
     0.08635     0.99626    -0.00000
    -0.99626     0.08635    -0.00000
     0.00000     0.00000     1.00000
           0           4           6           5
    17.83413    -1.54569     9.59151
     0.08635     0.99626    -0.00000
    -0.99626     0.08635    -0.00000
     0.00000     0.00000     1.00000
           0           4           6           6
    17.83413    -1.54569    15.96691
     0.08635     0.99626    -0.00000
    -0.99626     0.08635    -0.00000
     0.00000     0.00000     1.00000
           0           4           7           1
    15.35766     1.88563   -15.93505
    -0.12186     0.99255     0.00000
    -0.99255    -0.12186     0.00000
     0.00000     0.00000     1.00000
           0           4           7           2
    15.35766     1.88563    -9.55965
    -0.12186     0.99255     0.00000
    -0.99255    -0.12186     0.00000
     0.00000     0.00000     1.00000
           0           4           7           3
    15.35766     1.88563    -3.18425
    -0.12186     0.99255     0.00000
    -0.99255    -0.12186     0.00000
     0.00000     0.00000     1.00000
           0           4           7           4
    15.35766     1.88563     3.19115
    -0.12186     0.99255     0.00000
    -0.99255    -0.12186     0.00000
     0.00000     0.00000     1.00000
           0           4           7           5
    15.35766     1.88563     9.56655
    -0.12186     0.99255     0.00000
    -0.99255    -0.12186     0.00000
     0.00000     0.00000     1.00000
           0           4           7           6
    15.35766     1.88563    15.94195
    -0.12186     0.99255     0.00000
    -0.99255    -0.12186     0.00000
     0.00000     0.00000     1.00000
           0           4           8           1
    15.73813     5.54684   -15.94171
    -0.33242     0.94313     0.00000
    -0.94313    -0.33242     0.00000
     0.00000     0.00000     1.00000
           0           4           8           2
    15.73813     5.54684    -9.56631
    -0.33242     0.94313     0.00000
    -0.94313    -0.33242     0.00000
     0.00000     0.00000     1.00000
           0           4           8           3
    15.73813     5.54684    -3.19091
    -0.33242     0.94313     0.00000
    -0.94313    -0.33242     0.00000
     0.00000     0.00000     1.00000
           0           4           8           4
    15.73813     5.54684     3.18449
    -0.33242     0.94313     0.00000
    -0.94313    -0.33242     0.00000
     0.00000     0.00000     1.00000
           0           4           8           5
    15.73813     5.54684     9.55989
    -0.33242     0.94313     0.00000
    -0.94313    -0.33242     0.00000
     0.00000     0.00000     1.00000
           0           4           8           6
    15.73813     5.54684    15.93528
    -0.33242     0.94313     0.00000
    -0.94313    -0.33242     0.00000
     0.00000     0.00000     1.00000
           0           4           9           1
    15.34088     9.22515   -15.94130
    -0.51536     0.85697     0.00000
    -0.85697    -0.51536     0.00000
     0.00000     0.00000     1.00000
           0           4           9           2
    15.34088     9.22515    -9.56591
    -0.51536     0.85697     0.00000
    -0.85697    -0.51536     0.00000
     0.00000     0.00000     1.00000
           0           4           9           3
    15.34088     9.22515    -3.19051
    -0.51536     0.85697     0.00000
    -0.85697    -0.51536     0.00000
     0.00000     0.00000     1.00000
           0           4           9           4
    15.34088     9.22515     3.18489
    -0.51536     0.85697     0.00000
    -0.85697    -0.51536     0.00000
     0.00000     0.00000     1.00000
           0           4           9           5
    15.34088     9.22515     9.56028
    -0.51536     0.85697     0.00000
    -0.85697    -0.51536     0.00000
     0.00000     0.00000     1.00000
           0           4           9           6
    15.34088     9.22515    15.93569
    -0.51536     0.85697     0.00000
    -0.85697    -0.51536     0.00000
     0.00000     0.00000     1.00000
           0           4          10           1
    11.32338    10.54491   -15.95778
    -0.68150     0.73182     0.00000
    -0.73182    -0.68150     0.00000
     0.00000     0.00000     1.00000
           0           4          10           2
    11.32338    10.54491    -9.58239
    -0.68150     0.73182     0.00000
    -0.73182    -0.68150     0.00000
     0.00000     0.00000     1.00000
           0           4          10           3
    11.32338    10.54491    -3.20698
    -0.68150     0.73182     0.00000
    -0.73182    -0.68150     0.00000
     0.00000     0.00000     1.00000
           0           4          10           4
    11.32338    10.54491     3.16842
    -0.68150     0.73182     0.00000
    -0.73182    -0.68150     0.00000
     0.00000     0.00000     1.00000
           0           4          10           5
    11.32338    10.54491     9.54382
    -0.68150     0.73182     0.00000
    -0.73182    -0.68150     0.00000
     0.00000     0.00000     1.00000
           0           4          10           6
    11.32338    10.54491    15.91923
    -0.68150     0.73182     0.00000
    -0.73182    -0.68150     0.00000
     0.00000     0.00000     1.00000
           0           4          11           1
     9.46122    13.74559   -15.93850
    -0.82373     0.56698     0.00000
    -0.56698    -0.82373     0.00000
     0.00000     0.00000     1.00000
           0           4          11           2
     9.46122    13.74559    -9.56310
    -0.82373     0.56698     0.00000
    -0.56698    -0.82373     0.00000
     0.00000     0.00000     1.00000
           0           4          11           3
     9.46122    13.74559    -3.18770
    -0.82373     0.56698     0.00000
    -0.56698    -0.82373     0.00000
     0.00000     0.00000     1.00000
           0           4          11           4
     9.46122    13.74559     3.18770
    -0.82373     0.56698     0.00000
    -0.56698    -0.82373     0.00000
     0.00000     0.00000     1.00000
           0           4          11           5
     9.46122    13.74559     9.56310
    -0.82373     0.56698     0.00000
    -0.56698    -0.82373     0.00000
     0.00000     0.00000     1.00000
           0           4          11           6
     9.46122    13.74559    15.93850
    -0.82373     0.56698     0.00000
    -0.56698    -0.82373     0.00000
     0.00000     0.00000     1.00000
           0           4          12           1
     7.01189    16.47057   -15.93219
    -0.92009     0.39170     0.00000
    -0.39170    -0.92009     0.00000
     0.00000     0.00000     1.00000
           0           4          12           2
     7.01189    16.47057    -9.55677
    -0.92009     0.39170     0.00000
    -0.39170    -0.92009     0.00000
     0.00000     0.00000     1.00000
           0           4          12           3
     7.01189    16.47057    -3.18139
    -0.92009     0.39170     0.00000
    -0.39170    -0.92009     0.00000
     0.00000     0.00000     1.00000
           0           4          12           4
     7.01189    16.47057     3.19401
    -0.92009     0.39170     0.00000
    -0.39170    -0.92009     0.00000
     0.00000     0.00000     1.00000
           0           4          12           5
     7.01189    16.47057     9.56942
    -0.92009     0.39170     0.00000
    -0.39170    -0.92009     0.00000
     0.00000     0.00000     1.00000
           0           4          12           6
     7.01189    16.47057    15.94481
    -0.92009     0.39170     0.00000
    -0.39170    -0.92009     0.00000
     0.00000     0.00000     1.00000
           0           4          13           1
    -6.99602    16.47731    15.92074
     0.92048     0.39080     0.00000
     0.39080    -0.92048     0.00000
     0.00000    -0.00000    -1.00000
           0           4          13           2
    -6.99602    16.47731     9.54534
     0.92048     0.39080     0.00000
     0.39080    -0.92048     0.00000
     0.00000    -0.00000    -1.00000
           0           4          13           3
    -6.99602    16.47731     3.16994
     0.92048     0.39080     0.00000
     0.39080    -0.92048     0.00000
     0.00000    -0.00000    -1.00000
           0           4          13           4
    -6.99602    16.47731    -3.20546
     0.92048     0.39080     0.00000
     0.39080    -0.92048     0.00000
     0.00000    -0.00000    -1.00000
           0           4          13           5
    -6.99602    16.47731    -9.58086
     0.92048     0.39080     0.00000
     0.39080    -0.92048     0.00000
     0.00000    -0.00000    -1.00000
           0           4          13           6
    -6.99602    16.47731   -15.95626
     0.92048     0.39080     0.00000
     0.39080    -0.92048     0.00000
     0.00000    -0.00000    -1.00000
           0           4          14           1
    -9.44937    13.75374    15.93789
     0.82423     0.56626     0.00000
     0.56626    -0.82423     0.00000
     0.00000    -0.00000    -1.00000
           0           4          14           2
    -9.44937    13.75374     9.56250
     0.82423     0.56626     0.00000
     0.56626    -0.82423     0.00000
     0.00000    -0.00000    -1.00000
           0           4          14           3
    -9.44937    13.75374     3.18709
     0.82423     0.56626     0.00000
     0.56626    -0.82423     0.00000
     0.00000    -0.00000    -1.00000
           0           4          14           4
    -9.44937    13.75374    -3.18831
     0.82423     0.56626     0.00000
     0.56626    -0.82423     0.00000
     0.00000    -0.00000    -1.00000
           0           4          14           5
    -9.44937    13.75374    -9.56370
     0.82423     0.56626     0.00000
     0.56626    -0.82423     0.00000
     0.00000    -0.00000    -1.00000
           0           4          14           6
    -9.44937    13.75374   -15.93909
     0.82423     0.56626     0.00000
     0.56626    -0.82423     0.00000
     0.00000    -0.00000    -1.00000
           0           4          15           1
   -11.30808    10.56130    15.94449
     0.68255     0.73084    -0.00000
     0.73084    -0.68255    -0.00000
    -0.00000     0.00000    -1.00000
           0           4          15           2
   -11.30808    10.56130     9.56909
     0.68255     0.73084    -0.00000
     0.73084    -0.68255    -0.00000
    -0.00000     0.00000    -1.00000
           0           4          15           3
   -11.30808    10.56130     3.19369
     0.68255     0.73084    -0.00000
     0.73084    -0.68255    -0.00000
    -0.00000     0.00000    -1.00000
           0           4          15           4
   -11.30808    10.56130    -3.18171
     0.68255     0.73084    -0.00000
     0.73084    -0.68255    -0.00000
    -0.00000     0.00000    -1.00000
           0           4          15           5
   -11.30808    10.56130    -9.55711
     0.68255     0.73084    -0.00000
     0.73084    -0.68255    -0.00000
    -0.00000     0.00000    -1.00000
           0           4          15           6
   -11.30808    10.56130   -15.93251
     0.68255     0.73084    -0.00000
     0.73084    -0.68255    -0.00000
    -0.00000     0.00000    -1.00000
           0           4          16           1
   -15.33683     9.23187    15.93771
     0.51571     0.85676    -0.00000
     0.85676    -0.51571    -0.00000
    -0.00000     0.00000    -1.00000
           0           4          16           2
   -15.33683     9.23187     9.56231
     0.51571     0.85676    -0.00000
     0.85676    -0.51571    -0.00000
    -0.00000     0.00000    -1.00000
           0           4          16           3
   -15.33683     9.23187     3.18691
     0.51571     0.85676    -0.00000
     0.85676    -0.51571    -0.00000
    -0.00000     0.00000    -1.00000
           0           4          16           4
   -15.33683     9.23187    -3.18848
     0.51571     0.85676    -0.00000
     0.85676    -0.51571    -0.00000
    -0.00000     0.00000    -1.00000
           0           4          16           5
   -15.33683     9.23187    -9.56389
     0.51571     0.85676    -0.00000
     0.85676    -0.51571    -0.00000
    -0.00000     0.00000    -1.00000
           0           4          16           6
   -15.33683     9.23187   -15.93929
     0.51571     0.85676    -0.00000
     0.85676    -0.51571    -0.00000
    -0.00000     0.00000    -1.00000
           0           4          17           1
   -15.73859     5.54552    15.93850
     0.33233     0.94316    -0.00000
     0.94316    -0.33233    -0.00000
    -0.00000     0.00000    -1.00000
           0           4          17           2
   -15.73859     5.54552     9.56310
     0.33233     0.94316    -0.00000
     0.94316    -0.33233    -0.00000
    -0.00000     0.00000    -1.00000
           0           4          17           3
   -15.73859     5.54552     3.18770
     0.33233     0.94316    -0.00000
     0.94316    -0.33233    -0.00000
    -0.00000     0.00000    -1.00000
           0           4          17           4
   -15.73859     5.54552    -3.18770
     0.33233     0.94316    -0.00000
     0.94316    -0.33233    -0.00000
    -0.00000     0.00000    -1.00000
           0           4          17           5
   -15.73859     5.54552    -9.56310
     0.33233     0.94316    -0.00000
     0.94316    -0.33233    -0.00000
    -0.00000     0.00000    -1.00000
           0           4          17           6
   -15.73859     5.54552   -15.93850
     0.33233     0.94316    -0.00000
     0.94316    -0.33233    -0.00000
    -0.00000     0.00000    -1.00000
           0           4          18           1
   -15.36469     1.82770    15.90822
     0.11813     0.99300    -0.00000
     0.99300    -0.11813    -0.00000
    -0.00000     0.00000    -1.00000
           0           4          18           2
   -15.36469     1.82770     9.53281
     0.11813     0.99300    -0.00000
     0.99300    -0.11813    -0.00000
    -0.00000     0.00000    -1.00000
           0           4          18           3
   -15.36469     1.82770     3.15741
     0.11813     0.99300    -0.00000
     0.99300    -0.11813    -0.00000
    -0.00000     0.00000    -1.00000
           0           4          18           4
   -15.36469     1.82770    -3.21799
     0.11813     0.99300    -0.00000
     0.99300    -0.11813    -0.00000
    -0.00000     0.00000    -1.00000
           0           4          18           5
   -15.36469     1.82770    -9.59339
     0.11813     0.99300    -0.00000
     0.99300    -0.11813    -0.00000
    -0.00000     0.00000    -1.00000
           0           4          18           6
   -15.36469     1.82770   -15.96878
     0.11813     0.99300    -0.00000
     0.99300    -0.11813    -0.00000
    -0.00000     0.00000    -1.00000
           0           4          19           1
   -17.82938    -1.59966    15.92529
    -0.08938     0.99600    -0.00000
     0.99600     0.08938    -0.00000
    -0.00000    -0.00000    -1.00000
           0           4          19           2
   -17.82938    -1.59966     9.54989
    -0.08938     0.99600    -0.00000
     0.99600     0.08938    -0.00000
    -0.00000    -0.00000    -1.00000
           0           4          19           3
   -17.82938    -1.59966     3.17449
    -0.08938     0.99600    -0.00000
     0.99600     0.08938    -0.00000
    -0.00000    -0.00000    -1.00000
           0           4          19           4
   -17.82938    -1.59966    -3.20091
    -0.08938     0.99600    -0.00000
     0.99600     0.08938    -0.00000
    -0.00000    -0.00000    -1.00000
           0           4          19           5
   -17.82938    -1.59966    -9.57631
    -0.08938     0.99600    -0.00000
     0.99600     0.08938    -0.00000
    -0.00000    -0.00000    -1.00000
           0           4          19           6
   -17.82938    -1.59966   -15.95172
    -0.08938     0.99600    -0.00000
     0.99600     0.08938    -0.00000
    -0.00000    -0.00000    -1.00000
           0           4          20           1
   -15.98641    -4.78439    15.93247
    -0.28672     0.95802    -0.00000
     0.95802     0.28672    -0.00000
    -0.00000    -0.00000    -1.00000
           0           4          20           2
   -15.98641    -4.78439     9.55706
    -0.28672     0.95802    -0.00000
     0.95802     0.28672    -0.00000
    -0.00000    -0.00000    -1.00000
           0           4          20           3
   -15.98641    -4.78439     3.18166
    -0.28672     0.95802    -0.00000
     0.95802     0.28672    -0.00000
    -0.00000    -0.00000    -1.00000
           0           4          20           4
   -15.98641    -4.78439    -3.19374
    -0.28672     0.95802    -0.00000
     0.95802     0.28672    -0.00000
    -0.00000    -0.00000    -1.00000
           0           4          20           5
   -15.98641    -4.78439    -9.56914
    -0.28672     0.95802    -0.00000
     0.95802     0.28672    -0.00000
    -0.00000    -0.00000    -1.00000
           0           4          20           6
   -15.98641    -4.78439   -15.94454
    -0.28672     0.95802    -0.00000
     0.95802     0.28672    -0.00000
    -0.00000    -0.00000    -1.00000
           0           4          21           1
   -13.51729    -7.52967    15.94078
    -0.48664     0.87360    -0.00000
     0.87360     0.48664    -0.00000
    -0.00000    -0.00000    -1.00000
           0           4          21           2
   -13.51729    -7.52967     9.56538
    -0.48664     0.87360    -0.00000
     0.87360     0.48664    -0.00000
    -0.00000    -0.00000    -1.00000
           0           4          21           3
   -13.51729    -7.52967     3.18998
    -0.48664     0.87360    -0.00000
     0.87360     0.48664    -0.00000
    -0.00000    -0.00000    -1.00000
           0           4          21           4
   -13.51729    -7.52967    -3.18542
    -0.48664     0.87360    -0.00000
     0.87360     0.48664    -0.00000
    -0.00000    -0.00000    -1.00000
           0           4          21           5
   -13.51729    -7.52967    -9.56082
    -0.48664     0.87360    -0.00000
     0.87360     0.48664    -0.00000
    -0.00000    -0.00000    -1.00000
           0           4          21           6
   -13.51729    -7.52967   -15.93622
    -0.48664     0.87360    -0.00000
     0.87360     0.48664    -0.00000
    -0.00000    -0.00000    -1.00000
           0           4          22           1
   -13.49312   -11.76357    15.92923
    -0.65714     0.75377    -0.00000
     0.75377     0.65714    -0.00000
    -0.00000    -0.00000    -1.00000
           0           4          22           2
   -13.49312   -11.76357     9.55383
    -0.65714     0.75377    -0.00000
     0.75377     0.65714    -0.00000
    -0.00000    -0.00000    -1.00000
           0           4          22           3
   -13.49312   -11.76357     3.17843
    -0.65714     0.75377    -0.00000
     0.75377     0.65714    -0.00000
    -0.00000    -0.00000    -1.00000
           0           4          22           4
   -13.49312   -11.76357    -3.19697
    -0.65714     0.75377    -0.00000
     0.75377     0.65714    -0.00000
    -0.00000    -0.00000    -1.00000
           0           4          22           5
   -13.49312   -11.76357    -9.57237
    -0.65714     0.75377    -0.00000
     0.75377     0.65714    -0.00000
    -0.00000    -0.00000    -1.00000
           0           4          22           6
   -13.49312   -11.76357   -15.94776
    -0.65714     0.75377    -0.00000
     0.75377     0.65714    -0.00000
    -0.00000    -0.00000    -1.00000
           0           4          23           1
   -10.12897   -13.26123    15.93968
    -0.79471     0.60699    -0.00000
     0.60699     0.79471    -0.00000
    -0.00000    -0.00000    -1.00000
           0           4          23           2
   -10.12897   -13.26123     9.56429
    -0.79471     0.60699    -0.00000
     0.60699     0.79471    -0.00000
    -0.00000    -0.00000    -1.00000
           0           4          23           3
   -10.12897   -13.26123     3.18889
    -0.79471     0.60699    -0.00000
     0.60699     0.79471    -0.00000
    -0.00000    -0.00000    -1.00000
           0           4          23           4
   -10.12897   -13.26123    -3.18651
    -0.79471     0.60699    -0.00000
     0.60699     0.79471    -0.00000
    -0.00000    -0.00000    -1.00000
           0           4          23           5
   -10.12897   -13.26123    -9.56191
    -0.79471     0.60699    -0.00000
     0.60699     0.79471    -0.00000
    -0.00000    -0.00000    -1.00000
           0           4          23           6
   -10.12897   -13.26123   -15.93731
    -0.79471     0.60699    -0.00000
     0.60699     0.79471    -0.00000
    -0.00000    -0.00000    -1.00000
           0           4          24           1
    -6.50734   -14.03810    15.93850
    -0.90726     0.42056    -0.00000
     0.42056     0.90726    -0.00000
    -0.00000    -0.00000    -1.00000
           0           4          24           2
    -6.50734   -14.03810     9.56310
    -0.90726     0.42056    -0.00000
     0.42056     0.90726    -0.00000
    -0.00000    -0.00000    -1.00000
           0           4          24           3
    -6.50734   -14.03810     3.18770
    -0.90726     0.42056    -0.00000
     0.42056     0.90726    -0.00000
    -0.00000    -0.00000    -1.00000
           0           4          24           4
    -6.50734   -14.03810    -3.18770
    -0.90726     0.42056    -0.00000
     0.42056     0.90726    -0.00000
    -0.00000    -0.00000    -1.00000
           0           4          24           5
    -6.50734   -14.03810    -9.56310
    -0.90726     0.42056    -0.00000
     0.42056     0.90726    -0.00000
    -0.00000    -0.00000    -1.00000
           0           4          24           6
    -6.50734   -14.03810   -15.93850
    -0.90726     0.42056    -0.00000
     0.42056     0.90726    -0.00000
    -0.00000    -0.00000    -1.00000
