 SVX cage parameters:
     2.20000
     0.50000     0.20000
     0.00000
           6
   -40.00000   -26.50000   -26.50000    26.50000    26.50000    40.00000
    53.00000    53.00000    22.00000    22.00000    53.00000    53.00000
     0.00000     0.00000     0.00000
 SVX barrel parameters:
           4
     2.63000     5.13000    11.76500    16.68700     1.21400
     0.00000     0.00000     0.00000     0.00000
           4           4           5           6
     0.69600     0.69600     1.74500     1.74500
     0.01000     0.01000     0.03125     0.03125
     2.83600     2.83600     3.18770     3.18770
     0.01900     0.01900     0.00000     0.00000
     0.02000     0.02000     0.00000     0.00000
    26.70000    13.60000    17.00000    12.00000
   -13.00000   -13.02000     0.00000     0.00000
           2
           5           5
     0.00000   180.00000
           2
          10          10
     0.00000   180.00000
           2
           8           8
     0.00000   180.00000
           2
          12          12
     0.00000   180.00000
 SVX barrel sensor rotation matrices and translation vectors:
           0           1           1           1
     1.63739    -2.05811     8.53800
     0.62147     0.78344    -0.00000
    -0.78344     0.62147    -0.00000
     0.00000     0.00000     1.00000
           0           1           1           2
     1.63739    -2.05811     2.84600
     0.62147     0.78344    -0.00000
    -0.78344     0.62147    -0.00000
     0.00000     0.00000     1.00000
           0           1           1           3
     1.63739    -2.05811    -2.84600
     0.62147     0.78344    -0.00000
    -0.78344     0.62147    -0.00000
     0.00000     0.00000     1.00000
           0           1           1           4
     1.63739    -2.05811    -8.53800
     0.62147     0.78344    -0.00000
    -0.78344     0.62147    -0.00000
     0.00000     0.00000     1.00000
           0           1           2           1
     2.34364    -1.19342     8.53844
     0.24046     0.97066    -0.00000
    -0.97066     0.24046    -0.00000
     0.00000     0.00000     1.00000
           0           1           2           2
     2.34364    -1.19342     2.84644
     0.24046     0.97066    -0.00000
    -0.97066     0.24046    -0.00000
     0.00000     0.00000     1.00000
           0           1           2           3
     2.34364    -1.19342    -2.84556
     0.24046     0.97066    -0.00000
    -0.97066     0.24046    -0.00000
     0.00000     0.00000     1.00000
           0           1           2           4
     2.34364    -1.19342    -8.53756
     0.24046     0.97066    -0.00000
    -0.97066     0.24046    -0.00000
     0.00000     0.00000     1.00000
           0           1           3           1
     2.62999    -0.01031     8.53691
    -0.22235     0.97497     0.00000
    -0.97497    -0.22235     0.00000
     0.00000     0.00000     1.00000
           0           1           3           2
     2.62999    -0.01031     2.84491
    -0.22235     0.97497     0.00000
    -0.97497    -0.22235     0.00000
     0.00000     0.00000     1.00000
           0           1           3           3
     2.62999    -0.01031    -2.84709
    -0.22235     0.97497     0.00000
    -0.97497    -0.22235     0.00000
     0.00000     0.00000     1.00000
           0           1           3           4
     2.62999    -0.01031    -8.53909
    -0.22235     0.97497     0.00000
    -0.97497    -0.22235     0.00000
     0.00000     0.00000     1.00000
           0           1           4           1
     2.34982     1.18120     8.53805
    -0.63957     0.76873     0.00000
    -0.76873    -0.63957     0.00000
     0.00000     0.00000     1.00000
           0           1           4           2
     2.34982     1.18120     2.84606
    -0.63957     0.76873     0.00000
    -0.76873    -0.63957     0.00000
     0.00000     0.00000     1.00000
           0           1           4           3
     2.34982     1.18120    -2.84594
    -0.63957     0.76873     0.00000
    -0.76873    -0.63957     0.00000
     0.00000     0.00000     1.00000
           0           1           4           4
     2.34982     1.18120    -8.53795
    -0.63957     0.76873     0.00000
    -0.76873    -0.63957     0.00000
     0.00000     0.00000     1.00000
           0           1           5           1
     1.58860     2.09602     8.53685
    -0.91293     0.40812     0.00000
    -0.40812    -0.91293     0.00000
     0.00000     0.00000     1.00000
           0           1           5           2
     1.58860     2.09602     2.84484
    -0.91293     0.40812     0.00000
    -0.40812    -0.91293     0.00000
     0.00000     0.00000     1.00000
           0           1           5           3
     1.58860     2.09602    -2.84716
    -0.91293     0.40812     0.00000
    -0.40812    -0.91293     0.00000
     0.00000     0.00000     1.00000
           0           1           5           4
     1.58860     2.09602    -8.53916
    -0.91293     0.40812     0.00000
    -0.40812    -0.91293     0.00000
     0.00000     0.00000     1.00000
           0           1           6           1
    -1.56547     2.11335    -8.54748
     0.91736     0.39805     0.00000
     0.39805    -0.91736     0.00000
     0.00000    -0.00000    -1.00000
           0           1           6           2
    -1.56547     2.11335    -2.85548
     0.91736     0.39805     0.00000
     0.39805    -0.91736     0.00000
     0.00000    -0.00000    -1.00000
           0           1           6           3
    -1.56547     2.11335     2.83652
     0.91736     0.39805     0.00000
     0.39805    -0.91736     0.00000
     0.00000    -0.00000    -1.00000
           0           1           6           4
    -1.56547     2.11335     8.52852
     0.91736     0.39805     0.00000
     0.39805    -0.91736     0.00000
     0.00000    -0.00000    -1.00000
           0           1           7           1
    -2.34692     1.18698    -8.54108
     0.64145     0.76716    -0.00000
     0.76716    -0.64145    -0.00000
    -0.00000     0.00000    -1.00000
           0           1           7           2
    -2.34692     1.18698    -2.84908
     0.64145     0.76716    -0.00000
     0.76716    -0.64145    -0.00000
    -0.00000     0.00000    -1.00000
           0           1           7           3
    -2.34692     1.18698     2.84292
     0.64145     0.76716    -0.00000
     0.76716    -0.64145    -0.00000
    -0.00000     0.00000    -1.00000
           0           1           7           4
    -2.34692     1.18698     8.53492
     0.64145     0.76716    -0.00000
     0.76716    -0.64145    -0.00000
    -0.00000     0.00000    -1.00000
           0           1           8           1
    -2.63000     0.00864    -8.54233
     0.22937     0.97334    -0.00000
     0.97334    -0.22937    -0.00000
    -0.00000     0.00000    -1.00000
           0           1           8           2
    -2.62999     0.00864    -2.85034
     0.22937     0.97334    -0.00000
     0.97334    -0.22937    -0.00000
    -0.00000     0.00000    -1.00000
           0           1           8           3
    -2.62999     0.00864     2.84167
     0.22937     0.97334    -0.00000
     0.97334    -0.22937    -0.00000
    -0.00000     0.00000    -1.00000
           0           1           8           4
    -2.62999     0.00864     8.53366
     0.22937     0.97334    -0.00000
     0.97334    -0.22937    -0.00000
    -0.00000     0.00000    -1.00000
           0           1           9           1
    -2.34956    -1.18175    -8.53964
    -0.23563     0.97184    -0.00000
     0.97184     0.23563    -0.00000
    -0.00000    -0.00000    -1.00000
           0           1           9           2
    -2.34956    -1.18175    -2.84764
    -0.23563     0.97184    -0.00000
     0.97184     0.23563    -0.00000
    -0.00000    -0.00000    -1.00000
           0           1           9           3
    -2.34956    -1.18175     2.84436
    -0.23563     0.97184    -0.00000
     0.97184     0.23563    -0.00000
    -0.00000    -0.00000    -1.00000
           0           1           9           4
    -2.34956    -1.18175     8.53636
    -0.23563     0.97184    -0.00000
     0.97184     0.23563    -0.00000
    -0.00000    -0.00000    -1.00000
           0           1          10           1
    -1.55554    -2.12067    -8.54210
    -0.65166     0.75851    -0.00000
     0.75851     0.65166    -0.00000
    -0.00000    -0.00000    -1.00000
           0           1          10           2
    -1.55554    -2.12067    -2.85011
    -0.65166     0.75851    -0.00000
     0.75851     0.65166    -0.00000
    -0.00000    -0.00000    -1.00000
           0           1          10           3
    -1.55554    -2.12067     2.84189
    -0.65166     0.75851    -0.00000
     0.75851     0.65166    -0.00000
    -0.00000    -0.00000    -1.00000
           0           1          10           4
    -1.55554    -2.12067     8.53389
    -0.65166     0.75851    -0.00000
     0.75851     0.65166    -0.00000
    -0.00000    -0.00000    -1.00000
           0           2           1           1
     2.46627    -4.49827     8.53703
     0.74558     0.66642    -0.00000
    -0.66642     0.74558    -0.00000
     0.00000     0.00000     1.00000
           0           2           1           2
     2.46627    -4.49827     2.84503
     0.74558     0.66642    -0.00000
    -0.66642     0.74558    -0.00000
     0.00000     0.00000     1.00000
           0           2           1           3
     2.46627    -4.49827    -2.84697
     0.74558     0.66642    -0.00000
    -0.66642     0.74558    -0.00000
     0.00000     0.00000     1.00000
           0           2           1           4
     2.46627    -4.49827    -8.53897
     0.74558     0.66642    -0.00000
    -0.66642     0.74558    -0.00000
     0.00000     0.00000     1.00000
           0           2           2           1
     3.43978    -3.80590     8.53465
     0.57123     0.82079    -0.00000
    -0.82079     0.57123    -0.00000
     0.00000     0.00000     1.00000
           0           2           2           2
     3.43978    -3.80590     2.84266
     0.57123     0.82079    -0.00000
    -0.82079     0.57123    -0.00000
     0.00000     0.00000     1.00000
           0           2           2           3
     3.43978    -3.80590    -2.84934
     0.57123     0.82079    -0.00000
    -0.82079     0.57123    -0.00000
     0.00000     0.00000     1.00000
           0           2           2           4
     3.43978    -3.80590    -8.54135
     0.57123     0.82079    -0.00000
    -0.82079     0.57123    -0.00000
     0.00000     0.00000     1.00000
           0           2           3           1
     4.24207    -2.88476     8.53813
     0.36097     0.93258    -0.00000
    -0.93258     0.36097    -0.00000
     0.00000     0.00000     1.00000
           0           2           3           2
     4.24207    -2.88476     2.84613
     0.36097     0.93258    -0.00000
    -0.93258     0.36097    -0.00000
     0.00000     0.00000     1.00000
           0           2           3           3
     4.24207    -2.88476    -2.84587
     0.36097     0.93258    -0.00000
    -0.93258     0.36097    -0.00000
     0.00000     0.00000     1.00000
           0           2           3           4
     4.24207    -2.88476    -8.53787
     0.36097     0.93258    -0.00000
    -0.93258     0.36097    -0.00000
     0.00000     0.00000     1.00000
           0           2           4           1
     4.80376    -1.80026     8.54422
     0.13030     0.99147    -0.00000
    -0.99147     0.13030    -0.00000
     0.00000     0.00000     1.00000
           0           2           4           2
     4.80376    -1.80026     2.85222
     0.13030     0.99147    -0.00000
    -0.99147     0.13030    -0.00000
     0.00000     0.00000     1.00000
           0           2           4           3
     4.80376    -1.80026    -2.83978
     0.13030     0.99147    -0.00000
    -0.99147     0.13030    -0.00000
     0.00000     0.00000     1.00000
           0           2           4           4
     4.80376    -1.80026    -8.53178
     0.13030     0.99147    -0.00000
    -0.99147     0.13030    -0.00000
     0.00000     0.00000     1.00000
           0           2           5           1
     5.09278    -0.61676     8.54441
    -0.10716     0.99424     0.00000
    -0.99424    -0.10716     0.00000
     0.00000     0.00000     1.00000
           0           2           5           2
     5.09278    -0.61676     2.85241
    -0.10716     0.99424     0.00000
    -0.99424    -0.10716     0.00000
     0.00000     0.00000     1.00000
           0           2           5           3
     5.09278    -0.61676    -2.83959
    -0.10716     0.99424     0.00000
    -0.99424    -0.10716     0.00000
     0.00000     0.00000     1.00000
           0           2           5           4
     5.09278    -0.61676    -8.53159
    -0.10716     0.99424     0.00000
    -0.99424    -0.10716     0.00000
     0.00000     0.00000     1.00000
           0           2           6           1
     5.09609     0.58881     8.54248
    -0.33624     0.94178     0.00000
    -0.94178    -0.33624     0.00000
     0.00000     0.00000     1.00000
           0           2           6           2
     5.09609     0.58881     2.85048
    -0.33624     0.94178     0.00000
    -0.94178    -0.33624     0.00000
     0.00000     0.00000     1.00000
           0           2           6           3
     5.09609     0.58881    -2.84152
    -0.33624     0.94178     0.00000
    -0.94178    -0.33624     0.00000
     0.00000     0.00000     1.00000
           0           2           6           4
     5.09609     0.58881    -8.53352
    -0.33624     0.94178     0.00000
    -0.94178    -0.33624     0.00000
     0.00000     0.00000     1.00000
           0           2           7           1
     4.81135     1.77986     8.54461
    -0.54986     0.83526     0.00000
    -0.83526    -0.54986     0.00000
     0.00000     0.00000     1.00000
           0           2           7           2
     4.81135     1.77986     2.85261
    -0.54986     0.83526     0.00000
    -0.83526    -0.54986     0.00000
     0.00000     0.00000     1.00000
           0           2           7           3
     4.81135     1.77986    -2.83939
    -0.54986     0.83526     0.00000
    -0.83526    -0.54986     0.00000
     0.00000     0.00000     1.00000
           0           2           7           4
     4.81135     1.77986    -8.53139
    -0.54986     0.83526     0.00000
    -0.83526    -0.54986     0.00000
     0.00000     0.00000     1.00000
           0           2           8           1
     4.25354     2.86780     8.54233
    -0.73190     0.68141     0.00000
    -0.68141    -0.73190     0.00000
     0.00000     0.00000     1.00000
           0           2           8           2
     4.25354     2.86780     2.85033
    -0.73190     0.68141     0.00000
    -0.68141    -0.73190     0.00000
     0.00000     0.00000     1.00000
           0           2           8           3
     4.25354     2.86780    -2.84167
    -0.73190     0.68141     0.00000
    -0.68141    -0.73190     0.00000
     0.00000     0.00000     1.00000
           0           2           8           4
     4.25354     2.86780    -8.53367
    -0.73190     0.68141     0.00000
    -0.68141    -0.73190     0.00000
     0.00000     0.00000     1.00000
           0           2           9           1
     3.45532     3.79179     8.53810
    -0.87219     0.48916     0.00000
    -0.48916    -0.87219     0.00000
     0.00000     0.00000     1.00000
           0           2           9           2
     3.45532     3.79179     2.84610
    -0.87219     0.48916     0.00000
    -0.48916    -0.87219     0.00000
     0.00000     0.00000     1.00000
           0           2           9           3
     3.45532     3.79179    -2.84590
    -0.87219     0.48916     0.00000
    -0.48916    -0.87219     0.00000
     0.00000     0.00000     1.00000
           0           2           9           4
     3.45532     3.79179    -8.53790
    -0.87219     0.48916     0.00000
    -0.48916    -0.87219     0.00000
     0.00000     0.00000     1.00000
           0           2          10           1
     2.40656     4.53050     8.53373
    -0.96629     0.25746     0.00000
    -0.25746    -0.96629     0.00000
     0.00000     0.00000     1.00000
           0           2          10           2
     2.40656     4.53050     2.84173
    -0.96629     0.25746     0.00000
    -0.25746    -0.96629     0.00000
     0.00000     0.00000     1.00000
           0           2          10           3
     2.40656     4.53050    -2.85027
    -0.96629     0.25746     0.00000
    -0.25746    -0.96629     0.00000
     0.00000     0.00000     1.00000
           0           2          10           4
     2.40656     4.53050    -8.54227
    -0.96629     0.25746     0.00000
    -0.25746    -0.96629     0.00000
     0.00000     0.00000     1.00000
           0           2          11           1
    -2.47102     4.49566    -8.53980
     0.96251     0.27124     0.00000
     0.27124    -0.96251     0.00000
     0.00000    -0.00000    -1.00000
           0           2          11           2
    -2.47102     4.49566    -2.84780
     0.96251     0.27124     0.00000
     0.27124    -0.96251     0.00000
     0.00000    -0.00000    -1.00000
           0           2          11           3
    -2.47102     4.49566     2.84420
     0.96251     0.27124     0.00000
     0.27124    -0.96251     0.00000
     0.00000    -0.00000    -1.00000
           0           2          11           4
    -2.47102     4.49566     8.53620
     0.96251     0.27124     0.00000
     0.27124    -0.96251     0.00000
     0.00000    -0.00000    -1.00000
           0           2          12           1
    -3.45918     3.78827    -8.53800
     0.87170     0.49004     0.00000
     0.49004    -0.87170     0.00000
     0.00000    -0.00000    -1.00000
           0           2          12           2
    -3.45918     3.78827    -2.84600
     0.87170     0.49004     0.00000
     0.49004    -0.87170     0.00000
     0.00000    -0.00000    -1.00000
           0           2          12           3
    -3.45918     3.78827     2.84600
     0.87170     0.49004     0.00000
     0.49004    -0.87170     0.00000
     0.00000    -0.00000    -1.00000
           0           2          12           4
    -3.45918     3.78827     8.53800
     0.87170     0.49004     0.00000
     0.49004    -0.87170     0.00000
     0.00000    -0.00000    -1.00000
           0           2          13           1
    -4.25351     2.86784    -8.54140
     0.73191     0.68140     0.00000
     0.68140    -0.73191     0.00000
     0.00000    -0.00000    -1.00000
           0           2          13           2
    -4.25351     2.86784    -2.84940
     0.73191     0.68140     0.00000
     0.68140    -0.73191     0.00000
     0.00000    -0.00000    -1.00000
           0           2          13           3
    -4.25351     2.86784     2.84260
     0.73191     0.68140     0.00000
     0.68140    -0.73191     0.00000
     0.00000    -0.00000    -1.00000
           0           2          13           4
    -4.25351     2.86784     8.53460
     0.73191     0.68140     0.00000
     0.68140    -0.73191     0.00000
     0.00000    -0.00000    -1.00000
           0           2          14           1
    -4.80630     1.79345    -8.53639
     0.55222     0.83370    -0.00000
     0.83370    -0.55222    -0.00000
    -0.00000     0.00000    -1.00000
           0           2          14           2
    -4.80630     1.79345    -2.84439
     0.55222     0.83370    -0.00000
     0.83370    -0.55222    -0.00000
    -0.00000     0.00000    -1.00000
           0           2          14           3
    -4.80630     1.79345     2.84761
     0.55222     0.83370    -0.00000
     0.83370    -0.55222    -0.00000
    -0.00000     0.00000    -1.00000
           0           2          14           4
    -4.80630     1.79345     8.53961
     0.55222     0.83370    -0.00000
     0.83370    -0.55222    -0.00000
    -0.00000     0.00000    -1.00000
           0           2          15           1
    -5.09416     0.60526    -8.54077
     0.33928     0.94069    -0.00000
     0.94069    -0.33928    -0.00000
    -0.00000     0.00000    -1.00000
           0           2          15           2
    -5.09416     0.60526    -2.84877
     0.33928     0.94069    -0.00000
     0.94069    -0.33928    -0.00000
    -0.00000     0.00000    -1.00000
           0           2          15           3
    -5.09416     0.60526     2.84323
     0.33928     0.94069    -0.00000
     0.94069    -0.33928    -0.00000
    -0.00000     0.00000    -1.00000
           0           2          15           4
    -5.09416     0.60526     8.53523
     0.33928     0.94069    -0.00000
     0.94069    -0.33928    -0.00000
    -0.00000     0.00000    -1.00000
           0           2          16           1
    -5.09425    -0.60462    -8.53633
     0.10955     0.99398    -0.00000
     0.99398    -0.10955    -0.00000
    -0.00000     0.00000    -1.00000
           0           2          16           2
    -5.09425    -0.60462    -2.84433
     0.10955     0.99398    -0.00000
     0.99398    -0.10955    -0.00000
    -0.00000     0.00000    -1.00000
           0           2          16           3
    -5.09425    -0.60462     2.84767
     0.10955     0.99398    -0.00000
     0.99398    -0.10955    -0.00000
    -0.00000     0.00000    -1.00000
           0           2          16           4
    -5.09425    -0.60462     8.53967
     0.10955     0.99398    -0.00000
     0.99398    -0.10955    -0.00000
    -0.00000     0.00000    -1.00000
           0           2          17           1
    -4.80865    -1.78711    -8.53732
    -0.12760     0.99183    -0.00000
     0.99183     0.12760    -0.00000
    -0.00000    -0.00000    -1.00000
           0           2          17           2
    -4.80865    -1.78711    -2.84532
    -0.12760     0.99183    -0.00000
     0.99183     0.12760    -0.00000
    -0.00000    -0.00000    -1.00000
           0           2          17           3
    -4.80865    -1.78711     2.84668
    -0.12760     0.99183    -0.00000
     0.99183     0.12760    -0.00000
    -0.00000    -0.00000    -1.00000
           0           2          17           4
    -4.80865    -1.78711     8.53868
    -0.12760     0.99183    -0.00000
     0.99183     0.12760    -0.00000
    -0.00000    -0.00000    -1.00000
           0           2          18           1
    -4.25243    -2.86946    -8.54047
    -0.35762     0.93387    -0.00000
     0.93387     0.35762    -0.00000
    -0.00000    -0.00000    -1.00000
           0           2          18           2
    -4.25243    -2.86946    -2.84848
    -0.35762     0.93387    -0.00000
     0.93387     0.35762    -0.00000
    -0.00000    -0.00000    -1.00000
           0           2          18           3
    -4.25243    -2.86946     2.84352
    -0.35762     0.93387    -0.00000
     0.93387     0.35762    -0.00000
    -0.00000    -0.00000    -1.00000
           0           2          18           4
    -4.25243    -2.86946     8.53553
    -0.35762     0.93387    -0.00000
     0.93387     0.35762    -0.00000
    -0.00000    -0.00000    -1.00000
           0           2          19           1
    -3.45803    -3.78931    -8.54215
    -0.56728     0.82353    -0.00000
     0.82353     0.56728    -0.00000
    -0.00000    -0.00000    -1.00000
           0           2          19           2
    -3.45803    -3.78931    -2.85015
    -0.56728     0.82353    -0.00000
     0.82353     0.56728    -0.00000
    -0.00000    -0.00000    -1.00000
           0           2          19           3
    -3.45803    -3.78931     2.84185
    -0.56728     0.82353    -0.00000
     0.82353     0.56728    -0.00000
    -0.00000    -0.00000    -1.00000
           0           2          19           4
    -3.45803    -3.78931     8.53384
    -0.56728     0.82353    -0.00000
     0.82353     0.56728    -0.00000
    -0.00000    -0.00000    -1.00000
           0           2          20           1
    -2.46271    -4.50022    -8.54395
    -0.74610     0.66583    -0.00000
     0.66583     0.74610    -0.00000
    -0.00000    -0.00000    -1.00000
           0           2          20           2
    -2.46271    -4.50022    -2.85197
    -0.74610     0.66583    -0.00000
     0.66583     0.74610    -0.00000
    -0.00000    -0.00000    -1.00000
           0           2          20           3
    -2.46271    -4.50022     2.84003
    -0.74610     0.66583    -0.00000
     0.66583     0.74610    -0.00000
    -0.00000    -0.00000    -1.00000
           0           2          20           4
    -2.46271    -4.50022     8.53205
    -0.74610     0.66583    -0.00000
     0.66583     0.74610    -0.00000
    -0.00000    -0.00000    -1.00000
           0           3           1           1
     5.62397   -10.33374    12.74933
    -0.87834    -0.47803    -0.00000
    -0.47803     0.87834    -0.00000
     0.00000    -0.00000    -1.00000
           0           3           1           2
     5.62397   -10.33374     6.37393
    -0.87834    -0.47803    -0.00000
    -0.47803     0.87834    -0.00000
     0.00000    -0.00000    -1.00000
           0           3           1           3
     5.62397   -10.33374    -0.00147
    -0.87834    -0.47803    -0.00000
    -0.47803     0.87834    -0.00000
     0.00000    -0.00000    -1.00000
           0           3           1           4
     5.62397   -10.33374    -6.37687
    -0.87834    -0.47803    -0.00000
    -0.47803     0.87834    -0.00000
     0.00000    -0.00000    -1.00000
           0           3           1           5
     5.62397   -10.33374   -12.75228
    -0.87834    -0.47803    -0.00000
    -0.47803     0.87834    -0.00000
     0.00000    -0.00000    -1.00000
           0           3           2           1
     7.51444    -7.13182    12.74307
    -0.68841    -0.72533     0.00000
    -0.72533     0.68841     0.00000
    -0.00000     0.00000    -1.00000
           0           3           2           2
     7.51444    -7.13182     6.36767
    -0.68841    -0.72533     0.00000
    -0.72533     0.68841     0.00000
    -0.00000     0.00000    -1.00000
           0           3           2           3
     7.51444    -7.13182    -0.00773
    -0.68841    -0.72533     0.00000
    -0.72533     0.68841     0.00000
    -0.00000     0.00000    -1.00000
           0           3           2           4
     7.51444    -7.13182    -6.38312
    -0.68841    -0.72533     0.00000
    -0.72533     0.68841     0.00000
    -0.00000     0.00000    -1.00000
           0           3           2           5
     7.51444    -7.13182   -12.75853
    -0.68841    -0.72533     0.00000
    -0.72533     0.68841     0.00000
    -0.00000     0.00000    -1.00000
           0           3           3           1
    11.53570    -5.65674    12.74848
    -0.44027    -0.89787     0.00000
    -0.89787     0.44027     0.00000
    -0.00000     0.00000    -1.00000
           0           3           3           2
    11.53570    -5.65674     6.37309
    -0.44027    -0.89787     0.00000
    -0.89787     0.44027     0.00000
    -0.00000     0.00000    -1.00000
           0           3           3           3
    11.53570    -5.65674    -0.00231
    -0.44027    -0.89787     0.00000
    -0.89787     0.44027     0.00000
    -0.00000     0.00000    -1.00000
           0           3           3           4
    11.53570    -5.65674    -6.37771
    -0.44027    -0.89787     0.00000
    -0.89787     0.44027     0.00000
    -0.00000     0.00000    -1.00000
           0           3           3           5
    11.53570    -5.65674   -12.75312
    -0.44027    -0.89787     0.00000
    -0.89787     0.44027     0.00000
    -0.00000     0.00000    -1.00000
           0           3           4           1
    11.58224    -2.06568    12.74539
    -0.17559    -0.98446     0.00000
    -0.98446     0.17559     0.00000
    -0.00000     0.00000    -1.00000
           0           3           4           2
    11.58224    -2.06568     6.36999
    -0.17559    -0.98446     0.00000
    -0.98446     0.17559     0.00000
    -0.00000     0.00000    -1.00000
           0           3           4           3
    11.58224    -2.06568    -0.00541
    -0.17559    -0.98446     0.00000
    -0.98446     0.17559     0.00000
    -0.00000     0.00000    -1.00000
           0           3           4           4
    11.58224    -2.06568    -6.38081
    -0.17559    -0.98446     0.00000
    -0.98446     0.17559     0.00000
    -0.00000     0.00000    -1.00000
           0           3           4           5
    11.58224    -2.06568   -12.75621
    -0.17559    -0.98446     0.00000
    -0.98446     0.17559     0.00000
    -0.00000     0.00000    -1.00000
           0           3           5           1
    10.26292     1.41494    12.74320
     0.13657    -0.99063     0.00000
    -0.99063    -0.13657     0.00000
    -0.00000    -0.00000    -1.00000
           0           3           5           2
    10.26292     1.41494     6.36780
     0.13657    -0.99063     0.00000
    -0.99063    -0.13657     0.00000
    -0.00000    -0.00000    -1.00000
           0           3           5           3
    10.26292     1.41494    -0.00760
     0.13657    -0.99063     0.00000
    -0.99063    -0.13657     0.00000
    -0.00000    -0.00000    -1.00000
           0           3           5           4
    10.26292     1.41494    -6.38300
     0.13657    -0.99063     0.00000
    -0.99063    -0.13657     0.00000
    -0.00000    -0.00000    -1.00000
           0           3           5           5
    10.26292     1.41494   -12.75840
     0.13657    -0.99063     0.00000
    -0.99063    -0.13657     0.00000
    -0.00000    -0.00000    -1.00000
           0           3           6           1
    11.64155     5.43559    12.75352
     0.42308    -0.90609     0.00000
    -0.90609    -0.42308     0.00000
    -0.00000    -0.00000    -1.00000
           0           3           6           2
    11.64155     5.43559     6.37812
     0.42308    -0.90609     0.00000
    -0.90609    -0.42308     0.00000
    -0.00000    -0.00000    -1.00000
           0           3           6           3
    11.64155     5.43559     0.00272
     0.42308    -0.90609     0.00000
    -0.90609    -0.42308     0.00000
    -0.00000    -0.00000    -1.00000
           0           3           6           4
    11.64155     5.43559    -6.37268
     0.42308    -0.90609     0.00000
    -0.90609    -0.42308     0.00000
    -0.00000    -0.00000    -1.00000
           0           3           6           5
    11.64155     5.43559   -12.74808
     0.42308    -0.90609     0.00000
    -0.90609    -0.42308     0.00000
    -0.00000    -0.00000    -1.00000
           0           3           7           1
     8.87627     7.72184    12.75167
     0.65634    -0.75446     0.00000
    -0.75446    -0.65634     0.00000
    -0.00000    -0.00000    -1.00000
           0           3           7           2
     8.87627     7.72184     6.37627
     0.65634    -0.75446     0.00000
    -0.75446    -0.65634     0.00000
    -0.00000    -0.00000    -1.00000
           0           3           7           3
     8.87627     7.72184     0.00087
     0.65634    -0.75446     0.00000
    -0.75446    -0.65634     0.00000
    -0.00000    -0.00000    -1.00000
           0           3           7           4
     8.87627     7.72184    -6.37453
     0.65634    -0.75446     0.00000
    -0.75446    -0.65634     0.00000
    -0.00000    -0.00000    -1.00000
           0           3           7           5
     8.87627     7.72184   -12.74993
     0.65634    -0.75446     0.00000
    -0.75446    -0.65634     0.00000
    -0.00000    -0.00000    -1.00000
           0           3           8           1
     5.31629     8.89195    12.74288
     0.85830    -0.51315     0.00000
    -0.51315    -0.85830     0.00000
    -0.00000    -0.00000    -1.00000
           0           3           8           2
     5.31629     8.89195     6.36748
     0.85830    -0.51315     0.00000
    -0.51315    -0.85830     0.00000
    -0.00000    -0.00000    -1.00000
           0           3           8           3
     5.31629     8.89195    -0.00792
     0.85830    -0.51315     0.00000
    -0.51315    -0.85830     0.00000
    -0.00000    -0.00000    -1.00000
           0           3           8           4
     5.31629     8.89195    -6.38332
     0.85830    -0.51315     0.00000
    -0.51315    -0.85830     0.00000
    -0.00000    -0.00000    -1.00000
           0           3           8           5
     5.31629     8.89195   -12.75872
     0.85830    -0.51315     0.00000
    -0.51315    -0.85830     0.00000
    -0.00000    -0.00000    -1.00000
           0           3           9           1
    -5.31236     8.89430   -12.72805
    -0.85852    -0.51278    -0.00000
     0.51278    -0.85852    -0.00000
     0.00000     0.00000     1.00000
           0           3           9           2
    -5.31236     8.89430    -6.35265
    -0.85852    -0.51278    -0.00000
     0.51278    -0.85852    -0.00000
     0.00000     0.00000     1.00000
           0           3           9           3
    -5.31236     8.89430     0.02275
    -0.85852    -0.51278    -0.00000
     0.51278    -0.85852    -0.00000
     0.00000     0.00000     1.00000
           0           3           9           4
    -5.31236     8.89430     6.39815
    -0.85852    -0.51278    -0.00000
     0.51278    -0.85852    -0.00000
     0.00000     0.00000     1.00000
           0           3           9           5
    -5.31236     8.89430    12.77355
    -0.85852    -0.51278    -0.00000
     0.51278    -0.85852    -0.00000
     0.00000     0.00000     1.00000
           0           3          10           1
    -8.85353     7.74792   -12.74374
    -0.65856    -0.75253    -0.00000
     0.75253    -0.65856    -0.00000
     0.00000     0.00000     1.00000
           0           3          10           2
    -8.85353     7.74792    -6.36833
    -0.65856    -0.75253    -0.00000
     0.75253    -0.65856    -0.00000
     0.00000     0.00000     1.00000
           0           3          10           3
    -8.85353     7.74792     0.00706
    -0.65856    -0.75253    -0.00000
     0.75253    -0.65856    -0.00000
     0.00000     0.00000     1.00000
           0           3          10           4
    -8.85353     7.74792     6.38247
    -0.65856    -0.75253    -0.00000
     0.75253    -0.65856    -0.00000
     0.00000     0.00000     1.00000
           0           3          10           5
    -8.85353     7.74792    12.75787
    -0.65856    -0.75253    -0.00000
     0.75253    -0.65856    -0.00000
     0.00000     0.00000     1.00000
           0           3          11           1
   -11.62944     5.46141   -12.73754
    -0.42508    -0.90516    -0.00000
     0.90516    -0.42508    -0.00000
     0.00000     0.00000     1.00000
           0           3          11           2
   -11.62944     5.46141    -6.36214
    -0.42508    -0.90516    -0.00000
     0.90516    -0.42508    -0.00000
     0.00000     0.00000     1.00000
           0           3          11           3
   -11.62944     5.46141     0.01326
    -0.42508    -0.90516    -0.00000
     0.90516    -0.42508    -0.00000
     0.00000     0.00000     1.00000
           0           3          11           4
   -11.62944     5.46141     6.38866
    -0.42508    -0.90516    -0.00000
     0.90516    -0.42508    -0.00000
     0.00000     0.00000     1.00000
           0           3          11           5
   -11.62944     5.46141    12.76406
    -0.42508    -0.90516    -0.00000
     0.90516    -0.42508    -0.00000
     0.00000     0.00000     1.00000
           0           3          12           1
   -10.26441     1.40411   -12.73992
    -0.13552    -0.99077    -0.00000
     0.99077    -0.13552    -0.00000
     0.00000    -0.00000     1.00000
           0           3          12           2
   -10.26441     1.40411    -6.36452
    -0.13552    -0.99077    -0.00000
     0.99077    -0.13552    -0.00000
     0.00000    -0.00000     1.00000
           0           3          12           3
   -10.26441     1.40411     0.01088
    -0.13552    -0.99077    -0.00000
     0.99077    -0.13552    -0.00000
     0.00000    -0.00000     1.00000
           0           3          12           4
   -10.26441     1.40411     6.38628
    -0.13552    -0.99077    -0.00000
     0.99077    -0.13552    -0.00000
     0.00000    -0.00000     1.00000
           0           3          12           5
   -10.26441     1.40411    12.76168
    -0.13552    -0.99077    -0.00000
     0.99077    -0.13552    -0.00000
     0.00000    -0.00000     1.00000
           0           3          13           1
   -11.58114    -2.07189   -12.73086
     0.17611    -0.98437    -0.00000
     0.98437     0.17611    -0.00000
     0.00000     0.00000     1.00000
           0           3          13           2
   -11.58114    -2.07189    -6.35546
     0.17611    -0.98437    -0.00000
     0.98437     0.17611    -0.00000
     0.00000     0.00000     1.00000
           0           3          13           3
   -11.58114    -2.07189     0.01994
     0.17611    -0.98437    -0.00000
     0.98437     0.17611    -0.00000
     0.00000     0.00000     1.00000
           0           3          13           4
   -11.58114    -2.07189     6.39534
     0.17611    -0.98437    -0.00000
     0.98437     0.17611    -0.00000
     0.00000     0.00000     1.00000
           0           3          13           5
   -11.58114    -2.07189    12.77074
     0.17611    -0.98437    -0.00000
     0.98437     0.17611    -0.00000
     0.00000     0.00000     1.00000
           0           3          14           1
   -11.52983    -5.66869   -12.74261
     0.44121    -0.89740    -0.00000
     0.89740     0.44121    -0.00000
     0.00000     0.00000     1.00000
           0           3          14           2
   -11.52983    -5.66869    -6.36721
     0.44121    -0.89740    -0.00000
     0.89740     0.44121    -0.00000
     0.00000     0.00000     1.00000
           0           3          14           3
   -11.52983    -5.66869     0.00819
     0.44121    -0.89740    -0.00000
     0.89740     0.44121    -0.00000
     0.00000     0.00000     1.00000
           0           3          14           4
   -11.52983    -5.66869     6.38359
     0.44121    -0.89740    -0.00000
     0.89740     0.44121    -0.00000
     0.00000     0.00000     1.00000
           0           3          14           5
   -11.52983    -5.66869    12.75899
     0.44121    -0.89740    -0.00000
     0.89740     0.44121    -0.00000
     0.00000     0.00000     1.00000
           0           3          15           1
    -7.52777    -7.11775   -12.74518
     0.68705    -0.72661    -0.00000
     0.72661     0.68705    -0.00000
     0.00000     0.00000     1.00000
           0           3          15           2
    -7.52777    -7.11775    -6.36978
     0.68705    -0.72661    -0.00000
     0.72661     0.68705    -0.00000
     0.00000     0.00000     1.00000
           0           3          15           3
    -7.52777    -7.11775     0.00562
     0.68705    -0.72661    -0.00000
     0.72661     0.68705    -0.00000
     0.00000     0.00000     1.00000
           0           3          15           4
    -7.52777    -7.11775     6.38102
     0.68705    -0.72661    -0.00000
     0.72661     0.68705    -0.00000
     0.00000     0.00000     1.00000
           0           3          15           5
    -7.52777    -7.11775    12.75642
     0.68705    -0.72661    -0.00000
     0.72661     0.68705    -0.00000
     0.00000     0.00000     1.00000
           0           3          16           1
    -5.63686   -10.32673   -12.74729
     0.87775    -0.47912    -0.00000
     0.47912     0.87775    -0.00000
     0.00000     0.00000     1.00000
           0           3          16           2
    -5.63686   -10.32673    -6.37189
     0.87775    -0.47912    -0.00000
     0.47912     0.87775    -0.00000
     0.00000     0.00000     1.00000
           0           3          16           3
    -5.63686   -10.32673     0.00351
     0.87775    -0.47912    -0.00000
     0.47912     0.87775    -0.00000
     0.00000     0.00000     1.00000
           0           3          16           4
    -5.63686   -10.32673     6.37891
     0.87775    -0.47912    -0.00000
     0.47912     0.87775    -0.00000
     0.00000     0.00000     1.00000
           0           3          16           5
    -5.63686   -10.32673    12.75431
     0.87775    -0.47912    -0.00000
     0.47912     0.87775    -0.00000
     0.00000     0.00000     1.00000
           0           4           1           1
     6.50033   -14.04135   -15.93707
     0.90747     0.42011    -0.00000
    -0.42011     0.90747    -0.00000
    -0.00000     0.00000     1.00000
           0           4           1           2
     6.50033   -14.04135    -9.56167
     0.90747     0.42011    -0.00000
    -0.42011     0.90747    -0.00000
    -0.00000     0.00000     1.00000
           0           4           1           3
     6.50033   -14.04135    -3.18627
     0.90747     0.42011    -0.00000
    -0.42011     0.90747    -0.00000
    -0.00000     0.00000     1.00000
           0           4           1           4
     6.50033   -14.04135     3.18913
     0.90747     0.42011    -0.00000
    -0.42011     0.90747    -0.00000
    -0.00000     0.00000     1.00000
           0           4           1           5
     6.50033   -14.04135     9.56453
     0.90747     0.42011    -0.00000
    -0.42011     0.90747    -0.00000
    -0.00000     0.00000     1.00000
           0           4           1           6
     6.50033   -14.04135    15.93993
     0.90747     0.42011    -0.00000
    -0.42011     0.90747    -0.00000
    -0.00000     0.00000     1.00000
           0           4           2           1
    10.08864   -13.29193   -15.93375
     0.79655     0.60458    -0.00000
    -0.60458     0.79655    -0.00000
     0.00000     0.00000     1.00000
           0           4           2           2
    10.08864   -13.29193    -9.55835
     0.79655     0.60458    -0.00000
    -0.60458     0.79655    -0.00000
     0.00000     0.00000     1.00000
           0           4           2           3
    10.08864   -13.29193    -3.18295
     0.79655     0.60458    -0.00000
    -0.60458     0.79655    -0.00000
     0.00000     0.00000     1.00000
           0           4           2           4
    10.08864   -13.29193     3.19245
     0.79655     0.60458    -0.00000
    -0.60458     0.79655    -0.00000
     0.00000     0.00000     1.00000
           0           4           2           5
    10.08864   -13.29193     9.56785
     0.79655     0.60458    -0.00000
    -0.60458     0.79655    -0.00000
     0.00000     0.00000     1.00000
           0           4           2           6
    10.08864   -13.29193    15.94325
     0.79655     0.60458    -0.00000
    -0.60458     0.79655    -0.00000
     0.00000     0.00000     1.00000
           0           4           3           1
    13.48036   -11.77817   -15.92339
     0.65797     0.75305    -0.00000
    -0.75305     0.65797    -0.00000
     0.00000     0.00000     1.00000
           0           4           3           2
    13.48036   -11.77817    -9.54800
     0.65797     0.75305    -0.00000
    -0.75305     0.65797    -0.00000
     0.00000     0.00000     1.00000
           0           4           3           3
    13.48036   -11.77817    -3.17259
     0.65797     0.75305    -0.00000
    -0.75305     0.65797    -0.00000
     0.00000     0.00000     1.00000
           0           4           3           4
    13.48036   -11.77817     3.20280
     0.65797     0.75305    -0.00000
    -0.75305     0.65797    -0.00000
     0.00000     0.00000     1.00000
           0           4           3           5
    13.48036   -11.77817     9.57821
     0.65797     0.75305    -0.00000
    -0.75305     0.65797    -0.00000
     0.00000     0.00000     1.00000
           0           4           3           6
    13.48036   -11.77817    15.95360
     0.65797     0.75305    -0.00000
    -0.75305     0.65797    -0.00000
     0.00000     0.00000     1.00000
           0           4           4           1
    13.53962    -7.48949   -15.94219
     0.48403     0.87505    -0.00000
    -0.87505     0.48403    -0.00000
    -0.00000     0.00000     1.00000
           0           4           4           2
    13.53962    -7.48949    -9.56679
     0.48403     0.87505    -0.00000
    -0.87505     0.48403    -0.00000
    -0.00000     0.00000     1.00000
           0           4           4           3
    13.53962    -7.48949    -3.19139
     0.48403     0.87505    -0.00000
    -0.87505     0.48403    -0.00000
    -0.00000     0.00000     1.00000
           0           4           4           4
    13.53962    -7.48949     3.18401
     0.48403     0.87505    -0.00000
    -0.87505     0.48403    -0.00000
    -0.00000     0.00000     1.00000
           0           4           4           5
    13.53962    -7.48949     9.55941
     0.48403     0.87505    -0.00000
    -0.87505     0.48403    -0.00000
    -0.00000     0.00000     1.00000
           0           4           4           6
    13.53962    -7.48949    15.93481
     0.48403     0.87505    -0.00000
    -0.87505     0.48403    -0.00000
    -0.00000     0.00000     1.00000
           0           4           5           1
    15.99791    -4.74585   -15.94893
     0.28440     0.95871    -0.00000
    -0.95871     0.28440    -0.00000
    -0.00000     0.00000     1.00000
           0           4           5           2
    15.99791    -4.74585    -9.57353
     0.28440     0.95871    -0.00000
    -0.95871     0.28440    -0.00000
    -0.00000     0.00000     1.00000
           0           4           5           3
    15.99791    -4.74585    -3.19813
     0.28440     0.95871    -0.00000
    -0.95871     0.28440    -0.00000
    -0.00000     0.00000     1.00000
           0           4           5           4
    15.99791    -4.74585     3.17727
     0.28440     0.95871    -0.00000
    -0.95871     0.28440    -0.00000
    -0.00000     0.00000     1.00000
           0           4           5           5
    15.99791    -4.74585     9.55267
     0.28440     0.95871    -0.00000
    -0.95871     0.28440    -0.00000
    -0.00000     0.00000     1.00000
           0           4           5           6
    15.99791    -4.74585    15.92807
     0.28440     0.95871    -0.00000
    -0.95871     0.28440    -0.00000
    -0.00000     0.00000     1.00000
           0           4           6           1
    17.83336    -1.55457   -15.94829
     0.08685     0.99622    -0.00000
    -0.99622     0.08685    -0.00000
    -0.00000     0.00000     1.00000
           0           4           6           2
    17.83336    -1.55457    -9.57289
     0.08685     0.99622    -0.00000
    -0.99622     0.08685    -0.00000
    -0.00000     0.00000     1.00000
           0           4           6           3
    17.83336    -1.55457    -3.19749
     0.08685     0.99622    -0.00000
    -0.99622     0.08685    -0.00000
    -0.00000     0.00000     1.00000
           0           4           6           4
    17.83336    -1.55457     3.17791
     0.08685     0.99622    -0.00000
    -0.99622     0.08685    -0.00000
    -0.00000     0.00000     1.00000
           0           4           6           5
    17.83336    -1.55457     9.55331
     0.08685     0.99622    -0.00000
    -0.99622     0.08685    -0.00000
    -0.00000     0.00000     1.00000
           0           4           6           6
    17.83336    -1.55457    15.92871
     0.08685     0.99622    -0.00000
    -0.99622     0.08685    -0.00000
    -0.00000     0.00000     1.00000
           0           4           7           1
    15.35802     1.88283   -15.93574
    -0.12169     0.99257     0.00000
    -0.99257    -0.12169     0.00000
     0.00000     0.00000     1.00000
           0           4           7           2
    15.35802     1.88283    -9.56034
    -0.12169     0.99257     0.00000
    -0.99257    -0.12169     0.00000
     0.00000     0.00000     1.00000
           0           4           7           3
    15.35802     1.88283    -3.18494
    -0.12169     0.99257     0.00000
    -0.99257    -0.12169     0.00000
     0.00000     0.00000     1.00000
           0           4           7           4
    15.35802     1.88283     3.19046
    -0.12169     0.99257     0.00000
    -0.99257    -0.12169     0.00000
     0.00000     0.00000     1.00000
           0           4           7           5
    15.35802     1.88283     9.56586
    -0.12169     0.99257     0.00000
    -0.99257    -0.12169     0.00000
     0.00000     0.00000     1.00000
           0           4           7           6
    15.35802     1.88283    15.94126
    -0.12169     0.99257     0.00000
    -0.99257    -0.12169     0.00000
     0.00000     0.00000     1.00000
           0           4           8           1
    15.73787     5.54757   -15.93602
    -0.33246     0.94312     0.00000
    -0.94312    -0.33246     0.00000
     0.00000     0.00000     1.00000
           0           4           8           2
    15.73787     5.54757    -9.56062
    -0.33246     0.94312     0.00000
    -0.94312    -0.33246     0.00000
     0.00000     0.00000     1.00000
           0           4           8           3
    15.73787     5.54757    -3.18522
    -0.33246     0.94312     0.00000
    -0.94312    -0.33246     0.00000
     0.00000     0.00000     1.00000
           0           4           8           4
    15.73787     5.54757     3.19018
    -0.33246     0.94312     0.00000
    -0.94312    -0.33246     0.00000
     0.00000     0.00000     1.00000
           0           4           8           5
    15.73787     5.54757     9.56558
    -0.33246     0.94312     0.00000
    -0.94312    -0.33246     0.00000
     0.00000     0.00000     1.00000
           0           4           8           6
    15.73787     5.54757    15.94097
    -0.33246     0.94312     0.00000
    -0.94312    -0.33246     0.00000
     0.00000     0.00000     1.00000
           0           4           9           1
    15.34314     9.22140   -15.93116
    -0.51514     0.85710     0.00000
    -0.85710    -0.51514     0.00000
     0.00000     0.00000     1.00000
           0           4           9           2
    15.34314     9.22140    -9.55577
    -0.51514     0.85710     0.00000
    -0.85710    -0.51514     0.00000
     0.00000     0.00000     1.00000
           0           4           9           3
    15.34314     9.22140    -3.18037
    -0.51514     0.85710     0.00000
    -0.85710    -0.51514     0.00000
     0.00000     0.00000     1.00000
           0           4           9           4
    15.34314     9.22140     3.19503
    -0.51514     0.85710     0.00000
    -0.85710    -0.51514     0.00000
     0.00000     0.00000     1.00000
           0           4           9           5
    15.34314     9.22140     9.57042
    -0.51514     0.85710     0.00000
    -0.85710    -0.51514     0.00000
     0.00000     0.00000     1.00000
           0           4           9           6
    15.34314     9.22140    15.94583
    -0.51514     0.85710     0.00000
    -0.85710    -0.51514     0.00000
     0.00000     0.00000     1.00000
           0           4          10           1
    11.33031    10.53745   -15.94355
    -0.68102     0.73226     0.00000
    -0.73226    -0.68102     0.00000
     0.00000     0.00000     1.00000
           0           4          10           2
    11.33031    10.53745    -9.56815
    -0.68102     0.73226     0.00000
    -0.73226    -0.68102     0.00000
     0.00000     0.00000     1.00000
           0           4          10           3
    11.33031    10.53745    -3.19275
    -0.68102     0.73226     0.00000
    -0.73226    -0.68102     0.00000
     0.00000     0.00000     1.00000
           0           4          10           4
    11.33031    10.53745     3.18265
    -0.68102     0.73226     0.00000
    -0.73226    -0.68102     0.00000
     0.00000     0.00000     1.00000
           0           4          10           5
    11.33031    10.53745     9.55805
    -0.68102     0.73226     0.00000
    -0.73226    -0.68102     0.00000
     0.00000     0.00000     1.00000
           0           4          10           6
    11.33031    10.53745    15.93345
    -0.68102     0.73226     0.00000
    -0.73226    -0.68102     0.00000
     0.00000     0.00000     1.00000
           0           4          11           1
     9.46122    13.74559   -15.93850
    -0.82373     0.56698     0.00000
    -0.56698    -0.82373     0.00000
     0.00000     0.00000     1.00000
           0           4          11           2
     9.46122    13.74559    -9.56310
    -0.82373     0.56698     0.00000
    -0.56698    -0.82373     0.00000
     0.00000     0.00000     1.00000
           0           4          11           3
     9.46122    13.74559    -3.18770
    -0.82373     0.56698     0.00000
    -0.56698    -0.82373     0.00000
     0.00000     0.00000     1.00000
           0           4          11           4
     9.46122    13.74559     3.18770
    -0.82373     0.56698     0.00000
    -0.56698    -0.82373     0.00000
     0.00000     0.00000     1.00000
           0           4          11           5
     9.46122    13.74559     9.56310
    -0.82373     0.56698     0.00000
    -0.56698    -0.82373     0.00000
     0.00000     0.00000     1.00000
           0           4          11           6
     9.46122    13.74559    15.93850
    -0.82373     0.56698     0.00000
    -0.56698    -0.82373     0.00000
     0.00000     0.00000     1.00000
           0           4          12           1
     6.99950    16.47583   -15.93252
    -0.92039     0.39101     0.00000
    -0.39101    -0.92039     0.00000
     0.00000     0.00000     1.00000
           0           4          12           2
     6.99950    16.47583    -9.55710
    -0.92039     0.39101     0.00000
    -0.39101    -0.92039     0.00000
     0.00000     0.00000     1.00000
           0           4          12           3
     6.99950    16.47583    -3.18172
    -0.92039     0.39101     0.00000
    -0.39101    -0.92039     0.00000
     0.00000     0.00000     1.00000
           0           4          12           4
     6.99950    16.47583     3.19368
    -0.92039     0.39101     0.00000
    -0.39101    -0.92039     0.00000
     0.00000     0.00000     1.00000
           0           4          12           5
     6.99950    16.47583     9.56909
    -0.92039     0.39101     0.00000
    -0.39101    -0.92039     0.00000
     0.00000     0.00000     1.00000
           0           4          12           6
     6.99950    16.47583    15.94448
    -0.92039     0.39101     0.00000
    -0.39101    -0.92039     0.00000
     0.00000     0.00000     1.00000
           0           4          13           1
    -6.98652    16.48135    15.92725
     0.92070     0.39027     0.00000
     0.39027    -0.92070     0.00000
     0.00000    -0.00000    -1.00000
           0           4          13           2
    -6.98652    16.48135     9.55185
     0.92070     0.39027     0.00000
     0.39027    -0.92070     0.00000
     0.00000    -0.00000    -1.00000
           0           4          13           3
    -6.98652    16.48135     3.17645
     0.92070     0.39027     0.00000
     0.39027    -0.92070     0.00000
     0.00000    -0.00000    -1.00000
           0           4          13           4
    -6.98652    16.48135    -3.19895
     0.92070     0.39027     0.00000
     0.39027    -0.92070     0.00000
     0.00000    -0.00000    -1.00000
           0           4          13           5
    -6.98652    16.48135    -9.57435
     0.92070     0.39027     0.00000
     0.39027    -0.92070     0.00000
     0.00000    -0.00000    -1.00000
           0           4          13           6
    -6.98652    16.48135   -15.94975
     0.92070     0.39027     0.00000
     0.39027    -0.92070     0.00000
     0.00000    -0.00000    -1.00000
           0           4          14           1
    -9.46629    13.74210    15.93806
     0.82353     0.56727     0.00000
     0.56727    -0.82353     0.00000
     0.00000    -0.00000    -1.00000
           0           4          14           2
    -9.46629    13.74210     9.56266
     0.82353     0.56727     0.00000
     0.56727    -0.82353     0.00000
     0.00000    -0.00000    -1.00000
           0           4          14           3
    -9.46629    13.74210     3.18726
     0.82353     0.56727     0.00000
     0.56727    -0.82353     0.00000
     0.00000    -0.00000    -1.00000
           0           4          14           4
    -9.46629    13.74210    -3.18814
     0.82353     0.56727     0.00000
     0.56727    -0.82353     0.00000
     0.00000    -0.00000    -1.00000
           0           4          14           5
    -9.46629    13.74210    -9.56354
     0.82353     0.56727     0.00000
     0.56727    -0.82353     0.00000
     0.00000    -0.00000    -1.00000
           0           4          14           6
    -9.46629    13.74210   -15.93893
     0.82353     0.56727     0.00000
     0.56727    -0.82353     0.00000
     0.00000    -0.00000    -1.00000
           0           4          15           1
   -11.30911    10.56020    15.94448
     0.68249     0.73090    -0.00000
     0.73090    -0.68249    -0.00000
    -0.00000     0.00000    -1.00000
           0           4          15           2
   -11.30911    10.56020     9.56908
     0.68249     0.73090    -0.00000
     0.73090    -0.68249    -0.00000
    -0.00000     0.00000    -1.00000
           0           4          15           3
   -11.30911    10.56020     3.19368
     0.68249     0.73090    -0.00000
     0.73090    -0.68249    -0.00000
    -0.00000     0.00000    -1.00000
           0           4          15           4
   -11.30911    10.56020    -3.18172
     0.68249     0.73090    -0.00000
     0.73090    -0.68249    -0.00000
    -0.00000     0.00000    -1.00000
           0           4          15           5
   -11.30911    10.56020    -9.55712
     0.68249     0.73090    -0.00000
     0.73090    -0.68249    -0.00000
    -0.00000     0.00000    -1.00000
           0           4          15           6
   -11.30911    10.56020   -15.93252
     0.68249     0.73090    -0.00000
     0.73090    -0.68249    -0.00000
    -0.00000     0.00000    -1.00000
           0           4          16           1
   -15.34121     9.22458    15.93940
     0.51530     0.85701    -0.00000
     0.85701    -0.51530    -0.00000
    -0.00000     0.00000    -1.00000
           0           4          16           2
   -15.34121     9.22458     9.56400
     0.51530     0.85701    -0.00000
     0.85701    -0.51530    -0.00000
    -0.00000     0.00000    -1.00000
           0           4          16           3
   -15.34121     9.22458     3.18860
     0.51530     0.85701    -0.00000
     0.85701    -0.51530    -0.00000
    -0.00000     0.00000    -1.00000
           0           4          16           4
   -15.34121     9.22458    -3.18680
     0.51530     0.85701    -0.00000
     0.85701    -0.51530    -0.00000
    -0.00000     0.00000    -1.00000
           0           4          16           5
   -15.34121     9.22458    -9.56220
     0.51530     0.85701    -0.00000
     0.85701    -0.51530    -0.00000
    -0.00000     0.00000    -1.00000
           0           4          16           6
   -15.34121     9.22458   -15.93760
     0.51530     0.85701    -0.00000
     0.85701    -0.51530    -0.00000
    -0.00000     0.00000    -1.00000
           0           4          17           1
   -15.73859     5.54552    15.93850
     0.33233     0.94316    -0.00000
     0.94316    -0.33233    -0.00000
    -0.00000     0.00000    -1.00000
           0           4          17           2
   -15.73859     5.54552     9.56310
     0.33233     0.94316    -0.00000
     0.94316    -0.33233    -0.00000
    -0.00000     0.00000    -1.00000
           0           4          17           3
   -15.73859     5.54552     3.18770
     0.33233     0.94316    -0.00000
     0.94316    -0.33233    -0.00000
    -0.00000     0.00000    -1.00000
           0           4          17           4
   -15.73859     5.54552    -3.18770
     0.33233     0.94316    -0.00000
     0.94316    -0.33233    -0.00000
    -0.00000     0.00000    -1.00000
           0           4          17           5
   -15.73859     5.54552    -9.56310
     0.33233     0.94316    -0.00000
     0.94316    -0.33233    -0.00000
    -0.00000     0.00000    -1.00000
           0           4          17           6
   -15.73859     5.54552   -15.93850
     0.33233     0.94316    -0.00000
     0.94316    -0.33233    -0.00000
    -0.00000     0.00000    -1.00000
           0           4          18           1
   -15.36355     1.83720    15.91245
     0.11874     0.99293    -0.00000
     0.99293    -0.11874    -0.00000
    -0.00000     0.00000    -1.00000
           0           4          18           2
   -15.36355     1.83720     9.53705
     0.11874     0.99293    -0.00000
     0.99293    -0.11874    -0.00000
    -0.00000     0.00000    -1.00000
           0           4          18           3
   -15.36355     1.83720     3.16165
     0.11874     0.99293    -0.00000
     0.99293    -0.11874    -0.00000
    -0.00000     0.00000    -1.00000
           0           4          18           4
   -15.36355     1.83720    -3.21375
     0.11874     0.99293    -0.00000
     0.99293    -0.11874    -0.00000
    -0.00000     0.00000    -1.00000
           0           4          18           5
   -15.36355     1.83720    -9.58915
     0.11874     0.99293    -0.00000
     0.99293    -0.11874    -0.00000
    -0.00000     0.00000    -1.00000
           0           4          18           6
   -15.36355     1.83720   -15.96455
     0.11874     0.99293    -0.00000
     0.99293    -0.11874    -0.00000
    -0.00000     0.00000    -1.00000
           0           4          19           1
   -17.82865    -1.60775    15.93078
    -0.08982     0.99596    -0.00000
     0.99596     0.08982    -0.00000
    -0.00000    -0.00000    -1.00000
           0           4          19           2
   -17.82865    -1.60775     9.55538
    -0.08982     0.99596    -0.00000
     0.99596     0.08982    -0.00000
    -0.00000    -0.00000    -1.00000
           0           4          19           3
   -17.82865    -1.60775     3.17998
    -0.08982     0.99596    -0.00000
     0.99596     0.08982    -0.00000
    -0.00000    -0.00000    -1.00000
           0           4          19           4
   -17.82865    -1.60775    -3.19542
    -0.08982     0.99596    -0.00000
     0.99596     0.08982    -0.00000
    -0.00000    -0.00000    -1.00000
           0           4          19           5
   -17.82865    -1.60775    -9.57082
    -0.08982     0.99596    -0.00000
     0.99596     0.08982    -0.00000
    -0.00000    -0.00000    -1.00000
           0           4          19           6
   -17.82865    -1.60775   -15.94623
    -0.08982     0.99596    -0.00000
     0.99596     0.08982    -0.00000
    -0.00000    -0.00000    -1.00000
           0           4          20           1
   -15.98500    -4.78907    15.93824
    -0.28700     0.95793    -0.00000
     0.95793     0.28700    -0.00000
    -0.00000    -0.00000    -1.00000
           0           4          20           2
   -15.98500    -4.78907     9.56283
    -0.28700     0.95793    -0.00000
     0.95793     0.28700    -0.00000
    -0.00000    -0.00000    -1.00000
           0           4          20           3
   -15.98500    -4.78907     3.18743
    -0.28700     0.95793    -0.00000
     0.95793     0.28700    -0.00000
    -0.00000    -0.00000    -1.00000
           0           4          20           4
   -15.98500    -4.78907    -3.18797
    -0.28700     0.95793    -0.00000
     0.95793     0.28700    -0.00000
    -0.00000    -0.00000    -1.00000
           0           4          20           5
   -15.98500    -4.78907    -9.56337
    -0.28700     0.95793    -0.00000
     0.95793     0.28700    -0.00000
    -0.00000    -0.00000    -1.00000
           0           4          20           6
   -15.98500    -4.78907   -15.93877
    -0.28700     0.95793    -0.00000
     0.95793     0.28700    -0.00000
    -0.00000    -0.00000    -1.00000
           0           4          21           1
   -13.51645    -7.53119    15.94357
    -0.48673     0.87355    -0.00000
     0.87355     0.48673    -0.00000
    -0.00000    -0.00000    -1.00000
           0           4          21           2
   -13.51645    -7.53119     9.56817
    -0.48673     0.87355    -0.00000
     0.87355     0.48673    -0.00000
    -0.00000    -0.00000    -1.00000
           0           4          21           3
   -13.51645    -7.53119     3.19277
    -0.48673     0.87355    -0.00000
     0.87355     0.48673    -0.00000
    -0.00000    -0.00000    -1.00000
           0           4          21           4
   -13.51645    -7.53119    -3.18263
    -0.48673     0.87355    -0.00000
     0.87355     0.48673    -0.00000
    -0.00000    -0.00000    -1.00000
           0           4          21           5
   -13.51645    -7.53119    -9.55803
    -0.48673     0.87355    -0.00000
     0.87355     0.48673    -0.00000
    -0.00000    -0.00000    -1.00000
           0           4          21           6
   -13.51645    -7.53119   -15.93343
    -0.48673     0.87355    -0.00000
     0.87355     0.48673    -0.00000
    -0.00000    -0.00000    -1.00000
           0           4          22           1
   -13.49961   -11.75612    15.91740
    -0.65673     0.75412    -0.00000
     0.75412     0.65673    -0.00000
    -0.00000    -0.00000    -1.00000
           0           4          22           2
   -13.49961   -11.75612     9.54200
    -0.65673     0.75412    -0.00000
     0.75412     0.65673    -0.00000
    -0.00000    -0.00000    -1.00000
           0           4          22           3
   -13.49961   -11.75612     3.16660
    -0.65673     0.75412    -0.00000
     0.75412     0.65673    -0.00000
    -0.00000    -0.00000    -1.00000
           0           4          22           4
   -13.49961   -11.75612    -3.20880
    -0.65673     0.75412    -0.00000
     0.75412     0.65673    -0.00000
    -0.00000    -0.00000    -1.00000
           0           4          22           5
   -13.49961   -11.75612    -9.58420
    -0.65673     0.75412    -0.00000
     0.75412     0.65673    -0.00000
    -0.00000    -0.00000    -1.00000
           0           4          22           6
   -13.49961   -11.75612   -15.95960
    -0.65673     0.75412    -0.00000
     0.75412     0.65673    -0.00000
    -0.00000    -0.00000    -1.00000
           0           4          23           1
   -10.13228   -13.25868    15.94096
    -0.79455     0.60720    -0.00000
     0.60720     0.79455    -0.00000
    -0.00000    -0.00000    -1.00000
           0           4          23           2
   -10.13228   -13.25868     9.56556
    -0.79455     0.60720    -0.00000
     0.60720     0.79455    -0.00000
    -0.00000    -0.00000    -1.00000
           0           4          23           3
   -10.13228   -13.25868     3.19016
    -0.79455     0.60720    -0.00000
     0.60720     0.79455    -0.00000
    -0.00000    -0.00000    -1.00000
           0           4          23           4
   -10.13228   -13.25868    -3.18524
    -0.79455     0.60720    -0.00000
     0.60720     0.79455    -0.00000
    -0.00000    -0.00000    -1.00000
           0           4          23           5
   -10.13228   -13.25868    -9.56064
    -0.79455     0.60720    -0.00000
     0.60720     0.79455    -0.00000
    -0.00000    -0.00000    -1.00000
           0           4          23           6
   -10.13228   -13.25868   -15.93604
    -0.79455     0.60720    -0.00000
     0.60720     0.79455    -0.00000
    -0.00000    -0.00000    -1.00000
           0           4          24           1
    -6.50734   -14.03810    15.93850
    -0.90726     0.42056    -0.00000
     0.42056     0.90726    -0.00000
    -0.00000    -0.00000    -1.00000
           0           4          24           2
    -6.50734   -14.03810     9.56310
    -0.90726     0.42056    -0.00000
     0.42056     0.90726    -0.00000
    -0.00000    -0.00000    -1.00000
           0           4          24           3
    -6.50734   -14.03810     3.18770
    -0.90726     0.42056    -0.00000
     0.42056     0.90726    -0.00000
    -0.00000    -0.00000    -1.00000
           0           4          24           4
    -6.50734   -14.03810    -3.18770
    -0.90726     0.42056    -0.00000
     0.42056     0.90726    -0.00000
    -0.00000    -0.00000    -1.00000
           0           4          24           5
    -6.50734   -14.03810    -9.56310
    -0.90726     0.42056    -0.00000
     0.42056     0.90726    -0.00000
    -0.00000    -0.00000    -1.00000
           0           4          24           6
    -6.50734   -14.03810   -15.93850
    -0.90726     0.42056    -0.00000
     0.42056     0.90726    -0.00000
    -0.00000    -0.00000    -1.00000
