 SVX cage parameters:
     2.20000
     0.50000     0.20000
     0.00000
           6
   -40.00000   -26.50000   -26.50000    26.50000    26.50000    40.00000
    53.00000    53.00000    22.00000    22.00000    53.00000    53.00000
     0.00000     0.00000     0.00000
 SVX barrel parameters:
           4
     2.63000     5.13000    11.76500    16.68700     1.21400
     0.00000     0.00000     0.00000     0.00000
           4           4           5           6
     0.69600     0.69600     1.74500     1.74500
     0.01000     0.01000     0.03125     0.03125
     2.83600     2.83600     3.18770     3.18770
     0.01900     0.01900     0.00000     0.00000
     0.02000     0.02000     0.00000     0.00000
    26.70000    13.60000    17.00000    12.00000
   -13.00000   -13.02000     0.00000     0.00000
           2
           5           5
     0.00000   180.00000
           2
          10          10
     0.00000   180.00000
           2
           8           8
     0.00000   180.00000
           2
          12          12
     0.00000   180.00000
 SVX barrel sensor rotation matrices and translation vectors:
           0           1           1           1
     1.56912    -2.11063     8.53800
     0.64679     0.76267    -0.00000
    -0.76267     0.64679    -0.00000
    -0.00000     0.00000     1.00000
           0           1           1           2
     1.56912    -2.11063     2.84600
     0.64679     0.76267    -0.00000
    -0.76267     0.64679    -0.00000
    -0.00000     0.00000     1.00000
           0           1           1           3
     1.56912    -2.11063    -2.84600
     0.64679     0.76267    -0.00000
    -0.76267     0.64679    -0.00000
    -0.00000     0.00000     1.00000
           0           1           1           4
     1.56912    -2.11063    -8.53800
     0.64679     0.76267    -0.00000
    -0.76267     0.64679    -0.00000
    -0.00000     0.00000     1.00000
           0           1           2           1
     2.35333    -1.17417     8.54134
     0.23250     0.97260    -0.00000
    -0.97260     0.23250    -0.00000
    -0.00000     0.00000     1.00000
           0           1           2           2
     2.35333    -1.17417     2.84933
     0.23250     0.97260    -0.00000
    -0.97260     0.23250    -0.00000
    -0.00000     0.00000     1.00000
           0           1           2           3
     2.35333    -1.17417    -2.84266
     0.23250     0.97260    -0.00000
    -0.97260     0.23250    -0.00000
    -0.00000     0.00000     1.00000
           0           1           2           4
     2.35333    -1.17417    -8.53467
     0.23250     0.97260    -0.00000
    -0.97260     0.23250    -0.00000
    -0.00000     0.00000     1.00000
           0           1           3           1
     2.63000     0.00482     8.53977
    -0.22795     0.97367     0.00000
    -0.97367    -0.22795     0.00000
     0.00000     0.00000     1.00000
           0           1           3           2
     2.63000     0.00482     2.84778
    -0.22795     0.97367     0.00000
    -0.97367    -0.22795     0.00000
     0.00000     0.00000     1.00000
           0           1           3           3
     2.63000     0.00482    -2.84422
    -0.22795     0.97367     0.00000
    -0.97367    -0.22795     0.00000
     0.00000     0.00000     1.00000
           0           1           3           4
     2.63000     0.00482    -8.53622
    -0.22795     0.97367     0.00000
    -0.97367    -0.22795     0.00000
     0.00000     0.00000     1.00000
           0           1           4           1
     2.34541     1.18994     8.53869
    -0.64243     0.76634     0.00000
    -0.76634    -0.64243     0.00000
     0.00000     0.00000     1.00000
           0           1           4           2
     2.34541     1.18994     2.84669
    -0.64243     0.76634     0.00000
    -0.76634    -0.64243     0.00000
     0.00000     0.00000     1.00000
           0           1           4           3
     2.34541     1.18994    -2.84531
    -0.64243     0.76634     0.00000
    -0.76634    -0.64243     0.00000
     0.00000     0.00000     1.00000
           0           1           4           4
     2.34541     1.18994    -8.53731
    -0.64243     0.76634     0.00000
    -0.76634    -0.64243     0.00000
     0.00000     0.00000     1.00000
           0           1           5           1
     1.55497     2.12107     8.54002
    -0.91932     0.39351     0.00000
    -0.39351    -0.91932     0.00000
     0.00000     0.00000     1.00000
           0           1           5           2
     1.55497     2.12107     2.84802
    -0.91932     0.39351     0.00000
    -0.39351    -0.91932     0.00000
     0.00000     0.00000     1.00000
           0           1           5           3
     1.55497     2.12107    -2.84398
    -0.91932     0.39351     0.00000
    -0.39351    -0.91932     0.00000
     0.00000     0.00000     1.00000
           0           1           5           4
     1.55497     2.12107    -8.53598
    -0.91932     0.39351     0.00000
    -0.39351    -0.91932     0.00000
     0.00000     0.00000     1.00000
           0           1           6           1
    -1.56853     2.11107    -8.54921
     0.91678     0.39939     0.00000
     0.39939    -0.91678     0.00000
     0.00000    -0.00000    -1.00000
           0           1           6           2
    -1.56853     2.11107    -2.85721
     0.91678     0.39939     0.00000
     0.39939    -0.91678     0.00000
     0.00000    -0.00000    -1.00000
           0           1           6           3
    -1.56853     2.11107     2.83479
     0.91678     0.39939     0.00000
     0.39939    -0.91678     0.00000
     0.00000    -0.00000    -1.00000
           0           1           6           4
    -1.56853     2.11107     8.52679
     0.91678     0.39939     0.00000
     0.39939    -0.91678     0.00000
     0.00000    -0.00000    -1.00000
           0           1           7           1
    -2.35109     1.17869    -8.54577
     0.63875     0.76942    -0.00000
     0.76942    -0.63875    -0.00000
    -0.00000     0.00000    -1.00000
           0           1           7           2
    -2.35109     1.17869    -2.85377
     0.63875     0.76942    -0.00000
     0.76942    -0.63875    -0.00000
    -0.00000     0.00000    -1.00000
           0           1           7           3
    -2.35109     1.17869     2.83823
     0.63875     0.76942    -0.00000
     0.76942    -0.63875    -0.00000
    -0.00000     0.00000    -1.00000
           0           1           7           4
    -2.35109     1.17869     8.53023
     0.63875     0.76942    -0.00000
     0.76942    -0.63875    -0.00000
    -0.00000     0.00000    -1.00000
           0           1           8           1
    -2.63000     0.00527    -8.54076
     0.22813     0.97363    -0.00000
     0.97363    -0.22813    -0.00000
    -0.00000     0.00000    -1.00000
           0           1           8           2
    -2.62999     0.00527    -2.84876
     0.22813     0.97363    -0.00000
     0.97363    -0.22813    -0.00000
    -0.00000     0.00000    -1.00000
           0           1           8           3
    -2.62999     0.00527     2.84324
     0.22813     0.97363    -0.00000
     0.97363    -0.22813    -0.00000
    -0.00000     0.00000    -1.00000
           0           1           8           4
    -2.62999     0.00527     8.53524
     0.22813     0.97363    -0.00000
     0.97363    -0.22813    -0.00000
    -0.00000     0.00000    -1.00000
           0           1           9           1
    -2.34992    -1.18099    -8.53873
    -0.23533     0.97192    -0.00000
     0.97192     0.23533    -0.00000
    -0.00000    -0.00000    -1.00000
           0           1           9           2
    -2.34992    -1.18099    -2.84673
    -0.23533     0.97192    -0.00000
     0.97192     0.23533    -0.00000
    -0.00000    -0.00000    -1.00000
           0           1           9           3
    -2.34992    -1.18099     2.84526
    -0.23533     0.97192    -0.00000
     0.97192     0.23533    -0.00000
    -0.00000    -0.00000    -1.00000
           0           1           9           4
    -2.34992    -1.18099     8.53727
    -0.23533     0.97192    -0.00000
     0.97192     0.23533    -0.00000
    -0.00000    -0.00000    -1.00000
           0           1          10           1
    -1.56589    -2.11303    -8.54208
    -0.64795     0.76168    -0.00000
     0.76168     0.64795    -0.00000
    -0.00000    -0.00000    -1.00000
           0           1          10           2
    -1.56589    -2.11303    -2.85008
    -0.64795     0.76168    -0.00000
     0.76168     0.64795    -0.00000
    -0.00000    -0.00000    -1.00000
           0           1          10           3
    -1.56589    -2.11303     2.84192
    -0.64795     0.76168    -0.00000
     0.76168     0.64795    -0.00000
    -0.00000    -0.00000    -1.00000
           0           1          10           4
    -1.56589    -2.11303     8.53392
    -0.64795     0.76168    -0.00000
     0.76168     0.64795    -0.00000
    -0.00000    -0.00000    -1.00000
           0           2           1           1
     2.47121    -4.49556     8.53494
     0.74484     0.66724    -0.00000
    -0.66724     0.74484    -0.00000
    -0.00000     0.00000     1.00000
           0           2           1           2
     2.47121    -4.49556     2.84293
     0.74484     0.66724    -0.00000
    -0.66724     0.74484    -0.00000
    -0.00000     0.00000     1.00000
           0           2           1           3
     2.47121    -4.49556    -2.84907
     0.74484     0.66724    -0.00000
    -0.66724     0.74484    -0.00000
    -0.00000     0.00000     1.00000
           0           2           1           4
     2.47121    -4.49556    -8.54106
     0.74484     0.66724    -0.00000
    -0.66724     0.74484    -0.00000
    -0.00000     0.00000     1.00000
           0           2           2           1
     3.45566    -3.79148     8.53807
     0.56780     0.82317    -0.00000
    -0.82317     0.56780    -0.00000
    -0.00000     0.00000     1.00000
           0           2           2           2
     3.45566    -3.79148     2.84607
     0.56780     0.82317    -0.00000
    -0.82317     0.56780    -0.00000
    -0.00000     0.00000     1.00000
           0           2           2           3
     3.45566    -3.79148    -2.84593
     0.56780     0.82317    -0.00000
    -0.82317     0.56780    -0.00000
    -0.00000     0.00000     1.00000
           0           2           2           4
     3.45566    -3.79148    -8.53793
     0.56780     0.82317    -0.00000
    -0.82317     0.56780    -0.00000
    -0.00000     0.00000     1.00000
           0           2           3           1
     4.25439    -2.86656     8.53983
     0.35697     0.93412    -0.00000
    -0.93412     0.35697    -0.00000
    -0.00000     0.00000     1.00000
           0           2           3           2
     4.25439    -2.86656     2.84783
     0.35697     0.93412    -0.00000
    -0.93412     0.35697    -0.00000
    -0.00000     0.00000     1.00000
           0           2           3           3
     4.25439    -2.86656    -2.84417
     0.35697     0.93412    -0.00000
    -0.93412     0.35697    -0.00000
    -0.00000     0.00000     1.00000
           0           2           3           4
     4.25439    -2.86656    -8.53617
     0.35697     0.93412    -0.00000
    -0.93412     0.35697    -0.00000
    -0.00000     0.00000     1.00000
           0           2           4           1
     4.80944    -1.78498     8.54223
     0.12714     0.99188    -0.00000
    -0.99188     0.12714    -0.00000
    -0.00000     0.00000     1.00000
           0           2           4           2
     4.80944    -1.78498     2.85023
     0.12714     0.99188    -0.00000
    -0.99188     0.12714    -0.00000
    -0.00000     0.00000     1.00000
           0           2           4           3
     4.80944    -1.78498    -2.84177
     0.12714     0.99188    -0.00000
    -0.99188     0.12714    -0.00000
    -0.00000     0.00000     1.00000
           0           2           4           4
     4.80944    -1.78498    -8.53377
     0.12714     0.99188    -0.00000
    -0.99188     0.12714    -0.00000
    -0.00000     0.00000     1.00000
           0           2           5           1
     5.09393    -0.60726     8.54057
    -0.10902     0.99404     0.00000
    -0.99404    -0.10902     0.00000
     0.00000     0.00000     1.00000
           0           2           5           2
     5.09393    -0.60726     2.84857
    -0.10902     0.99404     0.00000
    -0.99404    -0.10902     0.00000
     0.00000     0.00000     1.00000
           0           2           5           3
     5.09393    -0.60726    -2.84343
    -0.10902     0.99404     0.00000
    -0.99404    -0.10902     0.00000
     0.00000     0.00000     1.00000
           0           2           5           4
     5.09393    -0.60726    -8.53543
    -0.10902     0.99404     0.00000
    -0.99404    -0.10902     0.00000
     0.00000     0.00000     1.00000
           0           2           6           1
     5.09503     0.59796     8.54016
    -0.33792     0.94117     0.00000
    -0.94117    -0.33792     0.00000
     0.00000     0.00000     1.00000
           0           2           6           2
     5.09503     0.59796     2.84816
    -0.33792     0.94117     0.00000
    -0.94117    -0.33792     0.00000
     0.00000     0.00000     1.00000
           0           2           6           3
     5.09503     0.59796    -2.84384
    -0.33792     0.94117     0.00000
    -0.94117    -0.33792     0.00000
     0.00000     0.00000     1.00000
           0           2           6           4
     5.09503     0.59796    -8.53584
    -0.33792     0.94117     0.00000
    -0.94117    -0.33792     0.00000
     0.00000     0.00000     1.00000
           0           2           7           1
     4.80940     1.78508     8.54076
    -0.55077     0.83466     0.00000
    -0.83466    -0.55077     0.00000
     0.00000     0.00000     1.00000
           0           2           7           2
     4.80940     1.78508     2.84876
    -0.55077     0.83466     0.00000
    -0.83466    -0.55077     0.00000
     0.00000     0.00000     1.00000
           0           2           7           3
     4.80940     1.78508    -2.84324
    -0.55077     0.83466     0.00000
    -0.83466    -0.55077     0.00000
     0.00000     0.00000     1.00000
           0           2           7           4
     4.80940     1.78508    -8.53524
    -0.55077     0.83466     0.00000
    -0.83466    -0.55077     0.00000
     0.00000     0.00000     1.00000
           0           2           8           1
     4.25831     2.86070     8.53979
    -0.73075     0.68264     0.00000
    -0.68264    -0.73075     0.00000
     0.00000     0.00000     1.00000
           0           2           8           2
     4.25831     2.86070     2.84779
    -0.73075     0.68264     0.00000
    -0.68264    -0.73075     0.00000
     0.00000     0.00000     1.00000
           0           2           8           3
     4.25831     2.86070    -2.84421
    -0.73075     0.68264     0.00000
    -0.68264    -0.73075     0.00000
     0.00000     0.00000     1.00000
           0           2           8           4
     4.25831     2.86070    -8.53621
    -0.73075     0.68264     0.00000
    -0.68264    -0.73075     0.00000
     0.00000     0.00000     1.00000
           0           2           9           1
     3.46181     3.78587     8.53667
    -0.87136     0.49064     0.00000
    -0.49064    -0.87136     0.00000
     0.00000     0.00000     1.00000
           0           2           9           2
     3.46181     3.78587     2.84467
    -0.87136     0.49064     0.00000
    -0.49064    -0.87136     0.00000
     0.00000     0.00000     1.00000
           0           2           9           3
     3.46181     3.78587    -2.84733
    -0.87136     0.49064     0.00000
    -0.49064    -0.87136     0.00000
     0.00000     0.00000     1.00000
           0           2           9           4
     3.46181     3.78587    -8.53933
    -0.87136     0.49064     0.00000
    -0.49064    -0.87136     0.00000
     0.00000     0.00000     1.00000
           0           2          10           1
     2.47823     4.49169     8.53433
    -0.96207     0.27279     0.00000
    -0.27279    -0.96207     0.00000
     0.00000     0.00000     1.00000
           0           2          10           2
     2.47823     4.49169     2.84233
    -0.96207     0.27279     0.00000
    -0.27279    -0.96207     0.00000
     0.00000     0.00000     1.00000
           0           2          10           3
     2.47823     4.49169    -2.84967
    -0.96207     0.27279     0.00000
    -0.27279    -0.96207     0.00000
     0.00000     0.00000     1.00000
           0           2          10           4
     2.47823     4.49169    -8.54167
    -0.96207     0.27279     0.00000
    -0.27279    -0.96207     0.00000
     0.00000     0.00000     1.00000
           0           2          11           1
    -2.46599     4.49843    -8.53297
     0.96281     0.27016     0.00000
     0.27016    -0.96281     0.00000
     0.00000    -0.00000    -1.00000
           0           2          11           2
    -2.46599     4.49843    -2.84097
     0.96281     0.27016     0.00000
     0.27016    -0.96281     0.00000
     0.00000    -0.00000    -1.00000
           0           2          11           3
    -2.46599     4.49843     2.85103
     0.96281     0.27016     0.00000
     0.27016    -0.96281     0.00000
     0.00000    -0.00000    -1.00000
           0           2          11           4
    -2.46599     4.49843     8.54303
     0.96281     0.27016     0.00000
     0.27016    -0.96281     0.00000
     0.00000    -0.00000    -1.00000
           0           2          12           1
    -3.45918     3.78827    -8.53800
     0.87170     0.49004     0.00000
     0.49004    -0.87170     0.00000
     0.00000    -0.00000    -1.00000
           0           2          12           2
    -3.45918     3.78827    -2.84600
     0.87170     0.49004     0.00000
     0.49004    -0.87170     0.00000
     0.00000    -0.00000    -1.00000
           0           2          12           3
    -3.45918     3.78827     2.84600
     0.87170     0.49004     0.00000
     0.49004    -0.87170     0.00000
     0.00000    -0.00000    -1.00000
           0           2          12           4
    -3.45918     3.78827     8.53800
     0.87170     0.49004     0.00000
     0.49004    -0.87170     0.00000
     0.00000    -0.00000    -1.00000
           0           2          13           1
    -4.25106     2.87148    -8.54043
     0.73249     0.68078     0.00000
     0.68078    -0.73249     0.00000
     0.00000    -0.00000    -1.00000
           0           2          13           2
    -4.25106     2.87148    -2.84843
     0.73249     0.68078     0.00000
     0.68078    -0.73249     0.00000
     0.00000    -0.00000    -1.00000
           0           2          13           3
    -4.25106     2.87148     2.84357
     0.73249     0.68078     0.00000
     0.68078    -0.73249     0.00000
     0.00000    -0.00000    -1.00000
           0           2          13           4
    -4.25106     2.87148     8.53557
     0.73249     0.68078     0.00000
     0.68078    -0.73249     0.00000
     0.00000    -0.00000    -1.00000
           0           2          14           1
    -4.80794     1.78902    -8.53904
     0.55145     0.83421    -0.00000
     0.83421    -0.55145    -0.00000
    -0.00000     0.00000    -1.00000
           0           2          14           2
    -4.80794     1.78902    -2.84704
     0.55145     0.83421    -0.00000
     0.83421    -0.55145    -0.00000
    -0.00000     0.00000    -1.00000
           0           2          14           3
    -4.80794     1.78902     2.84496
     0.55145     0.83421    -0.00000
     0.83421    -0.55145    -0.00000
    -0.00000     0.00000    -1.00000
           0           2          14           4
    -4.80794     1.78902     8.53696
     0.55145     0.83421    -0.00000
     0.83421    -0.55145    -0.00000
    -0.00000     0.00000    -1.00000
           0           2          15           1
    -5.09458     0.60189    -8.54238
     0.33865     0.94091    -0.00000
     0.94091    -0.33865    -0.00000
    -0.00000     0.00000    -1.00000
           0           2          15           2
    -5.09458     0.60189    -2.85038
     0.33865     0.94091    -0.00000
     0.94091    -0.33865    -0.00000
    -0.00000     0.00000    -1.00000
           0           2          15           3
    -5.09458     0.60189     2.84162
     0.33865     0.94091    -0.00000
     0.94091    -0.33865    -0.00000
    -0.00000     0.00000    -1.00000
           0           2          15           4
    -5.09458     0.60189     8.53362
     0.33865     0.94091    -0.00000
     0.94091    -0.33865    -0.00000
    -0.00000     0.00000    -1.00000
           0           2          16           1
    -5.09388    -0.60773    -8.53714
     0.10893     0.99405    -0.00000
     0.99405    -0.10893    -0.00000
    -0.00000     0.00000    -1.00000
           0           2          16           2
    -5.09388    -0.60773    -2.84515
     0.10893     0.99405    -0.00000
     0.99405    -0.10893    -0.00000
    -0.00000     0.00000    -1.00000
           0           2          16           3
    -5.09388    -0.60773     2.84685
     0.10893     0.99405    -0.00000
     0.99405    -0.10893    -0.00000
    -0.00000     0.00000    -1.00000
           0           2          16           4
    -5.09388    -0.60773     8.53886
     0.10893     0.99405    -0.00000
     0.99405    -0.10893    -0.00000
    -0.00000     0.00000    -1.00000
           0           2          17           1
    -4.80857    -1.78732    -8.53714
    -0.12763     0.99182    -0.00000
     0.99182     0.12763    -0.00000
    -0.00000    -0.00000    -1.00000
           0           2          17           2
    -4.80857    -1.78732    -2.84514
    -0.12763     0.99182    -0.00000
     0.99182     0.12763    -0.00000
    -0.00000    -0.00000    -1.00000
           0           2          17           3
    -4.80857    -1.78732     2.84686
    -0.12763     0.99182    -0.00000
     0.99182     0.12763    -0.00000
    -0.00000    -0.00000    -1.00000
           0           2          17           4
    -4.80857    -1.78732     8.53886
    -0.12763     0.99182    -0.00000
     0.99182     0.12763    -0.00000
    -0.00000    -0.00000    -1.00000
           0           2          18           1
    -4.25222    -2.86975    -8.54121
    -0.35767     0.93385    -0.00000
     0.93385     0.35767    -0.00000
    -0.00000    -0.00000    -1.00000
           0           2          18           2
    -4.25222    -2.86975    -2.84921
    -0.35767     0.93385    -0.00000
     0.93385     0.35767    -0.00000
    -0.00000    -0.00000    -1.00000
           0           2          18           3
    -4.25222    -2.86975     2.84279
    -0.35767     0.93385    -0.00000
     0.93385     0.35767    -0.00000
    -0.00000    -0.00000    -1.00000
           0           2          18           4
    -4.25222    -2.86975     8.53479
    -0.35767     0.93385    -0.00000
     0.93385     0.35767    -0.00000
    -0.00000    -0.00000    -1.00000
           0           2          19           1
    -3.45586    -3.79130    -8.54528
    -0.56774     0.82321    -0.00000
     0.82321     0.56774    -0.00000
    -0.00000    -0.00000    -1.00000
           0           2          19           2
    -3.45586    -3.79130    -2.85328
    -0.56774     0.82321    -0.00000
     0.82321     0.56774    -0.00000
    -0.00000    -0.00000    -1.00000
           0           2          19           3
    -3.45586    -3.79130     2.83872
    -0.56774     0.82321    -0.00000
     0.82321     0.56774    -0.00000
    -0.00000    -0.00000    -1.00000
           0           2          19           4
    -3.45586    -3.79130     8.53072
    -0.56774     0.82321    -0.00000
     0.82321     0.56774    -0.00000
    -0.00000    -0.00000    -1.00000
           0           2          20           1
    -2.46543    -4.49873    -8.54613
    -0.74569     0.66629    -0.00000
     0.66629     0.74569    -0.00000
    -0.00000    -0.00000    -1.00000
           0           2          20           2
    -2.46543    -4.49873    -2.85414
    -0.74569     0.66629    -0.00000
     0.66629     0.74569    -0.00000
    -0.00000    -0.00000    -1.00000
           0           2          20           3
    -2.46543    -4.49873     2.83786
    -0.74569     0.66629    -0.00000
     0.66629     0.74569    -0.00000
    -0.00000    -0.00000    -1.00000
           0           2          20           4
    -2.46543    -4.49873     8.52986
    -0.74569     0.66629    -0.00000
     0.66629     0.74569    -0.00000
    -0.00000    -0.00000    -1.00000
           0           3           1           1
     5.62448   -10.33346    12.75345
    -0.87832    -0.47807    -0.00000
    -0.47807     0.87832    -0.00000
     0.00000    -0.00000    -1.00000
           0           3           1           2
     5.62448   -10.33346     6.37805
    -0.87832    -0.47807    -0.00000
    -0.47807     0.87832    -0.00000
     0.00000    -0.00000    -1.00000
           0           3           1           3
     5.62448   -10.33346     0.00265
    -0.87832    -0.47807    -0.00000
    -0.47807     0.87832    -0.00000
     0.00000    -0.00000    -1.00000
           0           3           1           4
     5.62448   -10.33346    -6.37275
    -0.87832    -0.47807    -0.00000
    -0.47807     0.87832    -0.00000
     0.00000    -0.00000    -1.00000
           0           3           1           5
     5.62448   -10.33346   -12.74815
    -0.87832    -0.47807    -0.00000
    -0.47807     0.87832    -0.00000
     0.00000    -0.00000    -1.00000
           0           3           2           1
     7.51968    -7.12628    12.74267
    -0.68787    -0.72584     0.00000
    -0.72584     0.68787     0.00000
    -0.00000     0.00000    -1.00000
           0           3           2           2
     7.51968    -7.12628     6.36727
    -0.68787    -0.72584     0.00000
    -0.72584     0.68787     0.00000
    -0.00000     0.00000    -1.00000
           0           3           2           3
     7.51968    -7.12628    -0.00813
    -0.68787    -0.72584     0.00000
    -0.72584     0.68787     0.00000
    -0.00000     0.00000    -1.00000
           0           3           2           4
     7.51968    -7.12628    -6.38353
    -0.68787    -0.72584     0.00000
    -0.72584     0.68787     0.00000
    -0.00000     0.00000    -1.00000
           0           3           2           5
     7.51968    -7.12628   -12.75893
    -0.68787    -0.72584     0.00000
    -0.72584     0.68787     0.00000
    -0.00000     0.00000    -1.00000
           0           3           3           1
    11.53119    -5.66594    12.75002
    -0.44100    -0.89751     0.00000
    -0.89751     0.44100     0.00000
    -0.00000     0.00000    -1.00000
           0           3           3           2
    11.53119    -5.66594     6.37463
    -0.44100    -0.89751     0.00000
    -0.89751     0.44100     0.00000
    -0.00000     0.00000    -1.00000
           0           3           3           3
    11.53119    -5.66594    -0.00077
    -0.44100    -0.89751     0.00000
    -0.89751     0.44100     0.00000
    -0.00000     0.00000    -1.00000
           0           3           3           4
    11.53119    -5.66594    -6.37618
    -0.44100    -0.89751     0.00000
    -0.89751     0.44100     0.00000
    -0.00000     0.00000    -1.00000
           0           3           3           5
    11.53119    -5.66594   -12.75157
    -0.44100    -0.89751     0.00000
    -0.89751     0.44100     0.00000
    -0.00000     0.00000    -1.00000
           0           3           4           1
    11.58095    -2.07295    12.74618
    -0.17620    -0.98435     0.00000
    -0.98435     0.17620     0.00000
    -0.00000     0.00000    -1.00000
           0           3           4           2
    11.58095    -2.07295     6.37078
    -0.17620    -0.98435     0.00000
    -0.98435     0.17620     0.00000
    -0.00000     0.00000    -1.00000
           0           3           4           3
    11.58095    -2.07295    -0.00462
    -0.17620    -0.98435     0.00000
    -0.98435     0.17620     0.00000
    -0.00000     0.00000    -1.00000
           0           3           4           4
    11.58095    -2.07295    -6.38002
    -0.17620    -0.98435     0.00000
    -0.98435     0.17620     0.00000
    -0.00000     0.00000    -1.00000
           0           3           4           5
    11.58095    -2.07295   -12.75542
    -0.17620    -0.98435     0.00000
    -0.98435     0.17620     0.00000
    -0.00000     0.00000    -1.00000
           0           3           5           1
    10.26262     1.41715    12.74376
     0.13679    -0.99060     0.00000
    -0.99060    -0.13679     0.00000
    -0.00000    -0.00000    -1.00000
           0           3           5           2
    10.26262     1.41715     6.36836
     0.13679    -0.99060     0.00000
    -0.99060    -0.13679     0.00000
    -0.00000    -0.00000    -1.00000
           0           3           5           3
    10.26262     1.41715    -0.00704
     0.13679    -0.99060     0.00000
    -0.99060    -0.13679     0.00000
    -0.00000    -0.00000    -1.00000
           0           3           5           4
    10.26262     1.41715    -6.38244
     0.13679    -0.99060     0.00000
    -0.99060    -0.13679     0.00000
    -0.00000    -0.00000    -1.00000
           0           3           5           5
    10.26262     1.41715   -12.75784
     0.13679    -0.99060     0.00000
    -0.99060    -0.13679     0.00000
    -0.00000    -0.00000    -1.00000
           0           3           6           1
    11.64067     5.43748    12.75533
     0.42321    -0.90603     0.00000
    -0.90603    -0.42321     0.00000
    -0.00000    -0.00000    -1.00000
           0           3           6           2
    11.64067     5.43748     6.37993
     0.42321    -0.90603     0.00000
    -0.90603    -0.42321     0.00000
    -0.00000    -0.00000    -1.00000
           0           3           6           3
    11.64067     5.43748     0.00453
     0.42321    -0.90603     0.00000
    -0.90603    -0.42321     0.00000
    -0.00000    -0.00000    -1.00000
           0           3           6           4
    11.64067     5.43748    -6.37087
     0.42321    -0.90603     0.00000
    -0.90603    -0.42321     0.00000
    -0.00000    -0.00000    -1.00000
           0           3           6           5
    11.64067     5.43748   -12.74627
     0.42321    -0.90603     0.00000
    -0.90603    -0.42321     0.00000
    -0.00000    -0.00000    -1.00000
           0           3           7           1
     8.87060     7.72836    12.74765
     0.65690    -0.75398     0.00000
    -0.75398    -0.65690     0.00000
    -0.00000    -0.00000    -1.00000
           0           3           7           2
     8.87060     7.72836     6.37225
     0.65690    -0.75398     0.00000
    -0.75398    -0.65690     0.00000
    -0.00000    -0.00000    -1.00000
           0           3           7           3
     8.87060     7.72836    -0.00315
     0.65690    -0.75398     0.00000
    -0.75398    -0.65690     0.00000
    -0.00000    -0.00000    -1.00000
           0           3           7           4
     8.87060     7.72836    -6.37855
     0.65690    -0.75398     0.00000
    -0.75398    -0.65690     0.00000
    -0.00000    -0.00000    -1.00000
           0           3           7           5
     8.87060     7.72836   -12.75395
     0.65690    -0.75398     0.00000
    -0.75398    -0.65690     0.00000
    -0.00000    -0.00000    -1.00000
           0           3           8           1
     5.31304     8.89388    12.74766
     0.85848    -0.51285     0.00000
    -0.51285    -0.85848     0.00000
    -0.00000    -0.00000    -1.00000
           0           3           8           2
     5.31304     8.89388     6.37226
     0.85848    -0.51285     0.00000
    -0.51285    -0.85848     0.00000
    -0.00000    -0.00000    -1.00000
           0           3           8           3
     5.31304     8.89388    -0.00315
     0.85848    -0.51285     0.00000
    -0.51285    -0.85848     0.00000
    -0.00000    -0.00000    -1.00000
           0           3           8           4
     5.31304     8.89388    -6.37855
     0.85848    -0.51285     0.00000
    -0.51285    -0.85848     0.00000
    -0.00000    -0.00000    -1.00000
           0           3           8           5
     5.31304     8.89388   -12.75395
     0.85848    -0.51285     0.00000
    -0.51285    -0.85848     0.00000
    -0.00000    -0.00000    -1.00000
           0           3           9           1
    -5.30493     8.89873   -12.72127
    -0.85895    -0.51206    -0.00000
     0.51206    -0.85895    -0.00000
     0.00000    -0.00000     1.00000
           0           3           9           2
    -5.30493     8.89873    -6.34587
    -0.85895    -0.51206    -0.00000
     0.51206    -0.85895    -0.00000
     0.00000    -0.00000     1.00000
           0           3           9           3
    -5.30493     8.89873     0.02953
    -0.85895    -0.51206    -0.00000
     0.51206    -0.85895    -0.00000
     0.00000    -0.00000     1.00000
           0           3           9           4
    -5.30493     8.89873     6.40493
    -0.85895    -0.51206    -0.00000
     0.51206    -0.85895    -0.00000
     0.00000    -0.00000     1.00000
           0           3           9           5
    -5.30493     8.89873    12.78033
    -0.85895    -0.51206    -0.00000
     0.51206    -0.85895    -0.00000
     0.00000    -0.00000     1.00000
           0           3          10           1
    -8.85151     7.75022   -12.74199
    -0.65876    -0.75235    -0.00000
     0.75235    -0.65876    -0.00000
     0.00000     0.00000     1.00000
           0           3          10           2
    -8.85151     7.75022    -6.36660
    -0.65876    -0.75235    -0.00000
     0.75235    -0.65876    -0.00000
     0.00000     0.00000     1.00000
           0           3          10           3
    -8.85151     7.75022     0.00880
    -0.65876    -0.75235    -0.00000
     0.75235    -0.65876    -0.00000
     0.00000     0.00000     1.00000
           0           3          10           4
    -8.85151     7.75022     6.38420
    -0.65876    -0.75235    -0.00000
     0.75235    -0.65876    -0.00000
     0.00000     0.00000     1.00000
           0           3          10           5
    -8.85151     7.75022    12.75960
    -0.65876    -0.75235    -0.00000
     0.75235    -0.65876    -0.00000
     0.00000     0.00000     1.00000
           0           3          11           1
   -11.62846     5.46350   -12.73652
    -0.42524    -0.90508    -0.00000
     0.90508    -0.42524    -0.00000
     0.00000     0.00000     1.00000
           0           3          11           2
   -11.62846     5.46350    -6.36112
    -0.42524    -0.90508    -0.00000
     0.90508    -0.42524    -0.00000
     0.00000     0.00000     1.00000
           0           3          11           3
   -11.62846     5.46350     0.01428
    -0.42524    -0.90508    -0.00000
     0.90508    -0.42524    -0.00000
     0.00000     0.00000     1.00000
           0           3          11           4
   -11.62846     5.46350     6.38968
    -0.42524    -0.90508    -0.00000
     0.90508    -0.42524    -0.00000
     0.00000     0.00000     1.00000
           0           3          11           5
   -11.62846     5.46350    12.76508
    -0.42524    -0.90508    -0.00000
     0.90508    -0.42524    -0.00000
     0.00000     0.00000     1.00000
           0           3          12           1
   -10.26465     1.40239   -12.73905
    -0.13537    -0.99080    -0.00000
     0.99080    -0.13537    -0.00000
     0.00000    -0.00000     1.00000
           0           3          12           2
   -10.26465     1.40239    -6.36365
    -0.13537    -0.99080    -0.00000
     0.99080    -0.13537    -0.00000
     0.00000    -0.00000     1.00000
           0           3          12           3
   -10.26465     1.40239     0.01175
    -0.13537    -0.99080    -0.00000
     0.99080    -0.13537    -0.00000
     0.00000    -0.00000     1.00000
           0           3          12           4
   -10.26465     1.40239     6.38715
    -0.13537    -0.99080    -0.00000
     0.99080    -0.13537    -0.00000
     0.00000    -0.00000     1.00000
           0           3          12           5
   -10.26465     1.40239    12.76255
    -0.13537    -0.99080    -0.00000
     0.99080    -0.13537    -0.00000
     0.00000    -0.00000     1.00000
           0           3          13           1
   -11.58140    -2.07036   -12.72915
     0.17598    -0.98439    -0.00000
     0.98439     0.17598    -0.00000
     0.00000     0.00000     1.00000
           0           3          13           2
   -11.58140    -2.07036    -6.35375
     0.17598    -0.98439    -0.00000
     0.98439     0.17598    -0.00000
     0.00000     0.00000     1.00000
           0           3          13           3
   -11.58140    -2.07036     0.02165
     0.17598    -0.98439    -0.00000
     0.98439     0.17598    -0.00000
     0.00000     0.00000     1.00000
           0           3          13           4
   -11.58140    -2.07036     6.39705
     0.17598    -0.98439    -0.00000
     0.98439     0.17598    -0.00000
     0.00000     0.00000     1.00000
           0           3          13           5
   -11.58140    -2.07036    12.77245
     0.17598    -0.98439    -0.00000
     0.98439     0.17598    -0.00000
     0.00000     0.00000     1.00000
           0           3          14           1
   -11.53103    -5.66625   -12.74260
     0.44102    -0.89750    -0.00000
     0.89750     0.44102    -0.00000
     0.00000     0.00000     1.00000
           0           3          14           2
   -11.53103    -5.66625    -6.36720
     0.44102    -0.89750    -0.00000
     0.89750     0.44102    -0.00000
     0.00000     0.00000     1.00000
           0           3          14           3
   -11.53103    -5.66625     0.00820
     0.44102    -0.89750    -0.00000
     0.89750     0.44102    -0.00000
     0.00000     0.00000     1.00000
           0           3          14           4
   -11.53103    -5.66625     6.38360
     0.44102    -0.89750    -0.00000
     0.89750     0.44102    -0.00000
     0.00000     0.00000     1.00000
           0           3          14           5
   -11.53103    -5.66625    12.75900
     0.44102    -0.89750    -0.00000
     0.89750     0.44102    -0.00000
     0.00000     0.00000     1.00000
           0           3          15           1
    -7.52583    -7.11980   -12.74129
     0.68725    -0.72642    -0.00000
     0.72642     0.68725    -0.00000
     0.00000     0.00000     1.00000
           0           3          15           2
    -7.52583    -7.11980    -6.36589
     0.68725    -0.72642    -0.00000
     0.72642     0.68725    -0.00000
     0.00000     0.00000     1.00000
           0           3          15           3
    -7.52583    -7.11980     0.00951
     0.68725    -0.72642    -0.00000
     0.72642     0.68725    -0.00000
     0.00000     0.00000     1.00000
           0           3          15           4
    -7.52583    -7.11980     6.38491
     0.68725    -0.72642    -0.00000
     0.72642     0.68725    -0.00000
     0.00000     0.00000     1.00000
           0           3          15           5
    -7.52583    -7.11980    12.76031
     0.68725    -0.72642    -0.00000
     0.72642     0.68725    -0.00000
     0.00000     0.00000     1.00000
           0           3          16           1
    -5.63314   -10.32875   -12.74633
     0.87792    -0.47880    -0.00000
     0.47880     0.87792    -0.00000
     0.00000     0.00000     1.00000
           0           3          16           2
    -5.63314   -10.32875    -6.37094
     0.87792    -0.47880    -0.00000
     0.47880     0.87792    -0.00000
     0.00000     0.00000     1.00000
           0           3          16           3
    -5.63314   -10.32875     0.00447
     0.87792    -0.47880    -0.00000
     0.47880     0.87792    -0.00000
     0.00000     0.00000     1.00000
           0           3          16           4
    -5.63314   -10.32875     6.37987
     0.87792    -0.47880    -0.00000
     0.47880     0.87792    -0.00000
     0.00000     0.00000     1.00000
           0           3          16           5
    -5.63314   -10.32875    12.75526
     0.87792    -0.47880    -0.00000
     0.47880     0.87792    -0.00000
     0.00000     0.00000     1.00000
           0           4           1           1
     6.51154   -14.03615   -15.93896
     0.90714     0.42083    -0.00000
    -0.42083     0.90714    -0.00000
     0.00000     0.00000     1.00000
           0           4           1           2
     6.51154   -14.03615    -9.56356
     0.90714     0.42083    -0.00000
    -0.42083     0.90714    -0.00000
     0.00000     0.00000     1.00000
           0           4           1           3
     6.51154   -14.03615    -3.18816
     0.90714     0.42083    -0.00000
    -0.42083     0.90714    -0.00000
     0.00000     0.00000     1.00000
           0           4           1           4
     6.51154   -14.03615     3.18724
     0.90714     0.42083    -0.00000
    -0.42083     0.90714    -0.00000
     0.00000     0.00000     1.00000
           0           4           1           5
     6.51154   -14.03615     9.56264
     0.90714     0.42083    -0.00000
    -0.42083     0.90714    -0.00000
     0.00000     0.00000     1.00000
           0           4           1           6
     6.51154   -14.03615    15.93804
     0.90714     0.42083    -0.00000
    -0.42083     0.90714    -0.00000
     0.00000     0.00000     1.00000
           0           4           2           1
    10.10934   -13.27619   -15.93608
     0.79559     0.60583    -0.00000
    -0.60583     0.79559    -0.00000
    -0.00000     0.00000     1.00000
           0           4           2           2
    10.10934   -13.27619    -9.56068
     0.79559     0.60583    -0.00000
    -0.60583     0.79559    -0.00000
    -0.00000     0.00000     1.00000
           0           4           2           3
    10.10934   -13.27619    -3.18528
     0.79559     0.60583    -0.00000
    -0.60583     0.79559    -0.00000
    -0.00000     0.00000     1.00000
           0           4           2           4
    10.10934   -13.27619     3.19012
     0.79559     0.60583    -0.00000
    -0.60583     0.79559    -0.00000
    -0.00000     0.00000     1.00000
           0           4           2           5
    10.10934   -13.27619     9.56552
     0.79559     0.60583    -0.00000
    -0.60583     0.79559    -0.00000
    -0.00000     0.00000     1.00000
           0           4           2           6
    10.10934   -13.27619    15.94092
     0.79559     0.60583    -0.00000
    -0.60583     0.79559    -0.00000
    -0.00000     0.00000     1.00000
           0           4           3           1
    13.47913   -11.77960   -15.93755
     0.65805     0.75298    -0.00000
    -0.75298     0.65805    -0.00000
    -0.00000     0.00000     1.00000
           0           4           3           2
    13.47913   -11.77960    -9.56215
     0.65805     0.75298    -0.00000
    -0.75298     0.65805    -0.00000
    -0.00000     0.00000     1.00000
           0           4           3           3
    13.47913   -11.77960    -3.18674
     0.65805     0.75298    -0.00000
    -0.75298     0.65805    -0.00000
    -0.00000     0.00000     1.00000
           0           4           3           4
    13.47913   -11.77960     3.18865
     0.65805     0.75298    -0.00000
    -0.75298     0.65805    -0.00000
    -0.00000     0.00000     1.00000
           0           4           3           5
    13.47913   -11.77960     9.56405
     0.65805     0.75298    -0.00000
    -0.75298     0.65805    -0.00000
    -0.00000     0.00000     1.00000
           0           4           3           6
    13.47913   -11.77960    15.93945
     0.65805     0.75298    -0.00000
    -0.75298     0.65805    -0.00000
    -0.00000     0.00000     1.00000
           0           4           4           1
    13.52946    -7.50784   -15.93648
     0.48523     0.87439    -0.00000
    -0.87439     0.48523    -0.00000
     0.00000     0.00000     1.00000
           0           4           4           2
    13.52946    -7.50784    -9.56108
     0.48523     0.87439    -0.00000
    -0.87439     0.48523    -0.00000
     0.00000     0.00000     1.00000
           0           4           4           3
    13.52946    -7.50784    -3.18568
     0.48523     0.87439    -0.00000
    -0.87439     0.48523    -0.00000
     0.00000     0.00000     1.00000
           0           4           4           4
    13.52946    -7.50784     3.18972
     0.48523     0.87439    -0.00000
    -0.87439     0.48523    -0.00000
     0.00000     0.00000     1.00000
           0           4           4           5
    13.52946    -7.50784     9.56512
     0.48523     0.87439    -0.00000
    -0.87439     0.48523    -0.00000
     0.00000     0.00000     1.00000
           0           4           4           6
    13.52946    -7.50784    15.94052
     0.48523     0.87439    -0.00000
    -0.87439     0.48523    -0.00000
     0.00000     0.00000     1.00000
           0           4           5           1
    15.99107    -4.76885   -15.94333
     0.28578     0.95829    -0.00000
    -0.95829     0.28578    -0.00000
     0.00000     0.00000     1.00000
           0           4           5           2
    15.99107    -4.76885    -9.56793
     0.28578     0.95829    -0.00000
    -0.95829     0.28578    -0.00000
     0.00000     0.00000     1.00000
           0           4           5           3
    15.99107    -4.76885    -3.19253
     0.28578     0.95829    -0.00000
    -0.95829     0.28578    -0.00000
     0.00000     0.00000     1.00000
           0           4           5           4
    15.99107    -4.76885     3.18287
     0.28578     0.95829    -0.00000
    -0.95829     0.28578    -0.00000
     0.00000     0.00000     1.00000
           0           4           5           5
    15.99107    -4.76885     9.55827
     0.28578     0.95829    -0.00000
    -0.95829     0.28578    -0.00000
     0.00000     0.00000     1.00000
           0           4           5           6
    15.99107    -4.76885    15.93367
     0.28578     0.95829    -0.00000
    -0.95829     0.28578    -0.00000
     0.00000     0.00000     1.00000
           0           4           6           1
    17.83105    -1.58092   -15.94084
     0.08831     0.99609    -0.00000
    -0.99609     0.08831    -0.00000
     0.00000     0.00000     1.00000
           0           4           6           2
    17.83105    -1.58092    -9.56544
     0.08831     0.99609    -0.00000
    -0.99609     0.08831    -0.00000
     0.00000     0.00000     1.00000
           0           4           6           3
    17.83105    -1.58092    -3.19004
     0.08831     0.99609    -0.00000
    -0.99609     0.08831    -0.00000
     0.00000     0.00000     1.00000
           0           4           6           4
    17.83105    -1.58092     3.18536
     0.08831     0.99609    -0.00000
    -0.99609     0.08831    -0.00000
     0.00000     0.00000     1.00000
           0           4           6           5
    17.83105    -1.58092     9.56076
     0.08831     0.99609    -0.00000
    -0.99609     0.08831    -0.00000
     0.00000     0.00000     1.00000
           0           4           6           6
    17.83105    -1.58092    15.93616
     0.08831     0.99609    -0.00000
    -0.99609     0.08831    -0.00000
     0.00000     0.00000     1.00000
           0           4           7           1
    15.35841     1.87958   -15.93402
    -0.12147     0.99259     0.00000
    -0.99259    -0.12147     0.00000
     0.00000     0.00000     1.00000
           0           4           7           2
    15.35841     1.87958    -9.55861
    -0.12147     0.99259     0.00000
    -0.99259    -0.12147     0.00000
     0.00000     0.00000     1.00000
           0           4           7           3
    15.35841     1.87958    -3.18321
    -0.12147     0.99259     0.00000
    -0.99259    -0.12147     0.00000
     0.00000     0.00000     1.00000
           0           4           7           4
    15.35841     1.87958     3.19219
    -0.12147     0.99259     0.00000
    -0.99259    -0.12147     0.00000
     0.00000     0.00000     1.00000
           0           4           7           5
    15.35841     1.87958     9.56758
    -0.12147     0.99259     0.00000
    -0.99259    -0.12147     0.00000
     0.00000     0.00000     1.00000
           0           4           7           6
    15.35841     1.87958    15.94299
    -0.12147     0.99259     0.00000
    -0.99259    -0.12147     0.00000
     0.00000     0.00000     1.00000
           0           4           8           1
    15.73719     5.54949   -15.93184
    -0.33257     0.94308     0.00000
    -0.94308    -0.33257     0.00000
     0.00000     0.00000     1.00000
           0           4           8           2
    15.73719     5.54949    -9.55644
    -0.33257     0.94308     0.00000
    -0.94308    -0.33257     0.00000
     0.00000     0.00000     1.00000
           0           4           8           3
    15.73719     5.54949    -3.18104
    -0.33257     0.94308     0.00000
    -0.94308    -0.33257     0.00000
     0.00000     0.00000     1.00000
           0           4           8           4
    15.73719     5.54949     3.19436
    -0.33257     0.94308     0.00000
    -0.94308    -0.33257     0.00000
     0.00000     0.00000     1.00000
           0           4           8           5
    15.73719     5.54949     9.56976
    -0.33257     0.94308     0.00000
    -0.94308    -0.33257     0.00000
     0.00000     0.00000     1.00000
           0           4           8           6
    15.73719     5.54949    15.94516
    -0.33257     0.94308     0.00000
    -0.94308    -0.33257     0.00000
     0.00000     0.00000     1.00000
           0           4           9           1
    15.33959     9.22729   -15.92806
    -0.51547     0.85691     0.00000
    -0.85691    -0.51547     0.00000
     0.00000     0.00000     1.00000
           0           4           9           2
    15.33959     9.22729    -9.55266
    -0.51547     0.85691     0.00000
    -0.85691    -0.51547     0.00000
     0.00000     0.00000     1.00000
           0           4           9           3
    15.33959     9.22729    -3.17726
    -0.51547     0.85691     0.00000
    -0.85691    -0.51547     0.00000
     0.00000     0.00000     1.00000
           0           4           9           4
    15.33959     9.22729     3.19814
    -0.51547     0.85691     0.00000
    -0.85691    -0.51547     0.00000
     0.00000     0.00000     1.00000
           0           4           9           5
    15.33959     9.22729     9.57354
    -0.51547     0.85691     0.00000
    -0.85691    -0.51547     0.00000
     0.00000     0.00000     1.00000
           0           4           9           6
    15.33959     9.22729    15.94894
    -0.51547     0.85691     0.00000
    -0.85691    -0.51547     0.00000
     0.00000     0.00000     1.00000
           0           4          10           1
    11.32085    10.54761   -15.95278
    -0.68168     0.73165     0.00000
    -0.73165    -0.68168     0.00000
     0.00000     0.00000     1.00000
           0           4          10           2
    11.32085    10.54761    -9.57738
    -0.68168     0.73165     0.00000
    -0.73165    -0.68168     0.00000
     0.00000     0.00000     1.00000
           0           4          10           3
    11.32085    10.54761    -3.20199
    -0.68168     0.73165     0.00000
    -0.73165    -0.68168     0.00000
     0.00000     0.00000     1.00000
           0           4          10           4
    11.32085    10.54761     3.17342
    -0.68168     0.73165     0.00000
    -0.73165    -0.68168     0.00000
     0.00000     0.00000     1.00000
           0           4          10           5
    11.32085    10.54761     9.54883
    -0.68168     0.73165     0.00000
    -0.73165    -0.68168     0.00000
     0.00000     0.00000     1.00000
           0           4          10           6
    11.32085    10.54761    15.92422
    -0.68168     0.73165     0.00000
    -0.73165    -0.68168     0.00000
     0.00000     0.00000     1.00000
           0           4          11           1
     9.46122    13.74559   -15.93850
    -0.82373     0.56698     0.00000
    -0.56698    -0.82373     0.00000
     0.00000     0.00000     1.00000
           0           4          11           2
     9.46122    13.74559    -9.56310
    -0.82373     0.56698     0.00000
    -0.56698    -0.82373     0.00000
     0.00000     0.00000     1.00000
           0           4          11           3
     9.46122    13.74559    -3.18770
    -0.82373     0.56698     0.00000
    -0.56698    -0.82373     0.00000
     0.00000     0.00000     1.00000
           0           4          11           4
     9.46122    13.74559     3.18770
    -0.82373     0.56698     0.00000
    -0.56698    -0.82373     0.00000
     0.00000     0.00000     1.00000
           0           4          11           5
     9.46122    13.74559     9.56310
    -0.82373     0.56698     0.00000
    -0.56698    -0.82373     0.00000
     0.00000     0.00000     1.00000
           0           4          11           6
     9.46122    13.74559    15.93850
    -0.82373     0.56698     0.00000
    -0.56698    -0.82373     0.00000
     0.00000     0.00000     1.00000
           0           4          12           1
     6.98569    16.48169   -15.93593
    -0.92071     0.39024     0.00000
    -0.39024    -0.92071     0.00000
     0.00000     0.00000     1.00000
           0           4          12           2
     6.98569    16.48169    -9.56052
    -0.92071     0.39024     0.00000
    -0.39024    -0.92071     0.00000
     0.00000     0.00000     1.00000
           0           4          12           3
     6.98569    16.48169    -3.18512
    -0.92071     0.39024     0.00000
    -0.39024    -0.92071     0.00000
     0.00000     0.00000     1.00000
           0           4          12           4
     6.98569    16.48169     3.19027
    -0.92071     0.39024     0.00000
    -0.39024    -0.92071     0.00000
     0.00000     0.00000     1.00000
           0           4          12           5
     6.98569    16.48169     9.56567
    -0.92071     0.39024     0.00000
    -0.39024    -0.92071     0.00000
     0.00000     0.00000     1.00000
           0           4          12           6
     6.98569    16.48169    15.94107
    -0.92071     0.39024     0.00000
    -0.39024    -0.92071     0.00000
     0.00000     0.00000     1.00000
           0           4          13           1
    -6.99211    16.47897    15.92162
     0.92056     0.39060     0.00000
     0.39060    -0.92056     0.00000
     0.00000    -0.00000    -1.00000
           0           4          13           2
    -6.99211    16.47897     9.54622
     0.92056     0.39060     0.00000
     0.39060    -0.92056     0.00000
     0.00000    -0.00000    -1.00000
           0           4          13           3
    -6.99211    16.47897     3.17082
     0.92056     0.39060     0.00000
     0.39060    -0.92056     0.00000
     0.00000    -0.00000    -1.00000
           0           4          13           4
    -6.99211    16.47897    -3.20458
     0.92056     0.39060     0.00000
     0.39060    -0.92056     0.00000
     0.00000    -0.00000    -1.00000
           0           4          13           5
    -6.99211    16.47897    -9.57998
     0.92056     0.39060     0.00000
     0.39060    -0.92056     0.00000
     0.00000    -0.00000    -1.00000
           0           4          13           6
    -6.99211    16.47897   -15.95538
     0.92056     0.39060     0.00000
     0.39060    -0.92056     0.00000
     0.00000    -0.00000    -1.00000
           0           4          14           1
    -9.45905    13.74707    15.93768
     0.82382     0.56685     0.00000
     0.56685    -0.82382     0.00000
     0.00000    -0.00000    -1.00000
           0           4          14           2
    -9.45905    13.74707     9.56228
     0.82382     0.56685     0.00000
     0.56685    -0.82382     0.00000
     0.00000    -0.00000    -1.00000
           0           4          14           3
    -9.45905    13.74707     3.18688
     0.82382     0.56685     0.00000
     0.56685    -0.82382     0.00000
     0.00000    -0.00000    -1.00000
           0           4          14           4
    -9.45905    13.74707    -3.18852
     0.82382     0.56685     0.00000
     0.56685    -0.82382     0.00000
     0.00000    -0.00000    -1.00000
           0           4          14           5
    -9.45905    13.74707    -9.56392
     0.82382     0.56685     0.00000
     0.56685    -0.82382     0.00000
     0.00000    -0.00000    -1.00000
           0           4          14           6
    -9.45905    13.74707   -15.93932
     0.82382     0.56685     0.00000
     0.56685    -0.82382     0.00000
     0.00000    -0.00000    -1.00000
           0           4          15           1
   -11.31079    10.55840    15.94257
     0.68237     0.73101    -0.00000
     0.73101    -0.68237    -0.00000
    -0.00000     0.00000    -1.00000
           0           4          15           2
   -11.31079    10.55840     9.56717
     0.68237     0.73101    -0.00000
     0.73101    -0.68237    -0.00000
    -0.00000     0.00000    -1.00000
           0           4          15           3
   -11.31079    10.55840     3.19177
     0.68237     0.73101    -0.00000
     0.73101    -0.68237    -0.00000
    -0.00000     0.00000    -1.00000
           0           4          15           4
   -11.31079    10.55840    -3.18363
     0.68237     0.73101    -0.00000
     0.73101    -0.68237    -0.00000
    -0.00000     0.00000    -1.00000
           0           4          15           5
   -11.31079    10.55840    -9.55903
     0.68237     0.73101    -0.00000
     0.73101    -0.68237    -0.00000
    -0.00000     0.00000    -1.00000
           0           4          15           6
   -11.31079    10.55840   -15.93443
     0.68237     0.73101    -0.00000
     0.73101    -0.68237    -0.00000
    -0.00000     0.00000    -1.00000
           0           4          16           1
   -15.33956     9.22734    15.93966
     0.51546     0.85691    -0.00000
     0.85691    -0.51546    -0.00000
    -0.00000     0.00000    -1.00000
           0           4          16           2
   -15.33956     9.22734     9.56426
     0.51546     0.85691    -0.00000
     0.85691    -0.51546    -0.00000
    -0.00000     0.00000    -1.00000
           0           4          16           3
   -15.33956     9.22734     3.18886
     0.51546     0.85691    -0.00000
     0.85691    -0.51546    -0.00000
    -0.00000     0.00000    -1.00000
           0           4          16           4
   -15.33956     9.22734    -3.18654
     0.51546     0.85691    -0.00000
     0.85691    -0.51546    -0.00000
    -0.00000     0.00000    -1.00000
           0           4          16           5
   -15.33956     9.22734    -9.56194
     0.51546     0.85691    -0.00000
     0.85691    -0.51546    -0.00000
    -0.00000     0.00000    -1.00000
           0           4          16           6
   -15.33956     9.22734   -15.93734
     0.51546     0.85691    -0.00000
     0.85691    -0.51546    -0.00000
    -0.00000     0.00000    -1.00000
           0           4          17           1
   -15.73859     5.54552    15.93850
     0.33233     0.94316    -0.00000
     0.94316    -0.33233    -0.00000
    -0.00000     0.00000    -1.00000
           0           4          17           2
   -15.73859     5.54552     9.56310
     0.33233     0.94316    -0.00000
     0.94316    -0.33233    -0.00000
    -0.00000     0.00000    -1.00000
           0           4          17           3
   -15.73859     5.54552     3.18770
     0.33233     0.94316    -0.00000
     0.94316    -0.33233    -0.00000
    -0.00000     0.00000    -1.00000
           0           4          17           4
   -15.73859     5.54552    -3.18770
     0.33233     0.94316    -0.00000
     0.94316    -0.33233    -0.00000
    -0.00000     0.00000    -1.00000
           0           4          17           5
   -15.73859     5.54552    -9.56310
     0.33233     0.94316    -0.00000
     0.94316    -0.33233    -0.00000
    -0.00000     0.00000    -1.00000
           0           4          17           6
   -15.73859     5.54552   -15.93850
     0.33233     0.94316    -0.00000
     0.94316    -0.33233    -0.00000
    -0.00000     0.00000    -1.00000
           0           4          18           1
   -15.36353     1.83726    15.91327
     0.11874     0.99293    -0.00000
     0.99293    -0.11874    -0.00000
    -0.00000     0.00000    -1.00000
           0           4          18           2
   -15.36353     1.83726     9.53786
     0.11874     0.99293    -0.00000
     0.99293    -0.11874    -0.00000
    -0.00000     0.00000    -1.00000
           0           4          18           3
   -15.36353     1.83726     3.16247
     0.11874     0.99293    -0.00000
     0.99293    -0.11874    -0.00000
    -0.00000     0.00000    -1.00000
           0           4          18           4
   -15.36353     1.83726    -3.21293
     0.11874     0.99293    -0.00000
     0.99293    -0.11874    -0.00000
    -0.00000     0.00000    -1.00000
           0           4          18           5
   -15.36353     1.83726    -9.58834
     0.11874     0.99293    -0.00000
     0.99293    -0.11874    -0.00000
    -0.00000     0.00000    -1.00000
           0           4          18           6
   -15.36353     1.83726   -15.96374
     0.11874     0.99293    -0.00000
     0.99293    -0.11874    -0.00000
    -0.00000     0.00000    -1.00000
           0           4          19           1
   -17.82951    -1.59824    15.93063
    -0.08928     0.99601    -0.00000
     0.99601     0.08928    -0.00000
    -0.00000    -0.00000    -1.00000
           0           4          19           2
   -17.82951    -1.59824     9.55523
    -0.08928     0.99601    -0.00000
     0.99601     0.08928    -0.00000
    -0.00000    -0.00000    -1.00000
           0           4          19           3
   -17.82951    -1.59824     3.17983
    -0.08928     0.99601    -0.00000
     0.99601     0.08928    -0.00000
    -0.00000    -0.00000    -1.00000
           0           4          19           4
   -17.82951    -1.59824    -3.19557
    -0.08928     0.99601    -0.00000
     0.99601     0.08928    -0.00000
    -0.00000    -0.00000    -1.00000
           0           4          19           5
   -17.82951    -1.59824    -9.57097
    -0.08928     0.99601    -0.00000
     0.99601     0.08928    -0.00000
    -0.00000    -0.00000    -1.00000
           0           4          19           6
   -17.82951    -1.59824   -15.94637
    -0.08928     0.99601    -0.00000
     0.99601     0.08928    -0.00000
    -0.00000    -0.00000    -1.00000
           0           4          20           1
   -15.98654    -4.78395    15.93716
    -0.28669     0.95802    -0.00000
     0.95802     0.28669    -0.00000
    -0.00000    -0.00000    -1.00000
           0           4          20           2
   -15.98654    -4.78395     9.56176
    -0.28669     0.95802    -0.00000
     0.95802     0.28669    -0.00000
    -0.00000    -0.00000    -1.00000
           0           4          20           3
   -15.98654    -4.78395     3.18636
    -0.28669     0.95802    -0.00000
     0.95802     0.28669    -0.00000
    -0.00000    -0.00000    -1.00000
           0           4          20           4
   -15.98654    -4.78395    -3.18904
    -0.28669     0.95802    -0.00000
     0.95802     0.28669    -0.00000
    -0.00000    -0.00000    -1.00000
           0           4          20           5
   -15.98654    -4.78395    -9.56444
    -0.28669     0.95802    -0.00000
     0.95802     0.28669    -0.00000
    -0.00000    -0.00000    -1.00000
           0           4          20           6
   -15.98654    -4.78395   -15.93984
    -0.28669     0.95802    -0.00000
     0.95802     0.28669    -0.00000
    -0.00000    -0.00000    -1.00000
           0           4          21           1
   -13.51871    -7.52715    15.94132
    -0.48647     0.87370    -0.00000
     0.87370     0.48647    -0.00000
    -0.00000    -0.00000    -1.00000
           0           4          21           2
   -13.51871    -7.52715     9.56592
    -0.48647     0.87370    -0.00000
     0.87370     0.48647    -0.00000
    -0.00000    -0.00000    -1.00000
           0           4          21           3
   -13.51871    -7.52715     3.19052
    -0.48647     0.87370    -0.00000
     0.87370     0.48647    -0.00000
    -0.00000    -0.00000    -1.00000
           0           4          21           4
   -13.51871    -7.52715    -3.18488
    -0.48647     0.87370    -0.00000
     0.87370     0.48647    -0.00000
    -0.00000    -0.00000    -1.00000
           0           4          21           5
   -13.51871    -7.52715    -9.56028
    -0.48647     0.87370    -0.00000
     0.87370     0.48647    -0.00000
    -0.00000    -0.00000    -1.00000
           0           4          21           6
   -13.51871    -7.52715   -15.93568
    -0.48647     0.87370    -0.00000
     0.87370     0.48647    -0.00000
    -0.00000    -0.00000    -1.00000
           0           4          22           1
   -13.49117   -11.76581    15.92606
    -0.65727     0.75365    -0.00000
     0.75365     0.65727    -0.00000
    -0.00000    -0.00000    -1.00000
           0           4          22           2
   -13.49117   -11.76581     9.55066
    -0.65727     0.75365    -0.00000
     0.75365     0.65727    -0.00000
    -0.00000    -0.00000    -1.00000
           0           4          22           3
   -13.49117   -11.76581     3.17526
    -0.65727     0.75365    -0.00000
     0.75365     0.65727    -0.00000
    -0.00000    -0.00000    -1.00000
           0           4          22           4
   -13.49117   -11.76581    -3.20014
    -0.65727     0.75365    -0.00000
     0.75365     0.65727    -0.00000
    -0.00000    -0.00000    -1.00000
           0           4          22           5
   -13.49117   -11.76581    -9.57554
    -0.65727     0.75365    -0.00000
     0.75365     0.65727    -0.00000
    -0.00000    -0.00000    -1.00000
           0           4          22           6
   -13.49117   -11.76581   -15.95094
    -0.65727     0.75365    -0.00000
     0.75365     0.65727    -0.00000
    -0.00000    -0.00000    -1.00000
           0           4          23           1
   -10.12710   -13.26264    15.93228
    -0.79479     0.60688    -0.00000
     0.60688     0.79479    -0.00000
    -0.00000    -0.00000    -1.00000
           0           4          23           2
   -10.12710   -13.26264     9.55687
    -0.79479     0.60688    -0.00000
     0.60688     0.79479    -0.00000
    -0.00000    -0.00000    -1.00000
           0           4          23           3
   -10.12710   -13.26264     3.18147
    -0.79479     0.60688    -0.00000
     0.60688     0.79479    -0.00000
    -0.00000    -0.00000    -1.00000
           0           4          23           4
   -10.12710   -13.26264    -3.19393
    -0.79479     0.60688    -0.00000
     0.60688     0.79479    -0.00000
    -0.00000    -0.00000    -1.00000
           0           4          23           5
   -10.12710   -13.26264    -9.56932
    -0.79479     0.60688    -0.00000
     0.60688     0.79479    -0.00000
    -0.00000    -0.00000    -1.00000
           0           4          23           6
   -10.12710   -13.26264   -15.94472
    -0.79479     0.60688    -0.00000
     0.60688     0.79479    -0.00000
    -0.00000    -0.00000    -1.00000
           0           4          24           1
    -6.50734   -14.03810    15.93850
    -0.90726     0.42056    -0.00000
     0.42056     0.90726    -0.00000
    -0.00000    -0.00000    -1.00000
           0           4          24           2
    -6.50734   -14.03810     9.56310
    -0.90726     0.42056    -0.00000
     0.42056     0.90726    -0.00000
    -0.00000    -0.00000    -1.00000
           0           4          24           3
    -6.50734   -14.03810     3.18770
    -0.90726     0.42056    -0.00000
     0.42056     0.90726    -0.00000
    -0.00000    -0.00000    -1.00000
           0           4          24           4
    -6.50734   -14.03810    -3.18770
    -0.90726     0.42056    -0.00000
     0.42056     0.90726    -0.00000
    -0.00000    -0.00000    -1.00000
           0           4          24           5
    -6.50734   -14.03810    -9.56310
    -0.90726     0.42056    -0.00000
     0.42056     0.90726    -0.00000
    -0.00000    -0.00000    -1.00000
           0           4          24           6
    -6.50734   -14.03810   -15.93850
    -0.90726     0.42056    -0.00000
     0.42056     0.90726    -0.00000
    -0.00000    -0.00000    -1.00000
