 SVX cage parameters:
     2.20000
     0.50000     0.20000
     0.00000
           6
   -40.00000   -26.50000   -26.50000    26.50000    26.50000    40.00000
    53.00000    53.00000    22.14782    22.14782    53.00000    53.00000
     0.00000     0.00000     0.00000
 SVX barrel parameters:
           4
     2.63000     5.19260    11.76500    16.68700     1.14100
     0.00000     0.00000     0.00000     0.00000
           4           4           5           6
     0.69600     0.69600     1.74500     1.74500
     0.01000     0.01000     0.03125     0.03125
     2.83600     2.83600     3.18770     3.18770
     0.01900     0.01900     0.00000     0.00000
     0.02000     0.02000     0.00000     0.00000
    26.70000    13.62600    17.00000    12.00000
   -13.00000   -12.98000     0.00000     0.00000
           2
           5           5
     0.00000   180.00000
           2
          10          10
     0.00000   180.00000
           2
           8           8
     0.00000   180.00000
           2
          12          12
     0.00000   180.00000
 SVX barrel sensor rotation matrices and translation vectors:
           0           1           1           1
     1.57917    -2.13147     8.66366
     0.63985     0.76850     0.00131
    -0.76850     0.63985    -0.00034
    -0.00110    -0.00078     1.00000
           0           1           1           2
     1.58543    -2.12701     2.97166
     0.63985     0.76850     0.00131
    -0.76850     0.63985    -0.00034
    -0.00110    -0.00078     1.00000
           0           1           1           3
     1.59169    -2.12256    -2.72033
     0.63985     0.76850     0.00131
    -0.76850     0.63985    -0.00034
    -0.00110    -0.00078     1.00000
           0           1           1           4
     1.59795    -2.11811    -8.41233
     0.63985     0.76850     0.00131
    -0.76850     0.63985    -0.00034
    -0.00110    -0.00078     1.00000
           0           1           2           1
     2.35062    -1.19327     8.66524
     0.22628     0.97406     0.00101
    -0.97406     0.22628    -0.00089
    -0.00110    -0.00078     1.00000
           0           1           2           2
     2.35688    -1.18882     2.97324
     0.22628     0.97406     0.00101
    -0.97406     0.22628    -0.00089
    -0.00110    -0.00078     1.00000
           0           1           2           3
     2.36314    -1.18436    -2.71875
     0.22628     0.97406     0.00101
    -0.97406     0.22628    -0.00089
    -0.00110    -0.00078     1.00000
           0           1           2           4
     2.36940    -1.17991    -8.41074
     0.22628     0.97406     0.00101
    -0.97406     0.22628    -0.00089
    -0.00110    -0.00078     1.00000
           0           1           3           1
     2.61820    -0.00844     8.66646
    -0.23557     0.97186     0.00050
    -0.97186    -0.23557    -0.00125
    -0.00110    -0.00078     1.00000
           0           1           3           2
     2.62446    -0.00399     2.97447
    -0.23557     0.97186     0.00050
    -0.97186    -0.23557    -0.00125
    -0.00110    -0.00078     1.00000
           0           1           3           3
     2.63072     0.00046    -2.71753
    -0.23557     0.97186     0.00050
    -0.97186    -0.23557    -0.00125
    -0.00110    -0.00078     1.00000
           0           1           3           4
     2.63698     0.00492    -8.40952
    -0.23557     0.97186     0.00050
    -0.97186    -0.23557    -0.00125
    -0.00110    -0.00078     1.00000
           0           1           4           1
     2.32483     1.17026     8.66706
    -0.64716     0.76235    -0.00012
    -0.76235    -0.64716    -0.00134
    -0.00110    -0.00078     1.00000
           0           1           4           2
     2.33109     1.17472     2.97507
    -0.64716     0.76235    -0.00012
    -0.76235    -0.64716    -0.00134
    -0.00110    -0.00078     1.00000
           0           1           4           3
     2.33735     1.17917    -2.71693
    -0.64716     0.76235    -0.00012
    -0.76235    -0.64716    -0.00134
    -0.00110    -0.00078     1.00000
           0           1           4           4
     2.34361     1.18362    -8.40892
    -0.64716     0.76235    -0.00012
    -0.76235    -0.64716    -0.00134
    -0.00110    -0.00078     1.00000
           0           1           5           1
     1.53309     2.09139     8.66691
    -0.92071     0.39024    -0.00071
    -0.39024    -0.92071    -0.00115
    -0.00110    -0.00078     1.00000
           0           1           5           2
     1.53935     2.09585     2.97492
    -0.92071     0.39024    -0.00071
    -0.39024    -0.92071    -0.00115
    -0.00110    -0.00078     1.00000
           0           1           5           3
     1.54561     2.10030    -2.71708
    -0.92071     0.39024    -0.00071
    -0.39024    -0.92071    -0.00115
    -0.00110    -0.00078     1.00000
           0           1           5           4
     1.55187     2.10475    -8.40907
    -0.92071     0.39024    -0.00071
    -0.39024    -0.92071    -0.00115
    -0.00110    -0.00078     1.00000
           0           1           6           1
    -1.56612     2.10630    -8.55588
     0.92088     0.38984    -0.00012
     0.38984    -0.92088    -0.00088
    -0.00045     0.00076    -1.00000
           0           1           6           2
    -1.56356     2.10197    -2.86389
     0.92088     0.38984    -0.00012
     0.38984    -0.92088    -0.00088
    -0.00045     0.00076    -1.00000
           0           1           6           3
    -1.56100     2.09763     2.82811
     0.92088     0.38984    -0.00012
     0.38984    -0.92088    -0.00088
    -0.00045     0.00076    -1.00000
           0           1           6           4
    -1.55844     2.09329     8.52011
     0.92088     0.38984    -0.00012
     0.38984    -0.92088    -0.00088
    -0.00045     0.00076    -1.00000
           0           1           7           1
    -2.35829     1.18546    -8.55623
     0.64748     0.76208     0.00029
     0.76208    -0.64748    -0.00084
    -0.00045     0.00076    -1.00000
           0           1           7           2
    -2.35573     1.18112    -2.86423
     0.64748     0.76208     0.00029
     0.76208    -0.64748    -0.00084
    -0.00045     0.00076    -1.00000
           0           1           7           3
    -2.35317     1.17678     2.82777
     0.64748     0.76208     0.00029
     0.76208    -0.64748    -0.00084
    -0.00045     0.00076    -1.00000
           0           1           7           4
    -2.35061     1.17244     8.51976
     0.64748     0.76208     0.00029
     0.76208    -0.64748    -0.00084
    -0.00045     0.00076    -1.00000
           0           1           8           1
    -2.65216     0.00685    -8.55700
     0.23596     0.97176     0.00063
     0.97176    -0.23596    -0.00062
    -0.00045     0.00076    -1.00000
           0           1           8           2
    -2.64960     0.00252    -2.86500
     0.23596     0.97176     0.00063
     0.97176    -0.23596    -0.00062
    -0.00045     0.00076    -1.00000
           0           1           8           3
    -2.64704    -0.00182     2.82700
     0.23596     0.97176     0.00063
     0.97176    -0.23596    -0.00062
    -0.00045     0.00076    -1.00000
           0           1           8           4
    -2.64448    -0.00616     8.51900
     0.23596     0.97176     0.00063
     0.97176    -0.23596    -0.00062
    -0.00045     0.00076    -1.00000
           0           1           9           1
    -2.38507    -1.17807    -8.55802
    -0.22587     0.97416     0.00084
     0.97416     0.22587    -0.00027
    -0.00045     0.00076    -1.00000
           0           1           9           2
    -2.38251    -1.18241    -2.86602
    -0.22587     0.97416     0.00084
     0.97416     0.22587    -0.00027
    -0.00045     0.00076    -1.00000
           0           1           9           3
    -2.37994    -1.18675     2.82598
    -0.22587     0.97416     0.00084
     0.97416     0.22587    -0.00027
    -0.00045     0.00076    -1.00000
           0           1           9           4
    -2.37738    -1.19108     8.51797
    -0.22587     0.97416     0.00084
     0.97416     0.22587    -0.00027
    -0.00045     0.00076    -1.00000
           0           1          10           1
    -1.61406    -2.11655    -8.55908
    -0.63950     0.76879     0.00087
     0.76879     0.63950     0.00014
    -0.00045     0.00076    -1.00000
           0           1          10           2
    -1.61150    -2.12089    -2.86708
    -0.63950     0.76879     0.00087
     0.76879     0.63950     0.00014
    -0.00045     0.00076    -1.00000
           0           1          10           3
    -1.60894    -2.12522     2.82492
    -0.63950     0.76879     0.00087
     0.76879     0.63950     0.00014
    -0.00045     0.00076    -1.00000
           0           1          10           4
    -1.60638    -2.12956     8.51691
    -0.63950     0.76879     0.00087
     0.76879     0.63950     0.00014
    -0.00045     0.00076    -1.00000
           0           2           1           1
     2.50561    -4.57575     8.66374
     0.74585     0.66611     0.00134
    -0.66611     0.74585    -0.00015
    -0.00110    -0.00078     1.00000
           0           2           1           2
     2.51187    -4.57129     2.97175
     0.74585     0.66611     0.00134
    -0.66611     0.74585    -0.00015
    -0.00110    -0.00078     1.00000
           0           2           1           3
     2.51814    -4.56684    -2.72025
     0.74585     0.66611     0.00134
    -0.66611     0.74585    -0.00015
    -0.00110    -0.00078     1.00000
           0           2           1           4
     2.52440    -4.56239    -8.41224
     0.74585     0.66611     0.00134
    -0.66611     0.74585    -0.00015
    -0.00110    -0.00078     1.00000
           0           2           2           1
     3.50734    -3.85857     8.66541
     0.56794     0.82307     0.00127
    -0.82307     0.56794    -0.00046
    -0.00110    -0.00078     1.00000
           0           2           2           2
     3.51360    -3.85412     2.97341
     0.56794     0.82307     0.00127
    -0.82307     0.56794    -0.00046
    -0.00110    -0.00078     1.00000
           0           2           2           3
     3.51986    -3.84967    -2.71858
     0.56794     0.82307     0.00127
    -0.82307     0.56794    -0.00046
    -0.00110    -0.00078     1.00000
           0           2           2           4
     3.52612    -3.84521    -8.41058
     0.56794     0.82307     0.00127
    -0.82307     0.56794    -0.00046
    -0.00110    -0.00078     1.00000
           0           2           3           1
     4.31191    -2.92559     8.66702
     0.35805     0.93370     0.00112
    -0.93370     0.35805    -0.00075
    -0.00110    -0.00078     1.00000
           0           2           3           2
     4.31817    -2.92114     2.97503
     0.35805     0.93370     0.00112
    -0.93370     0.35805    -0.00075
    -0.00110    -0.00078     1.00000
           0           2           3           3
     4.32443    -2.91668    -2.71697
     0.35805     0.93370     0.00112
    -0.93370     0.35805    -0.00075
    -0.00110    -0.00078     1.00000
           0           2           3           4
     4.33069    -2.91223    -8.40896
     0.35805     0.93370     0.00112
    -0.93370     0.35805    -0.00075
    -0.00110    -0.00078     1.00000
           0           2           4           1
     4.87404    -1.82932     8.66850
     0.12801     0.99177     0.00092
    -0.99177     0.12801    -0.00099
    -0.00110    -0.00078     1.00000
           0           2           4           2
     4.88030    -1.82487     2.97650
     0.12801     0.99177     0.00092
    -0.99177     0.12801    -0.00099
    -0.00110    -0.00078     1.00000
           0           2           4           3
     4.88656    -1.82041    -2.71549
     0.12801     0.99177     0.00092
    -0.99177     0.12801    -0.00099
    -0.00110    -0.00078     1.00000
           0           2           4           4
     4.89282    -1.81596    -8.40749
     0.12801     0.99177     0.00092
    -0.99177     0.12801    -0.00099
    -0.00110    -0.00078     1.00000
           0           2           5           1
     5.16209    -0.63147     8.66975
    -0.10925     0.99401     0.00066
    -0.99401    -0.10925    -0.00118
    -0.00110    -0.00078     1.00000
           0           2           5           2
     5.16835    -0.62701     2.97776
    -0.10925     0.99401     0.00066
    -0.99401    -0.10925    -0.00118
    -0.00110    -0.00078     1.00000
           0           2           5           3
     5.17461    -0.62256    -2.71424
    -0.10925     0.99401     0.00066
    -0.99401    -0.10925    -0.00118
    -0.00110    -0.00078     1.00000
           0           2           5           4
     5.18087    -0.61811    -8.40623
    -0.10925     0.99401     0.00066
    -0.99401    -0.10925    -0.00118
    -0.00110    -0.00078     1.00000
           0           2           6           1
     5.15984     0.60052     8.67071
    -0.34034     0.94030     0.00036
    -0.94030    -0.34034    -0.00130
    -0.00110    -0.00078     1.00000
           0           2           6           2
     5.16610     0.60497     2.97872
    -0.34034     0.94030     0.00036
    -0.94030    -0.34034    -0.00130
    -0.00110    -0.00078     1.00000
           0           2           6           3
     5.17236     0.60943    -2.71328
    -0.34034     0.94030     0.00036
    -0.94030    -0.34034    -0.00130
    -0.00110    -0.00078     1.00000
           0           2           6           4
     5.17862     0.61388    -8.40527
    -0.34034     0.94030     0.00036
    -0.94030    -0.34034    -0.00130
    -0.00110    -0.00078     1.00000
           0           2           7           1
     4.86741     1.79732     8.67133
    -0.55228     0.83366     0.00004
    -0.83366    -0.55228    -0.00135
    -0.00110    -0.00078     1.00000
           0           2           7           2
     4.87367     1.80177     2.97933
    -0.55228     0.83366     0.00004
    -0.83366    -0.55228    -0.00135
    -0.00110    -0.00078     1.00000
           0           2           7           3
     4.87993     1.80623    -2.71266
    -0.55228     0.83366     0.00004
    -0.83366    -0.55228    -0.00135
    -0.00110    -0.00078     1.00000
           0           2           7           4
     4.88619     1.81068    -8.40466
    -0.55228     0.83366     0.00004
    -0.83366    -0.55228    -0.00135
    -0.00110    -0.00078     1.00000
           0           2           8           1
     4.30126     2.89154     8.67156
    -0.73314     0.68008    -0.00027
    -0.68008    -0.73314    -0.00132
    -0.00110    -0.00078     1.00000
           0           2           8           2
     4.30752     2.89599     2.97957
    -0.73314     0.68008    -0.00027
    -0.68008    -0.73314    -0.00132
    -0.00110    -0.00078     1.00000
           0           2           8           3
     4.31378     2.90044    -2.71243
    -0.73314     0.68008    -0.00027
    -0.68008    -0.73314    -0.00132
    -0.00110    -0.00078     1.00000
           0           2           8           4
     4.32004     2.90490    -8.40442
    -0.73314     0.68008    -0.00027
    -0.68008    -0.73314    -0.00132
    -0.00110    -0.00078     1.00000
           0           2           9           1
     3.49328     3.82157     8.67140
    -0.87272     0.48822    -0.00058
    -0.48822    -0.87272    -0.00122
    -0.00110    -0.00078     1.00000
           0           2           9           2
     3.49954     3.82603     2.97941
    -0.87272     0.48822    -0.00058
    -0.48822    -0.87272    -0.00122
    -0.00110    -0.00078     1.00000
           0           2           9           3
     3.50580     3.83048    -2.71259
    -0.87272     0.48822    -0.00058
    -0.48822    -0.87272    -0.00122
    -0.00110    -0.00078     1.00000
           0           2           9           4
     3.51206     3.83493    -8.40458
    -0.87272     0.48822    -0.00058
    -0.48822    -0.87272    -0.00122
    -0.00110    -0.00078     1.00000
           0           2          10           1
     2.48894     4.53509     8.67085
    -0.96318     0.26887    -0.00085
    -0.26887    -0.96318    -0.00105
    -0.00110    -0.00078     1.00000
           0           2          10           2
     2.49520     4.53954     2.97886
    -0.96318     0.26887    -0.00085
    -0.26887    -0.96318    -0.00105
    -0.00110    -0.00078     1.00000
           0           2          10           3
     2.50146     4.54399    -2.71314
    -0.96318     0.26887    -0.00085
    -0.26887    -0.96318    -0.00105
    -0.00110    -0.00078     1.00000
           0           2          10           4
     2.50772     4.54845    -8.40513
    -0.96318     0.26887    -0.00085
    -0.26887    -0.96318    -0.00105
    -0.00110    -0.00078     1.00000
           0           2          11           1
    -2.51088     4.55317    -8.55430
     0.96366     0.26712    -0.00023
     0.26712    -0.96366    -0.00085
    -0.00045     0.00076    -1.00000
           0           2          11           2
    -2.50832     4.54883    -2.86231
     0.96366     0.26712    -0.00023
     0.26712    -0.96366    -0.00085
    -0.00045     0.00076    -1.00000
           0           2          11           3
    -2.50576     4.54449     2.82969
     0.96366     0.26712    -0.00023
     0.26712    -0.96366    -0.00085
    -0.00045     0.00076    -1.00000
           0           2          11           4
    -2.50320     4.54015     8.52169
     0.96366     0.26712    -0.00023
     0.26712    -0.96366    -0.00085
    -0.00045     0.00076    -1.00000
           0           2          12           1
    -3.51654     3.84148    -8.55439
     0.87361     0.48663    -0.00002
     0.48663    -0.87361    -0.00088
    -0.00045     0.00076    -1.00000
           0           2          12           2
    -3.51398     3.83714    -2.86240
     0.87361     0.48663    -0.00002
     0.48663    -0.87361    -0.00088
    -0.00045     0.00076    -1.00000
           0           2          12           3
    -3.51142     3.83280     2.82960
     0.87361     0.48663    -0.00002
     0.48663    -0.87361    -0.00088
    -0.00045     0.00076    -1.00000
           0           2          12           4
    -3.50886     3.82846     8.52160
     0.87361     0.48663    -0.00002
     0.48663    -0.87361    -0.00088
    -0.00045     0.00076    -1.00000
           0           2          13           1
    -4.32624     2.91291    -8.55474
     0.73438     0.67874     0.00019
     0.67874    -0.73438    -0.00087
    -0.00045     0.00076    -1.00000
           0           2          13           2
    -4.32368     2.90857    -2.86274
     0.73438     0.67874     0.00019
     0.67874    -0.73438    -0.00087
    -0.00045     0.00076    -1.00000
           0           2          13           3
    -4.32112     2.90423     2.82926
     0.73438     0.67874     0.00019
     0.67874    -0.73438    -0.00087
    -0.00045     0.00076    -1.00000
           0           2          13           4
    -4.31856     2.89989     8.52126
     0.73438     0.67874     0.00019
     0.67874    -0.73438    -0.00087
    -0.00045     0.00076    -1.00000
           0           2          14           1
    -4.89439     1.81972    -8.55531
     0.55380     0.83265     0.00039
     0.83265    -0.55380    -0.00080
    -0.00045     0.00076    -1.00000
           0           2          14           2
    -4.89183     1.81538    -2.86332
     0.55380     0.83265     0.00039
     0.83265    -0.55380    -0.00080
    -0.00045     0.00076    -1.00000
           0           2          14           3
    -4.88927     1.81104     2.82868
     0.55380     0.83265     0.00039
     0.83265    -0.55380    -0.00080
    -0.00045     0.00076    -1.00000
           0           2          14           4
    -4.88671     1.80670     8.52068
     0.55380     0.83265     0.00039
     0.83265    -0.55380    -0.00080
    -0.00045     0.00076    -1.00000
           0           2          15           1
    -5.18899     0.62344    -8.55609
     0.34205     0.93968     0.00056
     0.93968    -0.34205    -0.00068
    -0.00045     0.00076    -1.00000
           0           2          15           2
    -5.18643     0.61911    -2.86410
     0.34205     0.93968     0.00056
     0.93968    -0.34205    -0.00068
    -0.00045     0.00076    -1.00000
           0           2          15           3
    -5.18387     0.61477     2.82790
     0.34205     0.93968     0.00056
     0.93968    -0.34205    -0.00068
    -0.00045     0.00076    -1.00000
           0           2          15           4
    -5.18131     0.61043     8.51990
     0.34205     0.93968     0.00056
     0.93968    -0.34205    -0.00068
    -0.00045     0.00076    -1.00000
           0           2          16           1
    -5.19348    -0.60855    -8.55703
     0.11105     0.99381     0.00071
     0.99381    -0.11105    -0.00053
    -0.00045     0.00076    -1.00000
           0           2          16           2
    -5.19092    -0.61289    -2.86503
     0.11105     0.99381     0.00071
     0.99381    -0.11105    -0.00053
    -0.00045     0.00076    -1.00000
           0           2          16           3
    -5.18836    -0.61722     2.82697
     0.11105     0.99381     0.00071
     0.99381    -0.11105    -0.00053
    -0.00045     0.00076    -1.00000
           0           2          16           4
    -5.18579    -0.62156     8.51896
     0.11105     0.99381     0.00071
     0.99381    -0.11105    -0.00053
    -0.00045     0.00076    -1.00000
           0           2          17           1
    -4.90761    -1.80692    -8.55807
    -0.12621     0.99200     0.00081
     0.99200     0.12621    -0.00035
    -0.00045     0.00076    -1.00000
           0           2          17           2
    -4.90505    -1.81125    -2.86607
    -0.12621     0.99200     0.00081
     0.99200     0.12621    -0.00035
    -0.00045     0.00076    -1.00000
           0           2          17           3
    -4.90249    -1.81559     2.82592
    -0.12621     0.99200     0.00081
     0.99200     0.12621    -0.00035
    -0.00045     0.00076    -1.00000
           0           2          17           4
    -4.89993    -1.81993     8.51792
    -0.12621     0.99200     0.00081
     0.99200     0.12621    -0.00035
    -0.00045     0.00076    -1.00000
           0           2          18           1
    -4.34747    -2.90421    -8.55916
    -0.35635     0.93435     0.00087
     0.93435     0.35635    -0.00015
    -0.00045     0.00076    -1.00000
           0           2          18           2
    -4.34491    -2.90854    -2.86716
    -0.35635     0.93435     0.00087
     0.93435     0.35635    -0.00015
    -0.00045     0.00076    -1.00000
           0           2          18           3
    -4.34234    -2.91288     2.82483
    -0.35635     0.93435     0.00087
     0.93435     0.35635    -0.00015
    -0.00045     0.00076    -1.00000
           0           2          18           4
    -4.33977    -2.91722     8.51683
    -0.35635     0.93435     0.00087
     0.93435     0.35635    -0.00015
    -0.00045     0.00076    -1.00000
           0           2          19           1
    -3.54460    -3.83865    -8.56023
    -0.56644     0.82410     0.00088
     0.82410     0.56644     0.00006
    -0.00045     0.00076    -1.00000
           0           2          19           2
    -3.54203    -3.84298    -2.86824
    -0.56644     0.82410     0.00088
     0.82410     0.56644     0.00006
    -0.00045     0.00076    -1.00000
           0           2          19           3
    -3.53947    -3.84732     2.82376
    -0.56644     0.82410     0.00088
     0.82410     0.56644     0.00006
    -0.00045     0.00076    -1.00000
           0           2          19           4
    -3.53691    -3.85166     8.51576
    -0.56644     0.82410     0.00088
     0.82410     0.56644     0.00006
    -0.00045     0.00076    -1.00000
           0           2          20           1
    -2.54419    -4.55764    -8.56123
    -0.74464     0.66747     0.00084
     0.66747     0.74464     0.00027
    -0.00045     0.00076    -1.00000
           0           2          20           2
    -2.54163    -4.56198    -2.86923
    -0.74464     0.66747     0.00084
     0.66747     0.74464     0.00027
    -0.00045     0.00076    -1.00000
           0           2          20           3
    -2.53907    -4.56631     2.82276
    -0.74464     0.66747     0.00084
     0.66747     0.74464     0.00027
    -0.00045     0.00076    -1.00000
           0           2          20           4
    -2.53650    -4.57065     8.51476
    -0.74464     0.66747     0.00084
     0.66747     0.74464     0.00027
    -0.00045     0.00076    -1.00000
           0           3           1           1
     5.61637   -10.34199    12.85833
    -0.87804    -0.47859    -0.00134
    -0.47859     0.87804     0.00016
     0.00110     0.00078    -1.00000
           0           3           1           2
     5.62338   -10.33700     6.48293
    -0.87804    -0.47859    -0.00134
    -0.47859     0.87804     0.00016
     0.00110     0.00078    -1.00000
           0           3           1           3
     5.63040   -10.33201     0.10754
    -0.87804    -0.47859    -0.00134
    -0.47859     0.87804     0.00016
     0.00110     0.00078    -1.00000
           0           3           1           4
     5.63741   -10.32702    -6.26786
    -0.87804    -0.47859    -0.00134
    -0.47859     0.87804     0.00016
     0.00110     0.00078    -1.00000
           0           3           1           5
     5.64442   -10.32204   -12.64325
    -0.87804    -0.47859    -0.00134
    -0.47859     0.87804     0.00016
     0.00110     0.00078    -1.00000
           0           3           2           1
     7.53669    -7.14440    12.86294
    -0.68668    -0.72696    -0.00132
    -0.72696     0.68668    -0.00026
     0.00110     0.00078    -1.00000
           0           3           2           2
     7.54370    -7.13941     6.48755
    -0.68668    -0.72696    -0.00132
    -0.72696     0.68668    -0.00026
     0.00110     0.00078    -1.00000
           0           3           2           3
     7.55071    -7.13442     0.11215
    -0.68668    -0.72696    -0.00132
    -0.72696     0.68668    -0.00026
     0.00110     0.00078    -1.00000
           0           3           2           4
     7.55773    -7.12943    -6.26324
    -0.68668    -0.72696    -0.00132
    -0.72696     0.68668    -0.00026
     0.00110     0.00078    -1.00000
           0           3           2           5
     7.56474    -7.12444   -12.63864
    -0.68668    -0.72696    -0.00132
    -0.72696     0.68668    -0.00026
     0.00110     0.00078    -1.00000
           0           3           3           1
    11.51313    -5.68550    12.86846
    -0.44160    -0.89721    -0.00119
    -0.89721     0.44160    -0.00064
     0.00110     0.00078    -1.00000
           0           3           3           2
    11.52015    -5.68052     6.49306
    -0.44160    -0.89721    -0.00119
    -0.89721     0.44160    -0.00064
     0.00110     0.00078    -1.00000
           0           3           3           3
    11.52715    -5.67553     0.11767
    -0.44160    -0.89721    -0.00119
    -0.89721     0.44160    -0.00064
     0.00110     0.00078    -1.00000
           0           3           3           4
    11.53416    -5.67054    -6.25773
    -0.44160    -0.89721    -0.00119
    -0.89721     0.44160    -0.00064
     0.00110     0.00078    -1.00000
           0           3           3           5
    11.54117    -5.66555   -12.63312
    -0.44160    -0.89721    -0.00119
    -0.89721     0.44160    -0.00064
     0.00110     0.00078    -1.00000
           0           3           4           1
    11.56671    -2.08447    12.87133
    -0.17617    -0.98436    -0.00096
    -0.98436     0.17617    -0.00094
     0.00110     0.00078    -1.00000
           0           3           4           2
    11.57372    -2.07948     6.49594
    -0.17617    -0.98436    -0.00096
    -0.98436     0.17617    -0.00094
     0.00110     0.00078    -1.00000
           0           3           4           3
    11.58073    -2.07450     0.12054
    -0.17617    -0.98436    -0.00096
    -0.98436     0.17617    -0.00094
     0.00110     0.00078    -1.00000
           0           3           4           4
    11.58774    -2.06951    -6.25485
    -0.17617    -0.98436    -0.00096
    -0.98436     0.17617    -0.00094
     0.00110     0.00078    -1.00000
           0           3           4           5
    11.59476    -2.06452   -12.63024
    -0.17617    -0.98436    -0.00096
    -0.98436     0.17617    -0.00094
     0.00110     0.00078    -1.00000
           0           3           5           1
    10.27430     1.41438    12.87265
     0.13731    -0.99053    -0.00062
    -0.99053    -0.13731    -0.00120
     0.00110     0.00078    -1.00000
           0           3           5           2
    10.28131     1.41937     6.49726
     0.13731    -0.99053    -0.00062
    -0.99053    -0.13731    -0.00120
     0.00110     0.00078    -1.00000
           0           3           5           3
    10.28833     1.42436     0.12186
     0.13731    -0.99053    -0.00062
    -0.99053    -0.13731    -0.00120
     0.00110     0.00078    -1.00000
           0           3           5           4
    10.29534     1.42934    -6.25353
     0.13731    -0.99053    -0.00062
    -0.99053    -0.13731    -0.00120
     0.00110     0.00078    -1.00000
           0           3           5           5
    10.30235     1.43433   -12.62893
     0.13731    -0.99053    -0.00062
    -0.99053    -0.13731    -0.00120
     0.00110     0.00078    -1.00000
           0           3           6           1
    11.62477     5.42895    12.87728
     0.42347    -0.90591    -0.00024
    -0.90591    -0.42347    -0.00133
     0.00110     0.00078    -1.00000
           0           3           6           2
    11.63179     5.43394     6.50188
     0.42347    -0.90591    -0.00024
    -0.90591    -0.42347    -0.00133
     0.00110     0.00078    -1.00000
           0           3           6           3
    11.63880     5.43892     0.12649
     0.42347    -0.90591    -0.00024
    -0.90591    -0.42347    -0.00133
     0.00110     0.00078    -1.00000
           0           3           6           4
    11.64581     5.44391    -6.24891
     0.42347    -0.90591    -0.00024
    -0.90591    -0.42347    -0.00133
     0.00110     0.00078    -1.00000
           0           3           6           5
    11.65282     5.44890   -12.62430
     0.42347    -0.90591    -0.00024
    -0.90591    -0.42347    -0.00133
     0.00110     0.00078    -1.00000
           0           3           7           1
     8.84952     7.72423    12.87602
     0.65755    -0.75341     0.00013
    -0.75341    -0.65755    -0.00134
     0.00110     0.00078    -1.00000
           0           3           7           2
     8.85653     7.72922     6.50063
     0.65755    -0.75341     0.00013
    -0.75341    -0.65755    -0.00134
     0.00110     0.00078    -1.00000
           0           3           7           3
     8.86355     7.73421     0.12523
     0.65755    -0.75341     0.00013
    -0.75341    -0.65755    -0.00134
     0.00110     0.00078    -1.00000
           0           3           7           4
     8.87056     7.73920    -6.25016
     0.65755    -0.75341     0.00013
    -0.75341    -0.65755    -0.00134
     0.00110     0.00078    -1.00000
           0           3           7           5
     8.87757     7.74418   -12.62556
     0.65755    -0.75341     0.00013
    -0.75341    -0.65755    -0.00134
     0.00110     0.00078    -1.00000
           0           3           8           1
     5.31168     8.90569    12.87305
     0.85853    -0.51276     0.00054
    -0.51276    -0.85853    -0.00124
     0.00110     0.00078    -1.00000
           0           3           8           2
     5.31869     8.91068     6.49766
     0.85853    -0.51276     0.00054
    -0.51276    -0.85853    -0.00124
     0.00110     0.00078    -1.00000
           0           3           8           3
     5.32570     8.91567     0.12226
     0.85853    -0.51276     0.00054
    -0.51276    -0.85853    -0.00124
     0.00110     0.00078    -1.00000
           0           3           8           4
     5.33272     8.92066    -6.25313
     0.85853    -0.51276     0.00054
    -0.51276    -0.85853    -0.00124
     0.00110     0.00078    -1.00000
           0           3           8           5
     5.33973     8.92564   -12.62852
     0.85853    -0.51276     0.00054
    -0.51276    -0.85853    -0.00124
     0.00110     0.00078    -1.00000
           0           3           9           1
    -5.35614     8.94254   -12.76175
    -0.85791    -0.51379    -0.00001
     0.51379    -0.85791    -0.00089
     0.00045    -0.00076     1.00000
           0           3           9           2
    -5.35328     8.93768    -6.38635
    -0.85791    -0.51379    -0.00001
     0.51379    -0.85791    -0.00089
     0.00045    -0.00076     1.00000
           0           3           9           3
    -5.35041     8.93282    -0.01095
    -0.85791    -0.51379    -0.00001
     0.51379    -0.85791    -0.00089
     0.00045    -0.00076     1.00000
           0           3           9           4
    -5.34754     8.92796     6.36444
    -0.85791    -0.51379    -0.00001
     0.51379    -0.85791    -0.00089
     0.00045    -0.00076     1.00000
           0           3           9           5
    -5.34467     8.92311    12.73984
    -0.85791    -0.51379    -0.00001
     0.51379    -0.85791    -0.00089
     0.00045    -0.00076     1.00000
           0           3          10           1
    -8.89189     7.75758   -12.76106
    -0.65671    -0.75414    -0.00028
     0.75414    -0.65671    -0.00084
     0.00045    -0.00076     1.00000
           0           3          10           2
    -8.88902     7.75272    -6.38566
    -0.65671    -0.75414    -0.00028
     0.75414    -0.65671    -0.00084
     0.00045    -0.00076     1.00000
           0           3          10           3
    -8.88615     7.74786    -0.01027
    -0.65671    -0.75414    -0.00028
     0.75414    -0.65671    -0.00084
     0.00045    -0.00076     1.00000
           0           3          10           4
    -8.88328     7.74300     6.36513
    -0.65671    -0.75414    -0.00028
     0.75414    -0.65671    -0.00084
     0.00045    -0.00076     1.00000
           0           3          10           5
    -8.88042     7.73815    12.74053
    -0.65671    -0.75414    -0.00028
     0.75414    -0.65671    -0.00084
     0.00045    -0.00076     1.00000
           0           3          11           1
   -11.66428     5.45982   -12.76157
    -0.42252    -0.90636    -0.00050
     0.90636    -0.42251    -0.00073
     0.00045    -0.00076     1.00000
           0           3          11           2
   -11.66141     5.45496    -6.38617
    -0.42252    -0.90636    -0.00050
     0.90636    -0.42251    -0.00073
     0.00045    -0.00076     1.00000
           0           3          11           3
   -11.65854     5.45010    -0.01077
    -0.42252    -0.90636    -0.00050
     0.90636    -0.42251    -0.00073
     0.00045    -0.00076     1.00000
           0           3          11           4
   -11.65567     5.44525     6.36463
    -0.42252    -0.90636    -0.00050
     0.90636    -0.42251    -0.00073
     0.00045    -0.00076     1.00000
           0           3          11           5
   -11.65280     5.44039    12.74002
    -0.42252    -0.90636    -0.00050
     0.90636    -0.42251    -0.00073
     0.00045    -0.00076     1.00000
           0           3          12           1
   -10.30973     1.44524   -12.76523
    -0.13611    -0.99069    -0.00069
     0.99069    -0.13611    -0.00055
     0.00045    -0.00076     1.00000
           0           3          12           2
   -10.30686     1.44038    -6.38984
    -0.13611    -0.99069    -0.00069
     0.99069    -0.13611    -0.00055
     0.00045    -0.00076     1.00000
           0           3          12           3
   -10.30400     1.43552    -0.01444
    -0.13611    -0.99069    -0.00069
     0.99069    -0.13611    -0.00055
     0.00045    -0.00076     1.00000
           0           3          12           4
   -10.30113     1.43066     6.36096
    -0.13611    -0.99069    -0.00069
     0.99069    -0.13611    -0.00055
     0.00045    -0.00076     1.00000
           0           3          12           5
   -10.29826     1.42580    12.73635
    -0.13611    -0.99069    -0.00069
     0.99069    -0.13611    -0.00055
     0.00045    -0.00076     1.00000
           0           3          13           1
   -11.59809    -2.05417   -12.76732
     0.17727    -0.98416    -0.00083
     0.98416     0.17727    -0.00031
     0.00045    -0.00076     1.00000
           0           3          13           2
   -11.59522    -2.05903    -6.39192
     0.17727    -0.98416    -0.00083
     0.98416     0.17727    -0.00031
     0.00045    -0.00076     1.00000
           0           3          13           3
   -11.59236    -2.06389    -0.01653
     0.17727    -0.98416    -0.00083
     0.98416     0.17727    -0.00031
     0.00045    -0.00076     1.00000
           0           3          13           4
   -11.58949    -2.06875     6.35887
     0.17727    -0.98416    -0.00083
     0.98416     0.17727    -0.00031
     0.00045    -0.00076     1.00000
           0           3          13           5
   -11.58662    -2.07360    12.73427
     0.17727    -0.98416    -0.00083
     0.98416     0.17727    -0.00031
     0.00045    -0.00076     1.00000
           0           3          14           1
   -11.54077    -5.65450   -12.77009
     0.44254    -0.89675    -0.00088
     0.89675     0.44254    -0.00007
     0.00045    -0.00076     1.00000
           0           3          14           2
   -11.53790    -5.65936    -6.39469
     0.44254    -0.89675    -0.00088
     0.89675     0.44254    -0.00007
     0.00045    -0.00076     1.00000
           0           3          14           3
   -11.53503    -5.66422    -0.01930
     0.44254    -0.89675    -0.00088
     0.89675     0.44254    -0.00007
     0.00045    -0.00076     1.00000
           0           3          14           4
   -11.53216    -5.66908     6.35610
     0.44254    -0.89675    -0.00088
     0.89675     0.44254    -0.00007
     0.00045    -0.00076     1.00000
           0           3          14           5
   -11.52929    -5.67394    12.73150
     0.44254    -0.89675    -0.00088
     0.89675     0.44254    -0.00007
     0.00045    -0.00076     1.00000
           0           3          15           1
    -7.56176    -7.11025   -12.77299
     0.68755    -0.72613    -0.00086
     0.72613     0.68755     0.00020
     0.00045    -0.00076     1.00000
           0           3          15           2
    -7.55889    -7.11511    -6.39759
     0.68755    -0.72613    -0.00086
     0.72613     0.68755     0.00020
     0.00045    -0.00076     1.00000
           0           3          15           3
    -7.55602    -7.11997    -0.02220
     0.68755    -0.72613    -0.00086
     0.72613     0.68755     0.00020
     0.00045    -0.00076     1.00000
           0           3          15           4
    -7.55315    -7.12483     6.35320
     0.68755    -0.72613    -0.00086
     0.72613     0.68755     0.00020
     0.00045    -0.00076     1.00000
           0           3          15           5
    -7.55028    -7.12969    12.72860
     0.68755    -0.72613    -0.00086
     0.72613     0.68755     0.00020
     0.00045    -0.00076     1.00000
           0           3          16           1
    -5.63847   -10.30503   -12.77629
     0.87858    -0.47760    -0.00076
     0.47760     0.87858     0.00045
     0.00045    -0.00076     1.00000
           0           3          16           2
    -5.63561   -10.30989    -6.40089
     0.87858    -0.47760    -0.00076
     0.47760     0.87858     0.00045
     0.00045    -0.00076     1.00000
           0           3          16           3
    -5.63274   -10.31475    -0.02550
     0.87858    -0.47760    -0.00076
     0.47760     0.87858     0.00045
     0.00045    -0.00076     1.00000
           0           3          16           4
    -5.62987   -10.31961     6.34990
     0.87858    -0.47760    -0.00076
     0.47760     0.87858     0.00045
     0.00045    -0.00076     1.00000
           0           3          16           5
    -5.62700   -10.32447    12.72530
     0.87858    -0.47760    -0.00076
     0.47760     0.87858     0.00045
     0.00045    -0.00076     1.00000
           0           4           1           1
     6.55617   -14.07944   -15.83623
     0.90733     0.42042     0.00133
    -0.42042     0.90733     0.00025
    -0.00110    -0.00078     1.00000
           0           4           1           2
     6.54916   -14.08443    -9.46084
     0.90733     0.42042     0.00133
    -0.42042     0.90733     0.00025
    -0.00110    -0.00078     1.00000
           0           4           1           3
     6.54215   -14.08942    -3.08544
     0.90733     0.42042     0.00133
    -0.42042     0.90733     0.00025
    -0.00110    -0.00078     1.00000
           0           4           1           4
     6.53513   -14.09441     3.28995
     0.90733     0.42042     0.00133
    -0.42042     0.90733     0.00025
    -0.00110    -0.00078     1.00000
           0           4           1           5
     6.52812   -14.09940     9.66535
     0.90733     0.42042     0.00133
    -0.42042     0.90733     0.00025
    -0.00110    -0.00078     1.00000
           0           4           1           6
     6.52111   -14.10439    16.04074
     0.90733     0.42042     0.00133
    -0.42042     0.90733     0.00025
    -0.00110    -0.00078     1.00000
           0           4           2           1
    10.13305   -13.24772   -15.83165
     0.79545     0.60602     0.00135
    -0.60602     0.79545    -0.00004
    -0.00110    -0.00078     1.00000
           0           4           2           2
    10.12604   -13.25271    -9.45625
     0.79545     0.60602     0.00135
    -0.60602     0.79545    -0.00004
    -0.00110    -0.00078     1.00000
           0           4           2           3
    10.11902   -13.25770    -3.08086
     0.79545     0.60602     0.00135
    -0.60602     0.79545    -0.00004
    -0.00110    -0.00078     1.00000
           0           4           2           4
    10.11201   -13.26269     3.29454
     0.79545     0.60602     0.00135
    -0.60602     0.79545    -0.00004
    -0.00110    -0.00078     1.00000
           0           4           2           5
    10.10500   -13.26768     9.66993
     0.79545     0.60602     0.00135
    -0.60602     0.79545    -0.00004
    -0.00110    -0.00078     1.00000
           0           4           2           6
    10.09799   -13.27267    16.04533
     0.79545     0.60602     0.00135
    -0.60602     0.79545    -0.00004
    -0.00110    -0.00078     1.00000
           0           4           3           1
    13.44950   -11.69994   -15.82679
     0.65772     0.75326     0.00131
    -0.75326     0.65772    -0.00031
    -0.00110    -0.00078     1.00000
           0           4           3           2
    13.44249   -11.70493    -9.45139
     0.65772     0.75326     0.00131
    -0.75326     0.65772    -0.00031
    -0.00110    -0.00078     1.00000
           0           4           3           3
    13.43548   -11.70992    -3.07600
     0.65772     0.75326     0.00131
    -0.75326     0.65772    -0.00031
    -0.00110    -0.00078     1.00000
           0           4           3           4
    13.42847   -11.71491     3.29940
     0.65772     0.75326     0.00131
    -0.75326     0.65772    -0.00031
    -0.00110    -0.00078     1.00000
           0           4           3           5
    13.42145   -11.71990     9.67479
     0.65772     0.75326     0.00131
    -0.75326     0.65772    -0.00031
    -0.00110    -0.00078     1.00000
           0           4           3           6
    13.41444   -11.72488    16.05018
     0.65772     0.75326     0.00131
    -0.75326     0.65772    -0.00031
    -0.00110    -0.00078     1.00000
           0           4           4           1
    13.60546    -7.53207   -15.82335
     0.48617     0.87386     0.00122
    -0.87386     0.48617    -0.00058
    -0.00110    -0.00078     1.00000
           0           4           4           2
    13.59845    -7.53706    -9.44796
     0.48617     0.87386     0.00122
    -0.87386     0.48617    -0.00058
    -0.00110    -0.00078     1.00000
           0           4           4           3
    13.59144    -7.54205    -3.07256
     0.48617     0.87386     0.00122
    -0.87386     0.48617    -0.00058
    -0.00110    -0.00078     1.00000
           0           4           4           4
    13.58443    -7.54703     3.30283
     0.48617     0.87386     0.00122
    -0.87386     0.48617    -0.00058
    -0.00110    -0.00078     1.00000
           0           4           4           5
    13.57741    -7.55202     9.67822
     0.48617     0.87386     0.00122
    -0.87386     0.48617    -0.00058
    -0.00110    -0.00078     1.00000
           0           4           4           6
    13.57040    -7.55701    16.05362
     0.48617     0.87386     0.00122
    -0.87386     0.48617    -0.00058
    -0.00110    -0.00078     1.00000
           0           4           5           1
    16.00793    -4.75464   -15.81854
     0.28649     0.95808     0.00106
    -0.95808     0.28649    -0.00083
    -0.00110    -0.00078     1.00000
           0           4           5           2
    16.00092    -4.75963    -9.44314
     0.28649     0.95808     0.00106
    -0.95808     0.28649    -0.00083
    -0.00110    -0.00078     1.00000
           0           4           5           3
    15.99391    -4.76462    -3.06775
     0.28649     0.95808     0.00106
    -0.95808     0.28649    -0.00083
    -0.00110    -0.00078     1.00000
           0           4           5           4
    15.98690    -4.76961     3.30765
     0.28649     0.95808     0.00106
    -0.95808     0.28649    -0.00083
    -0.00110    -0.00078     1.00000
           0           4           5           5
    15.97988    -4.77460     9.68304
     0.28649     0.95808     0.00106
    -0.95808     0.28649    -0.00083
    -0.00110    -0.00078     1.00000
           0           4           5           6
    15.97287    -4.77959    16.05843
     0.28649     0.95808     0.00106
    -0.95808     0.28649    -0.00083
    -0.00110    -0.00078     1.00000
           0           4           6           1
    17.77844    -1.55156   -15.81408
     0.08848     0.99608     0.00088
    -0.99608     0.08849    -0.00103
    -0.00110    -0.00078     1.00000
           0           4           6           2
    17.77143    -1.55655    -9.43869
     0.08848     0.99608     0.00088
    -0.99608     0.08849    -0.00103
    -0.00110    -0.00078     1.00000
           0           4           6           3
    17.76442    -1.56154    -3.06330
     0.08848     0.99608     0.00088
    -0.99608     0.08849    -0.00103
    -0.00110    -0.00078     1.00000
           0           4           6           4
    17.75740    -1.56653     3.31210
     0.08848     0.99608     0.00088
    -0.99608     0.08849    -0.00103
    -0.00110    -0.00078     1.00000
           0           4           6           5
    17.75039    -1.57152     9.68749
     0.08848     0.99608     0.00088
    -0.99608     0.08849    -0.00103
    -0.00110    -0.00078     1.00000
           0           4           6           6
    17.74338    -1.57651    16.06289
     0.08848     0.99608     0.00088
    -0.99608     0.08849    -0.00103
    -0.00110    -0.00078     1.00000
           0           4           7           1
    15.45178     1.90997   -15.81393
    -0.12119     0.99263     0.00064
    -0.99263    -0.12119    -0.00119
    -0.00110    -0.00078     1.00000
           0           4           7           2
    15.44476     1.90498    -9.43854
    -0.12119     0.99263     0.00064
    -0.99263    -0.12119    -0.00119
    -0.00110    -0.00078     1.00000
           0           4           7           3
    15.43775     1.89999    -3.06315
    -0.12119     0.99263     0.00064
    -0.99263    -0.12119    -0.00119
    -0.00110    -0.00078     1.00000
           0           4           7           4
    15.43074     1.89500     3.31225
    -0.12119     0.99263     0.00064
    -0.99263    -0.12119    -0.00119
    -0.00110    -0.00078     1.00000
           0           4           7           5
    15.42373     1.89001     9.68764
    -0.12119     0.99263     0.00064
    -0.99263    -0.12119    -0.00119
    -0.00110    -0.00078     1.00000
           0           4           7           6
    15.41671     1.88502    16.06304
    -0.12119     0.99263     0.00064
    -0.99263    -0.12119    -0.00119
    -0.00110    -0.00078     1.00000
           0           4           8           1
    15.75969     5.56934   -15.81073
    -0.33220     0.94321     0.00037
    -0.94321    -0.33220    -0.00130
    -0.00110    -0.00078     1.00000
           0           4           8           2
    15.75267     5.56435    -9.43534
    -0.33220     0.94321     0.00037
    -0.94321    -0.33220    -0.00130
    -0.00110    -0.00078     1.00000
           0           4           8           3
    15.74566     5.55936    -3.05994
    -0.33220     0.94321     0.00037
    -0.94321    -0.33220    -0.00130
    -0.00110    -0.00078     1.00000
           0           4           8           4
    15.73865     5.55437     3.31545
    -0.33220     0.94321     0.00037
    -0.94321    -0.33220    -0.00130
    -0.00110    -0.00078     1.00000
           0           4           8           5
    15.73164     5.54939     9.69085
    -0.33220     0.94321     0.00037
    -0.94321    -0.33220    -0.00130
    -0.00110    -0.00078     1.00000
           0           4           8           6
    15.72462     5.54440    16.06624
    -0.33220     0.94321     0.00037
    -0.94321    -0.33220    -0.00130
    -0.00110    -0.00078     1.00000
           0           4           9           1
    15.30615     9.20098   -15.80839
    -0.51465     0.85740     0.00010
    -0.85740    -0.51465    -0.00135
    -0.00110    -0.00078     1.00000
           0           4           9           2
    15.29914     9.19599    -9.43299
    -0.51465     0.85740     0.00010
    -0.85740    -0.51465    -0.00135
    -0.00110    -0.00078     1.00000
           0           4           9           3
    15.29213     9.19100    -3.05760
    -0.51465     0.85740     0.00010
    -0.85740    -0.51465    -0.00135
    -0.00110    -0.00078     1.00000
           0           4           9           4
    15.28512     9.18602     3.31779
    -0.51465     0.85740     0.00010
    -0.85740    -0.51465    -0.00135
    -0.00110    -0.00078     1.00000
           0           4           9           5
    15.27810     9.18103     9.69319
    -0.51465     0.85740     0.00010
    -0.85740    -0.51465    -0.00135
    -0.00110    -0.00078     1.00000
           0           4           9           6
    15.27109     9.17604    16.06858
    -0.51465     0.85740     0.00010
    -0.85740    -0.51465    -0.00135
    -0.00110    -0.00078     1.00000
           0           4          10           1
    11.38797    10.63043   -15.81158
    -0.68213     0.73123    -0.00018
    -0.73123    -0.68213    -0.00134
    -0.00110    -0.00078     1.00000
           0           4          10           2
    11.38095    10.62544    -9.43619
    -0.68213     0.73123    -0.00018
    -0.73123    -0.68213    -0.00134
    -0.00110    -0.00078     1.00000
           0           4          10           3
    11.37394    10.62045    -3.06079
    -0.68213     0.73123    -0.00018
    -0.73123    -0.68213    -0.00134
    -0.00110    -0.00078     1.00000
           0           4          10           4
    11.36693    10.61546     3.31460
    -0.68213     0.73123    -0.00018
    -0.73123    -0.68213    -0.00134
    -0.00110    -0.00078     1.00000
           0           4          10           5
    11.35992    10.61047     9.69000
    -0.68213     0.73123    -0.00018
    -0.73123    -0.68213    -0.00134
    -0.00110    -0.00078     1.00000
           0           4          10           6
    11.35290    10.60549    16.06539
    -0.68213     0.73123    -0.00018
    -0.73123    -0.68213    -0.00134
    -0.00110    -0.00078     1.00000
           0           4          11           1
     9.48341    13.77025   -15.81122
    -0.82366     0.56708    -0.00046
    -0.56708    -0.82366    -0.00127
    -0.00110    -0.00078     1.00000
           0           4          11           2
     9.47640    13.76526    -9.43582
    -0.82366     0.56708    -0.00046
    -0.56708    -0.82366    -0.00127
    -0.00110    -0.00078     1.00000
           0           4          11           3
     9.46939    13.76027    -3.06043
    -0.82366     0.56708    -0.00046
    -0.56708    -0.82366    -0.00127
    -0.00110    -0.00078     1.00000
           0           4          11           4
     9.46237    13.75528     3.31496
    -0.82366     0.56708    -0.00046
    -0.56708    -0.82366    -0.00127
    -0.00110    -0.00078     1.00000
           0           4          11           5
     9.45536    13.75029     9.69036
    -0.82366     0.56708    -0.00046
    -0.56708    -0.82366    -0.00127
    -0.00110    -0.00078     1.00000
           0           4          11           6
     9.44835    13.74531    16.06575
    -0.82366     0.56708    -0.00046
    -0.56708    -0.82366    -0.00127
    -0.00110    -0.00078     1.00000
           0           4          12           1
     6.97955    16.43956   -15.81188
    -0.92067     0.39035    -0.00071
    -0.39035    -0.92067    -0.00115
    -0.00110    -0.00078     1.00000
           0           4          12           2
     6.97253    16.43457    -9.43649
    -0.92067     0.39035    -0.00071
    -0.39035    -0.92067    -0.00115
    -0.00110    -0.00078     1.00000
           0           4          12           3
     6.96552    16.42958    -3.06109
    -0.92067     0.39035    -0.00071
    -0.39035    -0.92067    -0.00115
    -0.00110    -0.00078     1.00000
           0           4          12           4
     6.95851    16.42459     3.31430
    -0.92067     0.39035    -0.00071
    -0.39035    -0.92067    -0.00115
    -0.00110    -0.00078     1.00000
           0           4          12           5
     6.95150    16.41961     9.68969
    -0.92067     0.39035    -0.00071
    -0.39035    -0.92067    -0.00115
    -0.00110    -0.00078     1.00000
           0           4          12           6
     6.94448    16.41462    16.06509
    -0.92067     0.39035    -0.00071
    -0.39035    -0.92067    -0.00115
    -0.00110    -0.00078     1.00000
           0           4          13           1
    -6.98650    16.40350    15.90450
     0.92051     0.39072    -0.00012
     0.39072    -0.92051    -0.00088
    -0.00045     0.00076    -1.00000
           0           4          13           2
    -6.98937    16.40836     9.52909
     0.92051     0.39072    -0.00012
     0.39072    -0.92051    -0.00088
    -0.00045     0.00076    -1.00000
           0           4          13           3
    -6.99223    16.41322     3.15371
     0.92051     0.39072    -0.00012
     0.39072    -0.92051    -0.00088
    -0.00045     0.00076    -1.00000
           0           4          13           4
    -6.99510    16.41807    -3.22169
     0.92051     0.39072    -0.00012
     0.39072    -0.92051    -0.00088
    -0.00045     0.00076    -1.00000
           0           4          13           5
    -6.99797    16.42293    -9.59709
     0.92051     0.39072    -0.00012
     0.39072    -0.92051    -0.00088
    -0.00045     0.00076    -1.00000
           0           4          13           6
    -7.00084    16.42779   -15.97249
     0.92051     0.39072    -0.00012
     0.39072    -0.92051    -0.00088
    -0.00045     0.00076    -1.00000
           0           4          14           1
    -9.48923    13.73324    15.90359
     0.82343     0.56742     0.00006
     0.56742    -0.82343    -0.00088
    -0.00045     0.00076    -1.00000
           0           4          14           2
    -9.49210    13.73810     9.52818
     0.82343     0.56742     0.00006
     0.56742    -0.82343    -0.00088
    -0.00045     0.00076    -1.00000
           0           4          14           3
    -9.49497    13.74296     3.15280
     0.82343     0.56742     0.00006
     0.56742    -0.82343    -0.00088
    -0.00045     0.00076    -1.00000
           0           4          14           4
    -9.49784    13.74782    -3.22260
     0.82343     0.56742     0.00006
     0.56742    -0.82343    -0.00088
    -0.00045     0.00076    -1.00000
           0           4          14           5
    -9.50071    13.75268    -9.59800
     0.82343     0.56742     0.00006
     0.56742    -0.82343    -0.00088
    -0.00045     0.00076    -1.00000
           0           4          14           6
    -9.50358    13.75754   -15.97340
     0.82343     0.56742     0.00006
     0.56742    -0.82343    -0.00088
    -0.00045     0.00076    -1.00000
           0           4          15           1
   -11.39250    10.59273    15.90206
     0.68185     0.73149     0.00025
     0.73149    -0.68185    -0.00085
    -0.00045     0.00076    -1.00000
           0           4          15           2
   -11.39537    10.59759     9.52665
     0.68185     0.73149     0.00025
     0.73149    -0.68185    -0.00085
    -0.00045     0.00076    -1.00000
           0           4          15           3
   -11.39824    10.60245     3.15126
     0.68185     0.73149     0.00025
     0.73149    -0.68185    -0.00085
    -0.00045     0.00076    -1.00000
           0           4          15           4
   -11.40112    10.60731    -3.22414
     0.68185     0.73149     0.00025
     0.73149    -0.68185    -0.00085
    -0.00045     0.00076    -1.00000
           0           4          15           5
   -11.40399    10.61217    -9.59953
     0.68185     0.73149     0.00025
     0.73149    -0.68185    -0.00085
    -0.00045     0.00076    -1.00000
           0           4          15           6
   -11.40686    10.61703   -15.97493
     0.68185     0.73149     0.00025
     0.73149    -0.68185    -0.00085
    -0.00045     0.00076    -1.00000
           0           4          16           1
   -15.31023     9.16163    15.90273
     0.51431     0.85761     0.00042
     0.85761    -0.51431    -0.00078
    -0.00045     0.00076    -1.00000
           0           4          16           2
   -15.31310     9.16649     9.52732
     0.51431     0.85761     0.00042
     0.85761    -0.51431    -0.00078
    -0.00045     0.00076    -1.00000
           0           4          16           3
   -15.31596     9.17135     3.15193
     0.51431     0.85761     0.00042
     0.85761    -0.51431    -0.00078
    -0.00045     0.00076    -1.00000
           0           4          16           4
   -15.31883     9.17621    -3.22347
     0.51431     0.85761     0.00042
     0.85761    -0.51431    -0.00078
    -0.00045     0.00076    -1.00000
           0           4          16           5
   -15.32171     9.18106    -9.59886
     0.51431     0.85761     0.00042
     0.85761    -0.51431    -0.00078
    -0.00045     0.00076    -1.00000
           0           4          16           6
   -15.32458     9.18592   -15.97426
     0.51431     0.85761     0.00042
     0.85761    -0.51431    -0.00078
    -0.00045     0.00076    -1.00000
           0           4          17           1
   -15.76230     5.52988    15.90016
     0.33184     0.94334     0.00057
     0.94334    -0.33184    -0.00068
    -0.00045     0.00076    -1.00000
           0           4          17           2
   -15.76517     5.53474     9.52476
     0.33184     0.94334     0.00057
     0.94334    -0.33184    -0.00068
    -0.00045     0.00076    -1.00000
           0           4          17           3
   -15.76803     5.53960     3.14937
     0.33184     0.94334     0.00057
     0.94334    -0.33184    -0.00068
    -0.00045     0.00076    -1.00000
           0           4          17           4
   -15.77090     5.54445    -3.22603
     0.33184     0.94334     0.00057
     0.94334    -0.33184    -0.00068
    -0.00045     0.00076    -1.00000
           0           4          17           5
   -15.77377     5.54931    -9.60143
     0.33184     0.94334     0.00057
     0.94334    -0.33184    -0.00068
    -0.00045     0.00076    -1.00000
           0           4          17           6
   -15.77664     5.55417   -15.97682
     0.33184     0.94334     0.00057
     0.94334    -0.33184    -0.00068
    -0.00045     0.00076    -1.00000
           0           4          18           1
   -15.45294     1.87071    15.89723
     0.12081     0.99268     0.00070
     0.99268    -0.12081    -0.00054
    -0.00045     0.00076    -1.00000
           0           4          18           2
   -15.45581     1.87556     9.52183
     0.12081     0.99268     0.00070
     0.99268    -0.12081    -0.00054
    -0.00045     0.00076    -1.00000
           0           4          18           3
   -15.45868     1.88042     3.14644
     0.12081     0.99268     0.00070
     0.99268    -0.12081    -0.00054
    -0.00045     0.00076    -1.00000
           0           4          18           4
   -15.46154     1.88528    -3.22896
     0.12081     0.99268     0.00070
     0.99268    -0.12081    -0.00054
    -0.00045     0.00076    -1.00000
           0           4          18           5
   -15.46441     1.89014    -9.60435
     0.12081     0.99268     0.00070
     0.99268    -0.12081    -0.00054
    -0.00045     0.00076    -1.00000
           0           4          18           6
   -15.46728     1.89500   -15.97975
     0.12081     0.99268     0.00070
     0.99268    -0.12081    -0.00054
    -0.00045     0.00076    -1.00000
           0           4          19           1
   -17.77825    -1.59189    15.89564
    -0.08888     0.99604     0.00080
     0.99604     0.08888    -0.00038
    -0.00045     0.00076    -1.00000
           0           4          19           2
   -17.78111    -1.58703     9.52024
    -0.08888     0.99604     0.00080
     0.99604     0.08888    -0.00038
    -0.00045     0.00076    -1.00000
           0           4          19           3
   -17.78398    -1.58217     3.14485
    -0.08888     0.99604     0.00080
     0.99604     0.08888    -0.00038
    -0.00045     0.00076    -1.00000
           0           4          19           4
   -17.78685    -1.57732    -3.23055
    -0.08888     0.99604     0.00080
     0.99604     0.08888    -0.00038
    -0.00045     0.00076    -1.00000
           0           4          19           5
   -17.78972    -1.57246    -9.60595
    -0.08888     0.99604     0.00080
     0.99604     0.08888    -0.00038
    -0.00045     0.00076    -1.00000
           0           4          19           6
   -17.79259    -1.56760   -15.98135
    -0.08888     0.99604     0.00080
     0.99604     0.08888    -0.00038
    -0.00045     0.00076    -1.00000
           0           4          20           1
   -16.00648    -4.79421    15.89240
    -0.28687     0.95797     0.00086
     0.95797     0.28687    -0.00021
    -0.00045     0.00076    -1.00000
           0           4          20           2
   -16.00935    -4.78935     9.51700
    -0.28687     0.95797     0.00086
     0.95797     0.28687    -0.00021
    -0.00045     0.00076    -1.00000
           0           4          20           3
   -16.01222    -4.78449     3.14161
    -0.28687     0.95797     0.00086
     0.95797     0.28687    -0.00021
    -0.00045     0.00076    -1.00000
           0           4          20           4
   -16.01509    -4.77963    -3.23379
    -0.28687     0.95797     0.00086
     0.95797     0.28687    -0.00021
    -0.00045     0.00076    -1.00000
           0           4          20           5
   -16.01796    -4.77478    -9.60919
    -0.28687     0.95797     0.00086
     0.95797     0.28687    -0.00021
    -0.00045     0.00076    -1.00000
           0           4          20           6
   -16.02082    -4.76992   -15.98458
    -0.28687     0.95797     0.00086
     0.95797     0.28687    -0.00021
    -0.00045     0.00076    -1.00000
           0           4          21           1
   -13.60298    -7.57061    15.88921
    -0.48651     0.87368     0.00088
     0.87368     0.48651    -0.00002
    -0.00045     0.00076    -1.00000
           0           4          21           2
   -13.60585    -7.56575     9.51380
    -0.48651     0.87368     0.00088
     0.87368     0.48651    -0.00002
    -0.00045     0.00076    -1.00000
           0           4          21           3
   -13.60872    -7.56089     3.13841
    -0.48651     0.87368     0.00088
     0.87368     0.48651    -0.00002
    -0.00045     0.00076    -1.00000
           0           4          21           4
   -13.61159    -7.55604    -3.23699
    -0.48651     0.87368     0.00088
     0.87368     0.48651    -0.00002
    -0.00045     0.00076    -1.00000
           0           4          21           5
   -13.61446    -7.55118    -9.61238
    -0.48651     0.87368     0.00088
     0.87368     0.48651    -0.00002
    -0.00045     0.00076    -1.00000
           0           4          21           6
   -13.61733    -7.54632   -15.98778
    -0.48651     0.87368     0.00088
     0.87368     0.48651    -0.00002
    -0.00045     0.00076    -1.00000
           0           4          22           1
   -13.44527   -11.73855    15.88596
    -0.65803     0.75299     0.00087
     0.75300     0.65803     0.00016
    -0.00045     0.00076    -1.00000
           0           4          22           2
   -13.44814   -11.73369     9.51055
    -0.65803     0.75299     0.00087
     0.75300     0.65803     0.00016
    -0.00045     0.00076    -1.00000
           0           4          22           3
   -13.45102   -11.72883     3.13516
    -0.65803     0.75299     0.00087
     0.75300     0.65803     0.00016
    -0.00045     0.00076    -1.00000
           0           4          22           4
   -13.45388   -11.72398    -3.24023
    -0.65803     0.75299     0.00087
     0.75300     0.65803     0.00016
    -0.00045     0.00076    -1.00000
           0           4          22           5
   -13.45675   -11.71912    -9.61563
    -0.65803     0.75299     0.00087
     0.75300     0.65803     0.00016
    -0.00045     0.00076    -1.00000
           0           4          22           6
   -13.45962   -11.71426   -15.99103
    -0.65803     0.75299     0.00087
     0.75300     0.65803     0.00016
    -0.00045     0.00076    -1.00000
           0           4          23           1
   -10.12826   -13.28499    15.88329
    -0.79568     0.60571     0.00082
     0.60571     0.79568     0.00033
    -0.00045     0.00076    -1.00000
           0           4          23           2
   -10.13113   -13.28013     9.50788
    -0.79568     0.60571     0.00082
     0.60571     0.79568     0.00033
    -0.00045     0.00076    -1.00000
           0           4          23           3
   -10.13400   -13.27527     3.13249
    -0.79568     0.60571     0.00082
     0.60571     0.79568     0.00033
    -0.00045     0.00076    -1.00000
           0           4          23           4
   -10.13687   -13.27041    -3.24290
    -0.79568     0.60571     0.00082
     0.60571     0.79568     0.00033
    -0.00045     0.00076    -1.00000
           0           4          23           5
   -10.13974   -13.26555    -9.61830
    -0.79568     0.60571     0.00082
     0.60571     0.79568     0.00033
    -0.00045     0.00076    -1.00000
           0           4          23           6
   -10.14261   -13.26069   -15.99370
    -0.79568     0.60571     0.00082
     0.60571     0.79568     0.00033
    -0.00045     0.00076    -1.00000
           0           4          24           1
    -6.55114   -14.11526    15.88105
    -0.90749     0.42006     0.00073
     0.42006     0.90749     0.00050
    -0.00045     0.00076    -1.00000
           0           4          24           2
    -6.55401   -14.11040     9.50564
    -0.90749     0.42006     0.00073
     0.42006     0.90749     0.00050
    -0.00045     0.00076    -1.00000
           0           4          24           3
    -6.55687   -14.10554     3.13025
    -0.90749     0.42006     0.00073
     0.42006     0.90749     0.00050
    -0.00045     0.00076    -1.00000
           0           4          24           4
    -6.55974   -14.10068    -3.24515
    -0.90749     0.42006     0.00073
     0.42006     0.90749     0.00050
    -0.00045     0.00076    -1.00000
           0           4          24           5
    -6.56261   -14.09582    -9.62054
    -0.90749     0.42006     0.00073
     0.42006     0.90749     0.00050
    -0.00045     0.00076    -1.00000
           0           4          24           6
    -6.56548   -14.09096   -15.99594
    -0.90749     0.42006     0.00073
     0.42006     0.90749     0.00050
    -0.00045     0.00076    -1.00000
