 SVX cage parameters:
     2.20000
     0.50000     0.20000
     0.00000
           6
   -40.00000   -26.50000   -26.50000    26.50000    26.50000    40.00000
    53.00000    53.00000    22.00000    22.00000    53.00000    53.00000
     0.00000     0.00000     0.00000
 SVX barrel parameters:
           4
     2.63000     5.13000    11.76500    16.68700     1.21400
     0.00000     0.00000     0.00000     0.00000
           4           4           5           6
     0.69600     0.69600     1.74500     1.74500
     0.01000     0.01000     0.03125     0.03125
     2.83600     2.83600     3.18770     3.18770
     0.01900     0.01900     0.00000     0.00000
     0.02000     0.02000     0.00000     0.00000
    26.70000    13.60000    17.00000    12.00000
   -13.00000   -13.02000     0.00000     0.00000
           2
           5           5
     0.00000   180.00000
           2
          10          10
     0.00000   180.00000
           2
           8           8
     0.00000   180.00000
           2
          12          12
     0.00000   180.00000
 SVX barrel sensor rotation matrices and translation vectors:
           0           1           1           1
     1.63133    -2.06292     8.53800
     0.62377     0.78161    -0.00000
    -0.78161     0.62377    -0.00000
    -0.00000     0.00000     1.00000
           0           1           1           2
     1.63133    -2.06292     2.84600
     0.62377     0.78161    -0.00000
    -0.78161     0.62377    -0.00000
    -0.00000     0.00000     1.00000
           0           1           1           3
     1.63133    -2.06292    -2.84600
     0.62377     0.78161    -0.00000
    -0.78161     0.62377    -0.00000
    -0.00000     0.00000     1.00000
           0           1           1           4
     1.63133    -2.06292    -8.53800
     0.62377     0.78161    -0.00000
    -0.78161     0.62377    -0.00000
    -0.00000     0.00000     1.00000
           0           1           2           1
     2.35310    -1.17466     8.53777
     0.23270     0.97255    -0.00000
    -0.97255     0.23270    -0.00000
     0.00000     0.00000     1.00000
           0           1           2           2
     2.35310    -1.17466     2.84577
     0.23270     0.97255    -0.00000
    -0.97255     0.23270    -0.00000
     0.00000     0.00000     1.00000
           0           1           2           3
     2.35310    -1.17466    -2.84623
     0.23270     0.97255    -0.00000
    -0.97255     0.23270    -0.00000
     0.00000     0.00000     1.00000
           0           1           2           4
     2.35310    -1.17466    -8.53823
     0.23270     0.97255    -0.00000
    -0.97255     0.23270    -0.00000
     0.00000     0.00000     1.00000
           0           1           3           1
     2.62999    -0.00927     8.54006
    -0.22275     0.97488     0.00000
    -0.97488    -0.22275     0.00000
     0.00000     0.00000     1.00000
           0           1           3           2
     2.62999    -0.00927     2.84806
    -0.22275     0.97488     0.00000
    -0.97488    -0.22275     0.00000
     0.00000     0.00000     1.00000
           0           1           3           3
     2.62999    -0.00927    -2.84394
    -0.22275     0.97488     0.00000
    -0.97488    -0.22275     0.00000
     0.00000     0.00000     1.00000
           0           1           3           4
     2.62999    -0.00927    -8.53594
    -0.22275     0.97488     0.00000
    -0.97488    -0.22275     0.00000
     0.00000     0.00000     1.00000
           0           1           4           1
     2.35688     1.16706     8.53982
    -0.63494     0.77257     0.00000
    -0.77257    -0.63494     0.00000
     0.00000     0.00000     1.00000
           0           1           4           2
     2.35688     1.16706     2.84782
    -0.63494     0.77257     0.00000
    -0.77257    -0.63494     0.00000
     0.00000     0.00000     1.00000
           0           1           4           3
     2.35688     1.16706    -2.84418
    -0.63494     0.77257     0.00000
    -0.77257    -0.63494     0.00000
     0.00000     0.00000     1.00000
           0           1           4           4
     2.35688     1.16706    -8.53618
    -0.63494     0.77257     0.00000
    -0.77257    -0.63494     0.00000
     0.00000     0.00000     1.00000
           0           1           5           1
     1.58960     2.09526     8.53637
    -0.91273     0.40856     0.00000
    -0.40856    -0.91273     0.00000
     0.00000     0.00000     1.00000
           0           1           5           2
     1.58960     2.09526     2.84436
    -0.91273     0.40856     0.00000
    -0.40856    -0.91273     0.00000
     0.00000     0.00000     1.00000
           0           1           5           3
     1.58960     2.09526    -2.84764
    -0.91273     0.40856     0.00000
    -0.40856    -0.91273     0.00000
     0.00000     0.00000     1.00000
           0           1           5           4
     1.58960     2.09526    -8.53964
    -0.91273     0.40856     0.00000
    -0.40856    -0.91273     0.00000
     0.00000     0.00000     1.00000
           0           1           6           1
    -1.55392     2.12185    -8.54222
     0.91952     0.39305     0.00000
     0.39305    -0.91952     0.00000
     0.00000    -0.00000    -1.00000
           0           1           6           2
    -1.55392     2.12185    -2.85022
     0.91952     0.39305     0.00000
     0.39305    -0.91952     0.00000
     0.00000    -0.00000    -1.00000
           0           1           6           3
    -1.55392     2.12185     2.84178
     0.91952     0.39305     0.00000
     0.39305    -0.91952     0.00000
     0.00000    -0.00000    -1.00000
           0           1           6           4
    -1.55392     2.12185     8.53378
     0.91952     0.39305     0.00000
     0.39305    -0.91952     0.00000
     0.00000    -0.00000    -1.00000
           0           1           7           1
    -2.33693     1.20652    -8.53879
     0.64784     0.76178    -0.00000
     0.76178    -0.64784    -0.00000
    -0.00000     0.00000    -1.00000
           0           1           7           2
    -2.33693     1.20652    -2.84679
     0.64784     0.76178    -0.00000
     0.76178    -0.64784    -0.00000
    -0.00000     0.00000    -1.00000
           0           1           7           3
    -2.33693     1.20652     2.84521
     0.64784     0.76178    -0.00000
     0.76178    -0.64784    -0.00000
    -0.00000     0.00000    -1.00000
           0           1           7           4
    -2.33693     1.20652     8.53721
     0.64784     0.76178    -0.00000
     0.76178    -0.64784    -0.00000
    -0.00000     0.00000    -1.00000
           0           1           8           1
    -2.62995     0.01842    -8.54144
     0.23299     0.97248    -0.00000
     0.97248    -0.23299    -0.00000
    -0.00000     0.00000    -1.00000
           0           1           8           2
    -2.62994     0.01842    -2.84944
     0.23299     0.97248    -0.00000
     0.97248    -0.23299    -0.00000
    -0.00000     0.00000    -1.00000
           0           1           8           3
    -2.62994     0.01842     2.84256
     0.23299     0.97248    -0.00000
     0.97248    -0.23299    -0.00000
    -0.00000     0.00000    -1.00000
           0           1           8           4
    -2.62994     0.01842     8.53456
     0.23299     0.97248    -0.00000
     0.97248    -0.23299    -0.00000
    -0.00000     0.00000    -1.00000
           0           1           9           1
    -2.35063    -1.17959    -8.53960
    -0.23474     0.97206    -0.00000
     0.97206     0.23474    -0.00000
    -0.00000    -0.00000    -1.00000
           0           1           9           2
    -2.35063    -1.17959    -2.84760
    -0.23474     0.97206    -0.00000
     0.97206     0.23474    -0.00000
    -0.00000    -0.00000    -1.00000
           0           1           9           3
    -2.35063    -1.17959     2.84440
    -0.23474     0.97206    -0.00000
     0.97206     0.23474    -0.00000
    -0.00000    -0.00000    -1.00000
           0           1           9           4
    -2.35063    -1.17959     8.53640
    -0.23474     0.97206    -0.00000
     0.97206     0.23474    -0.00000
    -0.00000    -0.00000    -1.00000
           0           1          10           1
    -1.54369    -2.12930    -8.54079
    -0.65588     0.75486    -0.00000
     0.75486     0.65588    -0.00000
    -0.00000    -0.00000    -1.00000
           0           1          10           2
    -1.54369    -2.12930    -2.84879
    -0.65588     0.75486    -0.00000
     0.75486     0.65588    -0.00000
    -0.00000    -0.00000    -1.00000
           0           1          10           3
    -1.54369    -2.12930     2.84321
    -0.65588     0.75486    -0.00000
     0.75486     0.65588    -0.00000
    -0.00000    -0.00000    -1.00000
           0           1          10           4
    -1.54369    -2.12930     8.53521
    -0.65588     0.75486    -0.00000
     0.75486     0.65588    -0.00000
    -0.00000    -0.00000    -1.00000
           0           2           1           1
     2.46732    -4.49769     8.53692
     0.74542     0.66659    -0.00000
    -0.66659     0.74542    -0.00000
     0.00000     0.00000     1.00000
           0           2           1           2
     2.46732    -4.49769     2.84492
     0.74542     0.66659    -0.00000
    -0.66659     0.74542    -0.00000
     0.00000     0.00000     1.00000
           0           2           1           3
     2.46732    -4.49769    -2.84708
     0.74542     0.66659    -0.00000
    -0.66659     0.74542    -0.00000
     0.00000     0.00000     1.00000
           0           2           1           4
     2.46732    -4.49769    -8.53908
     0.74542     0.66659    -0.00000
    -0.66659     0.74542    -0.00000
     0.00000     0.00000     1.00000
           0           2           2           1
     3.44712    -3.79925     8.53524
     0.56964     0.82189    -0.00000
    -0.82189     0.56964    -0.00000
    -0.00000     0.00000     1.00000
           0           2           2           2
     3.44712    -3.79925     2.84325
     0.56964     0.82189    -0.00000
    -0.82189     0.56964    -0.00000
    -0.00000     0.00000     1.00000
           0           2           2           3
     3.44712    -3.79925    -2.84875
     0.56964     0.82189    -0.00000
    -0.82189     0.56964    -0.00000
    -0.00000     0.00000     1.00000
           0           2           2           4
     3.44712    -3.79925    -8.54076
     0.56964     0.82189    -0.00000
    -0.82189     0.56964    -0.00000
    -0.00000     0.00000     1.00000
           0           2           3           1
     4.23529    -2.89470     8.53686
     0.36316     0.93173    -0.00000
    -0.93173     0.36316    -0.00000
     0.00000     0.00000     1.00000
           0           2           3           2
     4.23529    -2.89470     2.84486
     0.36316     0.93173    -0.00000
    -0.93173     0.36316    -0.00000
     0.00000     0.00000     1.00000
           0           2           3           3
     4.23529    -2.89470    -2.84714
     0.36316     0.93173    -0.00000
    -0.93173     0.36316    -0.00000
     0.00000     0.00000     1.00000
           0           2           3           4
     4.23529    -2.89470    -8.53914
     0.36316     0.93173    -0.00000
    -0.93173     0.36316    -0.00000
     0.00000     0.00000     1.00000
           0           2           4           1
     4.80425    -1.79894     8.54087
     0.13003     0.99151    -0.00000
    -0.99151     0.13003    -0.00000
     0.00000     0.00000     1.00000
           0           2           4           2
     4.80425    -1.79894     2.84887
     0.13003     0.99151    -0.00000
    -0.99151     0.13003    -0.00000
     0.00000     0.00000     1.00000
           0           2           4           3
     4.80425    -1.79894    -2.84313
     0.13003     0.99151    -0.00000
    -0.99151     0.13003    -0.00000
     0.00000     0.00000     1.00000
           0           2           4           4
     4.80425    -1.79894    -8.53513
     0.13003     0.99151    -0.00000
    -0.99151     0.13003    -0.00000
     0.00000     0.00000     1.00000
           0           2           5           1
     5.09215    -0.62195     8.54275
    -0.10615     0.99435     0.00000
    -0.99435    -0.10615     0.00000
     0.00000     0.00000     1.00000
           0           2           5           2
     5.09215    -0.62195     2.85075
    -0.10615     0.99435     0.00000
    -0.99435    -0.10615     0.00000
     0.00000     0.00000     1.00000
           0           2           5           3
     5.09215    -0.62195    -2.84125
    -0.10615     0.99435     0.00000
    -0.99435    -0.10615     0.00000
     0.00000     0.00000     1.00000
           0           2           5           4
     5.09215    -0.62195    -8.53325
    -0.10615     0.99435     0.00000
    -0.99435    -0.10615     0.00000
     0.00000     0.00000     1.00000
           0           2           6           1
     5.09584     0.59100     8.54204
    -0.33664     0.94163     0.00000
    -0.94163    -0.33664     0.00000
     0.00000     0.00000     1.00000
           0           2           6           2
     5.09584     0.59100     2.85004
    -0.33664     0.94163     0.00000
    -0.94163    -0.33664     0.00000
     0.00000     0.00000     1.00000
           0           2           6           3
     5.09584     0.59100    -2.84196
    -0.33664     0.94163     0.00000
    -0.94163    -0.33664     0.00000
     0.00000     0.00000     1.00000
           0           2           6           4
     5.09584     0.59100    -8.53396
    -0.33664     0.94163     0.00000
    -0.94163    -0.33664     0.00000
     0.00000     0.00000     1.00000
           0           2           7           1
     4.81304     1.77527     8.54271
    -0.54907     0.83578     0.00000
    -0.83578    -0.54907     0.00000
     0.00000     0.00000     1.00000
           0           2           7           2
     4.81304     1.77527     2.85071
    -0.54907     0.83578     0.00000
    -0.83578    -0.54907     0.00000
     0.00000     0.00000     1.00000
           0           2           7           3
     4.81304     1.77527    -2.84129
    -0.54907     0.83578     0.00000
    -0.83578    -0.54907     0.00000
     0.00000     0.00000     1.00000
           0           2           7           4
     4.81304     1.77527    -8.53329
    -0.54907     0.83578     0.00000
    -0.83578    -0.54907     0.00000
     0.00000     0.00000     1.00000
           0           2           8           1
     4.24814     2.87579     8.54041
    -0.73318     0.68003     0.00000
    -0.68003    -0.73318     0.00000
     0.00000     0.00000     1.00000
           0           2           8           2
     4.24814     2.87579     2.84841
    -0.73318     0.68003     0.00000
    -0.68003    -0.73318     0.00000
     0.00000     0.00000     1.00000
           0           2           8           3
     4.24814     2.87579    -2.84359
    -0.73318     0.68003     0.00000
    -0.68003    -0.73318     0.00000
     0.00000     0.00000     1.00000
           0           2           8           4
     4.24814     2.87579    -8.53559
    -0.73318     0.68003     0.00000
    -0.68003    -0.73318     0.00000
     0.00000     0.00000     1.00000
           0           2           9           1
     3.44752     3.79889     8.53747
    -0.87320     0.48736     0.00000
    -0.48736    -0.87320     0.00000
     0.00000     0.00000     1.00000
           0           2           9           2
     3.44752     3.79889     2.84547
    -0.87320     0.48736     0.00000
    -0.48736    -0.87320     0.00000
     0.00000     0.00000     1.00000
           0           2           9           3
     3.44752     3.79889    -2.84653
    -0.87320     0.48736     0.00000
    -0.48736    -0.87320     0.00000
     0.00000     0.00000     1.00000
           0           2           9           4
     3.44752     3.79889    -8.53853
    -0.87320     0.48736     0.00000
    -0.48736    -0.87320     0.00000
     0.00000     0.00000     1.00000
           0           2          10           1
     2.42313     4.52166     8.53350
    -0.96534     0.26100     0.00000
    -0.26100    -0.96534     0.00000
     0.00000     0.00000     1.00000
           0           2          10           2
     2.42313     4.52166     2.84150
    -0.96534     0.26100     0.00000
    -0.26100    -0.96534     0.00000
     0.00000     0.00000     1.00000
           0           2          10           3
     2.42313     4.52166    -2.85050
    -0.96534     0.26100     0.00000
    -0.26100    -0.96534     0.00000
     0.00000     0.00000     1.00000
           0           2          10           4
     2.42313     4.52166    -8.54250
    -0.96534     0.26100     0.00000
    -0.26100    -0.96534     0.00000
     0.00000     0.00000     1.00000
           0           2          11           1
    -2.48936     4.48554    -8.54186
     0.96140     0.27516     0.00000
     0.27516    -0.96140     0.00000
     0.00000    -0.00000    -1.00000
           0           2          11           2
    -2.48936     4.48554    -2.84986
     0.96140     0.27516     0.00000
     0.27516    -0.96140     0.00000
     0.00000    -0.00000    -1.00000
           0           2          11           3
    -2.48936     4.48554     2.84214
     0.96140     0.27516     0.00000
     0.27516    -0.96140     0.00000
     0.00000    -0.00000    -1.00000
           0           2          11           4
    -2.48936     4.48554     8.53414
     0.96140     0.27516     0.00000
     0.27516    -0.96140     0.00000
     0.00000    -0.00000    -1.00000
           0           2          12           1
    -3.45918     3.78827    -8.53800
     0.87170     0.49004     0.00000
     0.49004    -0.87170     0.00000
     0.00000    -0.00000    -1.00000
           0           2          12           2
    -3.45918     3.78827    -2.84600
     0.87170     0.49004     0.00000
     0.49004    -0.87170     0.00000
     0.00000    -0.00000    -1.00000
           0           2          12           3
    -3.45918     3.78827     2.84600
     0.87170     0.49004     0.00000
     0.49004    -0.87170     0.00000
     0.00000    -0.00000    -1.00000
           0           2          12           4
    -3.45918     3.78827     8.53800
     0.87170     0.49004     0.00000
     0.49004    -0.87170     0.00000
     0.00000    -0.00000    -1.00000
           0           2          13           1
    -4.26285     2.85394    -8.53988
     0.72968     0.68379     0.00000
     0.68379    -0.72968     0.00000
     0.00000    -0.00000    -1.00000
           0           2          13           2
    -4.26285     2.85394    -2.84788
     0.72968     0.68379     0.00000
     0.68379    -0.72968     0.00000
     0.00000    -0.00000    -1.00000
           0           2          13           3
    -4.26285     2.85394     2.84412
     0.72968     0.68379     0.00000
     0.68379    -0.72968     0.00000
     0.00000    -0.00000    -1.00000
           0           2          13           4
    -4.26285     2.85394     8.53612
     0.72968     0.68379     0.00000
     0.68379    -0.72968     0.00000
     0.00000    -0.00000    -1.00000
           0           2          14           1
    -4.80560     1.79533    -8.53492
     0.55255     0.83348    -0.00000
     0.83348    -0.55255    -0.00000
    -0.00000     0.00000    -1.00000
           0           2          14           2
    -4.80560     1.79533    -2.84292
     0.55255     0.83348    -0.00000
     0.83348    -0.55255    -0.00000
    -0.00000     0.00000    -1.00000
           0           2          14           3
    -4.80560     1.79533     2.84908
     0.55255     0.83348    -0.00000
     0.83348    -0.55255    -0.00000
    -0.00000     0.00000    -1.00000
           0           2          14           4
    -4.80560     1.79533     8.54108
     0.55255     0.83348    -0.00000
     0.83348    -0.55255    -0.00000
    -0.00000     0.00000    -1.00000
           0           2          15           1
    -5.09351     0.61077    -8.53764
     0.34029     0.94032    -0.00000
     0.94032    -0.34029    -0.00000
    -0.00000     0.00000    -1.00000
           0           2          15           2
    -5.09351     0.61077    -2.84564
     0.34029     0.94032    -0.00000
     0.94032    -0.34029    -0.00000
    -0.00000     0.00000    -1.00000
           0           2          15           3
    -5.09351     0.61077     2.84636
     0.34029     0.94032    -0.00000
     0.94032    -0.34029    -0.00000
    -0.00000     0.00000    -1.00000
           0           2          15           4
    -5.09351     0.61077     8.53836
     0.34029     0.94032    -0.00000
     0.94032    -0.34029    -0.00000
    -0.00000     0.00000    -1.00000
           0           2          16           1
    -5.09501    -0.59820    -8.53619
     0.11080     0.99384    -0.00000
     0.99384    -0.11080    -0.00000
    -0.00000     0.00000    -1.00000
           0           2          16           2
    -5.09501    -0.59820    -2.84419
     0.11080     0.99384    -0.00000
     0.99384    -0.11080    -0.00000
    -0.00000     0.00000    -1.00000
           0           2          16           3
    -5.09501    -0.59820     2.84781
     0.11080     0.99384    -0.00000
     0.99384    -0.11080    -0.00000
    -0.00000     0.00000    -1.00000
           0           2          16           4
    -5.09501    -0.59820     8.53981
     0.11080     0.99384    -0.00000
     0.99384    -0.11080    -0.00000
    -0.00000     0.00000    -1.00000
           0           2          17           1
    -4.80942    -1.78505    -8.53673
    -0.12717     0.99188    -0.00000
     0.99188     0.12717    -0.00000
    -0.00000    -0.00000    -1.00000
           0           2          17           2
    -4.80942    -1.78505    -2.84473
    -0.12717     0.99188    -0.00000
     0.99188     0.12717    -0.00000
    -0.00000    -0.00000    -1.00000
           0           2          17           3
    -4.80942    -1.78505     2.84727
    -0.12717     0.99188    -0.00000
     0.99188     0.12717    -0.00000
    -0.00000    -0.00000    -1.00000
           0           2          17           4
    -4.80942    -1.78505     8.53927
    -0.12717     0.99188    -0.00000
     0.99188     0.12717    -0.00000
    -0.00000    -0.00000    -1.00000
           0           2          18           1
    -4.25563    -2.86470    -8.53841
    -0.35657     0.93427    -0.00000
     0.93427     0.35657    -0.00000
    -0.00000    -0.00000    -1.00000
           0           2          18           2
    -4.25563    -2.86470    -2.84642
    -0.35657     0.93427    -0.00000
     0.93427     0.35657    -0.00000
    -0.00000    -0.00000    -1.00000
           0           2          18           3
    -4.25563    -2.86470     2.84558
    -0.35657     0.93427    -0.00000
     0.93427     0.35657    -0.00000
    -0.00000    -0.00000    -1.00000
           0           2          18           4
    -4.25563    -2.86470     8.53759
    -0.35657     0.93427    -0.00000
     0.93427     0.35657    -0.00000
    -0.00000    -0.00000    -1.00000
           0           2          19           1
    -3.46049    -3.78707    -8.53906
    -0.56674     0.82390    -0.00000
     0.82390     0.56674    -0.00000
    -0.00000    -0.00000    -1.00000
           0           2          19           2
    -3.46049    -3.78707    -2.84706
    -0.56674     0.82390    -0.00000
     0.82390     0.56674    -0.00000
    -0.00000    -0.00000    -1.00000
           0           2          19           3
    -3.46049    -3.78707     2.84494
    -0.56674     0.82390    -0.00000
     0.82390     0.56674    -0.00000
    -0.00000    -0.00000    -1.00000
           0           2          19           4
    -3.46049    -3.78707     8.53694
    -0.56674     0.82390    -0.00000
     0.82390     0.56674    -0.00000
    -0.00000    -0.00000    -1.00000
           0           2          20           1
    -2.46245    -4.50036    -8.54033
    -0.74614     0.66579    -0.00000
     0.66579     0.74614    -0.00000
    -0.00000    -0.00000    -1.00000
           0           2          20           2
    -2.46245    -4.50036    -2.84834
    -0.74614     0.66579    -0.00000
     0.66579     0.74614    -0.00000
    -0.00000    -0.00000    -1.00000
           0           2          20           3
    -2.46245    -4.50036     2.84366
    -0.74614     0.66579    -0.00000
     0.66579     0.74614    -0.00000
    -0.00000    -0.00000    -1.00000
           0           2          20           4
    -2.46245    -4.50036     8.53567
    -0.74614     0.66579    -0.00000
     0.66579     0.74614    -0.00000
    -0.00000    -0.00000    -1.00000
           0           3           1           1
     5.61480   -10.33872    12.74969
    -0.87877    -0.47725    -0.00000
    -0.47725     0.87877    -0.00000
     0.00000    -0.00000    -1.00000
           0           3           1           2
     5.61480   -10.33872     6.37429
    -0.87877    -0.47725    -0.00000
    -0.47725     0.87877    -0.00000
     0.00000    -0.00000    -1.00000
           0           3           1           3
     5.61480   -10.33872    -0.00111
    -0.87877    -0.47725    -0.00000
    -0.47725     0.87877    -0.00000
     0.00000    -0.00000    -1.00000
           0           3           1           4
     5.61480   -10.33872    -6.37651
    -0.87877    -0.47725    -0.00000
    -0.47725     0.87877    -0.00000
     0.00000    -0.00000    -1.00000
           0           3           1           5
     5.61480   -10.33872   -12.75191
    -0.87877    -0.47725    -0.00000
    -0.47725     0.87877    -0.00000
     0.00000    -0.00000    -1.00000
           0           3           2           1
     7.50947    -7.13706    12.74650
    -0.68891    -0.72485     0.00000
    -0.72485     0.68891     0.00000
    -0.00000     0.00000    -1.00000
           0           3           2           2
     7.50947    -7.13706     6.37110
    -0.68891    -0.72485     0.00000
    -0.72485     0.68891     0.00000
    -0.00000     0.00000    -1.00000
           0           3           2           3
     7.50947    -7.13706    -0.00430
    -0.68891    -0.72485     0.00000
    -0.72485     0.68891     0.00000
    -0.00000     0.00000    -1.00000
           0           3           2           4
     7.50947    -7.13706    -6.37969
    -0.68891    -0.72485     0.00000
    -0.72485     0.68891     0.00000
    -0.00000     0.00000    -1.00000
           0           3           2           5
     7.50947    -7.13706   -12.75510
    -0.68891    -0.72485     0.00000
    -0.72485     0.68891     0.00000
    -0.00000     0.00000    -1.00000
           0           3           3           1
    11.53517    -5.65784    12.74813
    -0.44036    -0.89782     0.00000
    -0.89782     0.44036     0.00000
    -0.00000     0.00000    -1.00000
           0           3           3           2
    11.53517    -5.65784     6.37274
    -0.44036    -0.89782     0.00000
    -0.89782     0.44036     0.00000
    -0.00000     0.00000    -1.00000
           0           3           3           3
    11.53517    -5.65784    -0.00266
    -0.44036    -0.89782     0.00000
    -0.89782     0.44036     0.00000
    -0.00000     0.00000    -1.00000
           0           3           3           4
    11.53517    -5.65784    -6.37806
    -0.44036    -0.89782     0.00000
    -0.89782     0.44036     0.00000
    -0.00000     0.00000    -1.00000
           0           3           3           5
    11.53517    -5.65784   -12.75347
    -0.44036    -0.89782     0.00000
    -0.89782     0.44036     0.00000
    -0.00000     0.00000    -1.00000
           0           3           4           1
    11.58066    -2.07449    12.74551
    -0.17633    -0.98433     0.00000
    -0.98433     0.17633     0.00000
    -0.00000     0.00000    -1.00000
           0           3           4           2
    11.58066    -2.07449     6.37011
    -0.17633    -0.98433     0.00000
    -0.98433     0.17633     0.00000
    -0.00000     0.00000    -1.00000
           0           3           4           3
    11.58066    -2.07449    -0.00529
    -0.17633    -0.98433     0.00000
    -0.98433     0.17633     0.00000
    -0.00000     0.00000    -1.00000
           0           3           4           4
    11.58066    -2.07449    -6.38069
    -0.17633    -0.98433     0.00000
    -0.98433     0.17633     0.00000
    -0.00000     0.00000    -1.00000
           0           3           4           5
    11.58066    -2.07449   -12.75609
    -0.17633    -0.98433     0.00000
    -0.98433     0.17633     0.00000
    -0.00000     0.00000    -1.00000
           0           3           5           1
    10.26277     1.41608    12.74494
     0.13668    -0.99061     0.00000
    -0.99061    -0.13668     0.00000
    -0.00000    -0.00000    -1.00000
           0           3           5           2
    10.26277     1.41608     6.36954
     0.13668    -0.99061     0.00000
    -0.99061    -0.13668     0.00000
    -0.00000    -0.00000    -1.00000
           0           3           5           3
    10.26277     1.41608    -0.00586
     0.13668    -0.99061     0.00000
    -0.99061    -0.13668     0.00000
    -0.00000    -0.00000    -1.00000
           0           3           5           4
    10.26277     1.41608    -6.38126
     0.13668    -0.99061     0.00000
    -0.99061    -0.13668     0.00000
    -0.00000    -0.00000    -1.00000
           0           3           5           5
    10.26277     1.41608   -12.75666
     0.13668    -0.99061     0.00000
    -0.99061    -0.13668     0.00000
    -0.00000    -0.00000    -1.00000
           0           3           6           1
    11.63735     5.44456    12.75086
     0.42377    -0.90577     0.00000
    -0.90577    -0.42377     0.00000
    -0.00000    -0.00000    -1.00000
           0           3           6           2
    11.63735     5.44456     6.37546
     0.42377    -0.90577     0.00000
    -0.90577    -0.42377     0.00000
    -0.00000    -0.00000    -1.00000
           0           3           6           3
    11.63735     5.44456     0.00006
     0.42377    -0.90577     0.00000
    -0.90577    -0.42377     0.00000
    -0.00000    -0.00000    -1.00000
           0           3           6           4
    11.63735     5.44456    -6.37534
     0.42377    -0.90577     0.00000
    -0.90577    -0.42377     0.00000
    -0.00000    -0.00000    -1.00000
           0           3           6           5
    11.63735     5.44456   -12.75074
     0.42377    -0.90577     0.00000
    -0.90577    -0.42377     0.00000
    -0.00000    -0.00000    -1.00000
           0           3           7           1
     8.87441     7.72399    12.75311
     0.65652    -0.75431     0.00000
    -0.75431    -0.65652     0.00000
    -0.00000    -0.00000    -1.00000
           0           3           7           2
     8.87441     7.72399     6.37771
     0.65652    -0.75431     0.00000
    -0.75431    -0.65652     0.00000
    -0.00000    -0.00000    -1.00000
           0           3           7           3
     8.87441     7.72399     0.00231
     0.65652    -0.75431     0.00000
    -0.75431    -0.65652     0.00000
    -0.00000    -0.00000    -1.00000
           0           3           7           4
     8.87441     7.72399    -6.37309
     0.65652    -0.75431     0.00000
    -0.75431    -0.65652     0.00000
    -0.00000    -0.00000    -1.00000
           0           3           7           5
     8.87441     7.72399   -12.74849
     0.65652    -0.75431     0.00000
    -0.75431    -0.65652     0.00000
    -0.00000    -0.00000    -1.00000
           0           3           8           1
     5.29388     8.90531    12.74443
     0.85959    -0.51099     0.00000
    -0.51099    -0.85959     0.00000
    -0.00000    -0.00000    -1.00000
           0           3           8           2
     5.29388     8.90531     6.36903
     0.85959    -0.51099     0.00000
    -0.51099    -0.85959     0.00000
    -0.00000    -0.00000    -1.00000
           0           3           8           3
     5.29388     8.90531    -0.00637
     0.85959    -0.51099     0.00000
    -0.51099    -0.85959     0.00000
    -0.00000    -0.00000    -1.00000
           0           3           8           4
     5.29388     8.90531    -6.38177
     0.85959    -0.51099     0.00000
    -0.51099    -0.85959     0.00000
    -0.00000    -0.00000    -1.00000
           0           3           8           5
     5.29388     8.90531   -12.75717
     0.85959    -0.51099     0.00000
    -0.51099    -0.85959     0.00000
    -0.00000    -0.00000    -1.00000
           0           3           9           1
    -5.33889     8.87840   -12.74607
    -0.85698    -0.51534    -0.00000
     0.51534    -0.85698    -0.00000
     0.00000    -0.00000     1.00000
           0           3           9           2
    -5.33889     8.87840    -6.37067
    -0.85698    -0.51534    -0.00000
     0.51534    -0.85698    -0.00000
     0.00000    -0.00000     1.00000
           0           3           9           3
    -5.33889     8.87840     0.00473
    -0.85698    -0.51534    -0.00000
     0.51534    -0.85698    -0.00000
     0.00000    -0.00000     1.00000
           0           3           9           4
    -5.33889     8.87840     6.38013
    -0.85698    -0.51534    -0.00000
     0.51534    -0.85698    -0.00000
     0.00000    -0.00000     1.00000
           0           3           9           5
    -5.33889     8.87840    12.75553
    -0.85698    -0.51534    -0.00000
     0.51534    -0.85698    -0.00000
     0.00000    -0.00000     1.00000
           0           3          10           1
    -8.86448     7.73538   -12.75035
    -0.65750    -0.75346    -0.00000
     0.75346    -0.65750    -0.00000
     0.00000     0.00000     1.00000
           0           3          10           2
    -8.86448     7.73538    -6.37495
    -0.65750    -0.75346    -0.00000
     0.75346    -0.65750    -0.00000
     0.00000     0.00000     1.00000
           0           3          10           3
    -8.86448     7.73538     0.00045
    -0.65750    -0.75346    -0.00000
     0.75346    -0.65750    -0.00000
     0.00000     0.00000     1.00000
           0           3          10           4
    -8.86448     7.73538     6.37585
    -0.65750    -0.75346    -0.00000
     0.75346    -0.65750    -0.00000
     0.00000     0.00000     1.00000
           0           3          10           5
    -8.86448     7.73538    12.75125
    -0.65750    -0.75346    -0.00000
     0.75346    -0.65750    -0.00000
     0.00000     0.00000     1.00000
           0           3          11           1
   -11.63226     5.45541   -12.74184
    -0.42461    -0.90537    -0.00000
     0.90537    -0.42461    -0.00000
     0.00000    -0.00000     1.00000
           0           3          11           2
   -11.63226     5.45541    -6.36644
    -0.42461    -0.90537    -0.00000
     0.90537    -0.42461    -0.00000
     0.00000    -0.00000     1.00000
           0           3          11           3
   -11.63226     5.45541     0.00896
    -0.42461    -0.90537    -0.00000
     0.90537    -0.42461    -0.00000
     0.00000    -0.00000     1.00000
           0           3          11           4
   -11.63226     5.45541     6.38436
    -0.42461    -0.90537    -0.00000
     0.90537    -0.42461    -0.00000
     0.00000    -0.00000     1.00000
           0           3          11           5
   -11.63226     5.45541    12.75976
    -0.42461    -0.90537    -0.00000
     0.90537    -0.42461    -0.00000
     0.00000    -0.00000     1.00000
           0           3          12           1
   -10.26472     1.40186   -12.74228
    -0.13531    -0.99080    -0.00000
     0.99080    -0.13531    -0.00000
     0.00000     0.00000     1.00000
           0           3          12           2
   -10.26472     1.40186    -6.36688
    -0.13531    -0.99080    -0.00000
     0.99080    -0.13531    -0.00000
     0.00000     0.00000     1.00000
           0           3          12           3
   -10.26472     1.40186     0.00852
    -0.13531    -0.99080    -0.00000
     0.99080    -0.13531    -0.00000
     0.00000     0.00000     1.00000
           0           3          12           4
   -10.26472     1.40186     6.38392
    -0.13531    -0.99080    -0.00000
     0.99080    -0.13531    -0.00000
     0.00000     0.00000     1.00000
           0           3          12           5
   -10.26472     1.40186    12.75932
    -0.13531    -0.99080    -0.00000
     0.99080    -0.13531    -0.00000
     0.00000     0.00000     1.00000
           0           3          13           1
   -11.58043    -2.07586   -12.74021
     0.17645    -0.98431    -0.00000
     0.98431     0.17645    -0.00000
     0.00000     0.00000     1.00000
           0           3          13           2
   -11.58043    -2.07586    -6.36481
     0.17645    -0.98431    -0.00000
     0.98431     0.17645    -0.00000
     0.00000     0.00000     1.00000
           0           3          13           3
   -11.58043    -2.07586     0.01059
     0.17645    -0.98431    -0.00000
     0.98431     0.17645    -0.00000
     0.00000     0.00000     1.00000
           0           3          13           4
   -11.58043    -2.07586     6.38599
     0.17645    -0.98431    -0.00000
     0.98431     0.17645    -0.00000
     0.00000     0.00000     1.00000
           0           3          13           5
   -11.58043    -2.07586    12.76139
     0.17645    -0.98431    -0.00000
     0.98431     0.17645    -0.00000
     0.00000     0.00000     1.00000
           0           3          14           1
   -11.52771    -5.67300   -12.74673
     0.44155    -0.89724    -0.00000
     0.89724     0.44155    -0.00000
     0.00000     0.00000     1.00000
           0           3          14           2
   -11.52771    -5.67300    -6.37133
     0.44155    -0.89724    -0.00000
     0.89724     0.44155    -0.00000
     0.00000     0.00000     1.00000
           0           3          14           3
   -11.52771    -5.67300     0.00407
     0.44155    -0.89724    -0.00000
     0.89724     0.44155    -0.00000
     0.00000     0.00000     1.00000
           0           3          14           4
   -11.52771    -5.67300     6.37947
     0.44155    -0.89724    -0.00000
     0.89724     0.44155    -0.00000
     0.00000     0.00000     1.00000
           0           3          14           5
   -11.52771    -5.67300    12.75487
     0.44155    -0.89724    -0.00000
     0.89724     0.44155    -0.00000
     0.00000     0.00000     1.00000
           0           3          15           1
    -7.53405    -7.11109   -12.74876
     0.68641    -0.72722    -0.00000
     0.72722     0.68641    -0.00000
     0.00000     0.00000     1.00000
           0           3          15           2
    -7.53405    -7.11109    -6.37336
     0.68641    -0.72722    -0.00000
     0.72722     0.68641    -0.00000
     0.00000     0.00000     1.00000
           0           3          15           3
    -7.53405    -7.11109     0.00204
     0.68641    -0.72722    -0.00000
     0.72722     0.68641    -0.00000
     0.00000     0.00000     1.00000
           0           3          15           4
    -7.53405    -7.11109     6.37744
     0.68641    -0.72722    -0.00000
     0.72722     0.68641    -0.00000
     0.00000     0.00000     1.00000
           0           3          15           5
    -7.53405    -7.11109    12.75284
     0.68641    -0.72722    -0.00000
     0.72722     0.68641    -0.00000
     0.00000     0.00000     1.00000
           0           3          16           1
    -5.63984   -10.32509   -12.74916
     0.87761    -0.47938    -0.00000
     0.47938     0.87761    -0.00000
     0.00000     0.00000     1.00000
           0           3          16           2
    -5.63984   -10.32509    -6.37376
     0.87761    -0.47938    -0.00000
     0.47938     0.87761    -0.00000
     0.00000     0.00000     1.00000
           0           3          16           3
    -5.63984   -10.32509     0.00164
     0.87761    -0.47938    -0.00000
     0.47938     0.87761    -0.00000
     0.00000     0.00000     1.00000
           0           3          16           4
    -5.63984   -10.32509     6.37704
     0.87761    -0.47938    -0.00000
     0.47938     0.87761    -0.00000
     0.00000     0.00000     1.00000
           0           3          16           5
    -5.63984   -10.32509    12.75244
     0.87761    -0.47938    -0.00000
     0.47938     0.87761    -0.00000
     0.00000     0.00000     1.00000
           0           4           1           1
     6.50837   -14.03762   -15.93750
     0.90723     0.42063    -0.00000
    -0.42063     0.90723    -0.00000
    -0.00000     0.00000     1.00000
           0           4           1           2
     6.50837   -14.03762    -9.56210
     0.90723     0.42063    -0.00000
    -0.42063     0.90723    -0.00000
    -0.00000     0.00000     1.00000
           0           4           1           3
     6.50837   -14.03762    -3.18670
     0.90723     0.42063    -0.00000
    -0.42063     0.90723    -0.00000
    -0.00000     0.00000     1.00000
           0           4           1           4
     6.50837   -14.03762     3.18870
     0.90723     0.42063    -0.00000
    -0.42063     0.90723    -0.00000
    -0.00000     0.00000     1.00000
           0           4           1           5
     6.50837   -14.03762     9.56410
     0.90723     0.42063    -0.00000
    -0.42063     0.90723    -0.00000
    -0.00000     0.00000     1.00000
           0           4           1           6
     6.50837   -14.03762    15.93950
     0.90723     0.42063    -0.00000
    -0.42063     0.90723    -0.00000
    -0.00000     0.00000     1.00000
           0           4           2           1
    10.09151   -13.28975   -15.93465
     0.79641     0.60475    -0.00000
    -0.60475     0.79641    -0.00000
     0.00000     0.00000     1.00000
           0           4           2           2
    10.09151   -13.28975    -9.55925
     0.79641     0.60475    -0.00000
    -0.60475     0.79641    -0.00000
     0.00000     0.00000     1.00000
           0           4           2           3
    10.09151   -13.28975    -3.18385
     0.79641     0.60475    -0.00000
    -0.60475     0.79641    -0.00000
     0.00000     0.00000     1.00000
           0           4           2           4
    10.09151   -13.28975     3.19155
     0.79641     0.60475    -0.00000
    -0.60475     0.79641    -0.00000
     0.00000     0.00000     1.00000
           0           4           2           5
    10.09151   -13.28975     9.56695
     0.79641     0.60475    -0.00000
    -0.60475     0.79641    -0.00000
     0.00000     0.00000     1.00000
           0           4           2           6
    10.09151   -13.28975    15.94235
     0.79641     0.60475    -0.00000
    -0.60475     0.79641    -0.00000
     0.00000     0.00000     1.00000
           0           4           3           1
    13.47591   -11.78327   -15.92220
     0.65825     0.75280    -0.00000
    -0.75280     0.65825    -0.00000
     0.00000     0.00000     1.00000
           0           4           3           2
    13.47591   -11.78327    -9.54681
     0.65825     0.75280    -0.00000
    -0.75280     0.65825    -0.00000
     0.00000     0.00000     1.00000
           0           4           3           3
    13.47591   -11.78327    -3.17140
     0.65825     0.75280    -0.00000
    -0.75280     0.65825    -0.00000
     0.00000     0.00000     1.00000
           0           4           3           4
    13.47591   -11.78327     3.20399
     0.65825     0.75280    -0.00000
    -0.75280     0.65825    -0.00000
     0.00000     0.00000     1.00000
           0           4           3           5
    13.47591   -11.78327     9.57940
     0.65825     0.75280    -0.00000
    -0.75280     0.65825    -0.00000
     0.00000     0.00000     1.00000
           0           4           3           6
    13.47591   -11.78327    15.95480
     0.65825     0.75280    -0.00000
    -0.75280     0.65825    -0.00000
     0.00000     0.00000     1.00000
           0           4           4           1
    13.54572    -7.47845   -15.94207
     0.48332     0.87544    -0.00000
    -0.87544     0.48332    -0.00000
    -0.00000     0.00000     1.00000
           0           4           4           2
    13.54572    -7.47845    -9.56667
     0.48332     0.87544    -0.00000
    -0.87544     0.48332    -0.00000
    -0.00000     0.00000     1.00000
           0           4           4           3
    13.54572    -7.47845    -3.19127
     0.48332     0.87544    -0.00000
    -0.87544     0.48332    -0.00000
    -0.00000     0.00000     1.00000
           0           4           4           4
    13.54572    -7.47845     3.18413
     0.48332     0.87544    -0.00000
    -0.87544     0.48332    -0.00000
    -0.00000     0.00000     1.00000
           0           4           4           5
    13.54572    -7.47845     9.55953
     0.48332     0.87544    -0.00000
    -0.87544     0.48332    -0.00000
    -0.00000     0.00000     1.00000
           0           4           4           6
    13.54572    -7.47845    15.93493
     0.48332     0.87544    -0.00000
    -0.87544     0.48332    -0.00000
    -0.00000     0.00000     1.00000
           0           4           5           1
    15.99633    -4.75115   -15.94684
     0.28472     0.95861    -0.00000
    -0.95861     0.28472    -0.00000
    -0.00000     0.00000     1.00000
           0           4           5           2
    15.99633    -4.75115    -9.57144
     0.28472     0.95861    -0.00000
    -0.95861     0.28472    -0.00000
    -0.00000     0.00000     1.00000
           0           4           5           3
    15.99633    -4.75115    -3.19604
     0.28472     0.95861    -0.00000
    -0.95861     0.28472    -0.00000
    -0.00000     0.00000     1.00000
           0           4           5           4
    15.99633    -4.75115     3.17936
     0.28472     0.95861    -0.00000
    -0.95861     0.28472    -0.00000
    -0.00000     0.00000     1.00000
           0           4           5           5
    15.99633    -4.75115     9.55476
     0.28472     0.95861    -0.00000
    -0.95861     0.28472    -0.00000
    -0.00000     0.00000     1.00000
           0           4           5           6
    15.99633    -4.75115    15.93016
     0.28472     0.95861    -0.00000
    -0.95861     0.28472    -0.00000
    -0.00000     0.00000     1.00000
           0           4           6           1
    17.83279    -1.56113   -15.94552
     0.08721     0.99619    -0.00000
    -0.99619     0.08721    -0.00000
    -0.00000     0.00000     1.00000
           0           4           6           2
    17.83279    -1.56113    -9.57012
     0.08721     0.99619    -0.00000
    -0.99619     0.08721    -0.00000
    -0.00000     0.00000     1.00000
           0           4           6           3
    17.83279    -1.56113    -3.19472
     0.08721     0.99619    -0.00000
    -0.99619     0.08721    -0.00000
    -0.00000     0.00000     1.00000
           0           4           6           4
    17.83279    -1.56113     3.18068
     0.08721     0.99619    -0.00000
    -0.99619     0.08721    -0.00000
    -0.00000     0.00000     1.00000
           0           4           6           5
    17.83279    -1.56113     9.55608
     0.08721     0.99619    -0.00000
    -0.99619     0.08721    -0.00000
    -0.00000     0.00000     1.00000
           0           4           6           6
    17.83279    -1.56113    15.93148
     0.08721     0.99619    -0.00000
    -0.99619     0.08721    -0.00000
    -0.00000     0.00000     1.00000
           0           4           7           1
    15.35777     1.88483   -15.94016
    -0.12182     0.99255     0.00000
    -0.99255    -0.12182     0.00000
     0.00000     0.00000     1.00000
           0           4           7           2
    15.35777     1.88483    -9.56476
    -0.12182     0.99255     0.00000
    -0.99255    -0.12182     0.00000
     0.00000     0.00000     1.00000
           0           4           7           3
    15.35777     1.88483    -3.18936
    -0.12182     0.99255     0.00000
    -0.99255    -0.12182     0.00000
     0.00000     0.00000     1.00000
           0           4           7           4
    15.35777     1.88483     3.18604
    -0.12182     0.99255     0.00000
    -0.99255    -0.12182     0.00000
     0.00000     0.00000     1.00000
           0           4           7           5
    15.35777     1.88483     9.56144
    -0.12182     0.99255     0.00000
    -0.99255    -0.12182     0.00000
     0.00000     0.00000     1.00000
           0           4           7           6
    15.35777     1.88483    15.93684
    -0.12182     0.99255     0.00000
    -0.99255    -0.12182     0.00000
     0.00000     0.00000     1.00000
           0           4           8           1
    15.73284     5.56182   -15.94116
    -0.33331     0.94282     0.00000
    -0.94282    -0.33331     0.00000
     0.00000     0.00000     1.00000
           0           4           8           2
    15.73284     5.56182    -9.56576
    -0.33331     0.94282     0.00000
    -0.94282    -0.33331     0.00000
     0.00000     0.00000     1.00000
           0           4           8           3
    15.73284     5.56182    -3.19036
    -0.33331     0.94282     0.00000
    -0.94282    -0.33331     0.00000
     0.00000     0.00000     1.00000
           0           4           8           4
    15.73284     5.56182     3.18504
    -0.33331     0.94282     0.00000
    -0.94282    -0.33331     0.00000
     0.00000     0.00000     1.00000
           0           4           8           5
    15.73284     5.56182     9.56044
    -0.33331     0.94282     0.00000
    -0.94282    -0.33331     0.00000
     0.00000     0.00000     1.00000
           0           4           8           6
    15.73284     5.56182    15.93583
    -0.33331     0.94282     0.00000
    -0.94282    -0.33331     0.00000
     0.00000     0.00000     1.00000
           0           4           9           1
    15.34191     9.22342   -15.93925
    -0.51525     0.85704     0.00000
    -0.85704    -0.51525     0.00000
     0.00000     0.00000     1.00000
           0           4           9           2
    15.34191     9.22342    -9.56386
    -0.51525     0.85704     0.00000
    -0.85704    -0.51525     0.00000
     0.00000     0.00000     1.00000
           0           4           9           3
    15.34191     9.22342    -3.18846
    -0.51525     0.85704     0.00000
    -0.85704    -0.51525     0.00000
     0.00000     0.00000     1.00000
           0           4           9           4
    15.34191     9.22342     3.18694
    -0.51525     0.85704     0.00000
    -0.85704    -0.51525     0.00000
     0.00000     0.00000     1.00000
           0           4           9           5
    15.34191     9.22342     9.56234
    -0.51525     0.85704     0.00000
    -0.85704    -0.51525     0.00000
     0.00000     0.00000     1.00000
           0           4           9           6
    15.34191     9.22342    15.93775
    -0.51525     0.85704     0.00000
    -0.85704    -0.51525     0.00000
     0.00000     0.00000     1.00000
           0           4          10           1
    11.34360    10.52314   -15.92957
    -0.68009     0.73312     0.00000
    -0.73312    -0.68009     0.00000
     0.00000     0.00000     1.00000
           0           4          10           2
    11.34360    10.52314    -9.55417
    -0.68009     0.73312     0.00000
    -0.73312    -0.68009     0.00000
     0.00000     0.00000     1.00000
           0           4          10           3
    11.34360    10.52314    -3.17877
    -0.68009     0.73312     0.00000
    -0.73312    -0.68009     0.00000
     0.00000     0.00000     1.00000
           0           4          10           4
    11.34360    10.52314     3.19663
    -0.68009     0.73312     0.00000
    -0.73312    -0.68009     0.00000
     0.00000     0.00000     1.00000
           0           4          10           5
    11.34360    10.52314     9.57203
    -0.68009     0.73312     0.00000
    -0.73312    -0.68009     0.00000
     0.00000     0.00000     1.00000
           0           4          10           6
    11.34360    10.52314    15.94743
    -0.68009     0.73312     0.00000
    -0.73312    -0.68009     0.00000
     0.00000     0.00000     1.00000
           0           4          11           1
     9.46122    13.74559   -15.93850
    -0.82373     0.56698     0.00000
    -0.56698    -0.82373     0.00000
     0.00000     0.00000     1.00000
           0           4          11           2
     9.46122    13.74559    -9.56310
    -0.82373     0.56698     0.00000
    -0.56698    -0.82373     0.00000
     0.00000     0.00000     1.00000
           0           4          11           3
     9.46122    13.74559    -3.18770
    -0.82373     0.56698     0.00000
    -0.56698    -0.82373     0.00000
     0.00000     0.00000     1.00000
           0           4          11           4
     9.46122    13.74559     3.18770
    -0.82373     0.56698     0.00000
    -0.56698    -0.82373     0.00000
     0.00000     0.00000     1.00000
           0           4          11           5
     9.46122    13.74559     9.56310
    -0.82373     0.56698     0.00000
    -0.56698    -0.82373     0.00000
     0.00000     0.00000     1.00000
           0           4          11           6
     9.46122    13.74559    15.93850
    -0.82373     0.56698     0.00000
    -0.56698    -0.82373     0.00000
     0.00000     0.00000     1.00000
           0           4          12           1
     7.00826    16.47211   -15.93328
    -0.92018     0.39150     0.00000
    -0.39150    -0.92018     0.00000
     0.00000     0.00000     1.00000
           0           4          12           2
     7.00826    16.47211    -9.55787
    -0.92018     0.39150     0.00000
    -0.39150    -0.92018     0.00000
     0.00000     0.00000     1.00000
           0           4          12           3
     7.00826    16.47211    -3.18248
    -0.92018     0.39150     0.00000
    -0.39150    -0.92018     0.00000
     0.00000     0.00000     1.00000
           0           4          12           4
     7.00826    16.47211     3.19292
    -0.92018     0.39150     0.00000
    -0.39150    -0.92018     0.00000
     0.00000     0.00000     1.00000
           0           4          12           5
     7.00826    16.47211     9.56833
    -0.92018     0.39150     0.00000
    -0.39150    -0.92018     0.00000
     0.00000     0.00000     1.00000
           0           4          12           6
     7.00826    16.47211    15.94372
    -0.92018     0.39150     0.00000
    -0.39150    -0.92018     0.00000
     0.00000     0.00000     1.00000
           0           4          13           1
    -6.96644    16.48984    15.93749
     0.92117     0.38916     0.00000
     0.38916    -0.92117     0.00000
     0.00000    -0.00000    -1.00000
           0           4          13           2
    -6.96644    16.48984     9.56209
     0.92117     0.38916     0.00000
     0.38916    -0.92117     0.00000
     0.00000    -0.00000    -1.00000
           0           4          13           3
    -6.96644    16.48984     3.18669
     0.92117     0.38916     0.00000
     0.38916    -0.92117     0.00000
     0.00000    -0.00000    -1.00000
           0           4          13           4
    -6.96644    16.48984    -3.18871
     0.92117     0.38916     0.00000
     0.38916    -0.92117     0.00000
     0.00000    -0.00000    -1.00000
           0           4          13           5
    -6.96644    16.48984    -9.56411
     0.92117     0.38916     0.00000
     0.38916    -0.92117     0.00000
     0.00000    -0.00000    -1.00000
           0           4          13           6
    -6.96644    16.48984   -15.93951
     0.92117     0.38916     0.00000
     0.38916    -0.92117     0.00000
     0.00000    -0.00000    -1.00000
           0           4          14           1
    -9.44527    13.75656    15.93842
     0.82439     0.56602     0.00000
     0.56602    -0.82439     0.00000
     0.00000    -0.00000    -1.00000
           0           4          14           2
    -9.44527    13.75656     9.56302
     0.82439     0.56602     0.00000
     0.56602    -0.82439     0.00000
     0.00000    -0.00000    -1.00000
           0           4          14           3
    -9.44527    13.75656     3.18762
     0.82439     0.56602     0.00000
     0.56602    -0.82439     0.00000
     0.00000    -0.00000    -1.00000
           0           4          14           4
    -9.44527    13.75656    -3.18778
     0.82439     0.56602     0.00000
     0.56602    -0.82439     0.00000
     0.00000    -0.00000    -1.00000
           0           4          14           5
    -9.44527    13.75656    -9.56318
     0.82439     0.56602     0.00000
     0.56602    -0.82439     0.00000
     0.00000    -0.00000    -1.00000
           0           4          14           6
    -9.44527    13.75656   -15.93858
     0.82439     0.56602     0.00000
     0.56602    -0.82439     0.00000
     0.00000    -0.00000    -1.00000
           0           4          15           1
   -11.28692    10.58391    15.93864
     0.68402     0.72946    -0.00000
     0.72946    -0.68402    -0.00000
    -0.00000     0.00000    -1.00000
           0           4          15           2
   -11.28692    10.58391     9.56324
     0.68402     0.72946    -0.00000
     0.72946    -0.68402    -0.00000
    -0.00000     0.00000    -1.00000
           0           4          15           3
   -11.28692    10.58391     3.18784
     0.68402     0.72946    -0.00000
     0.72946    -0.68402    -0.00000
    -0.00000     0.00000    -1.00000
           0           4          15           4
   -11.28692    10.58391    -3.18756
     0.68402     0.72946    -0.00000
     0.72946    -0.68402    -0.00000
    -0.00000     0.00000    -1.00000
           0           4          15           5
   -11.28692    10.58391    -9.56296
     0.68402     0.72946    -0.00000
     0.72946    -0.68402    -0.00000
    -0.00000     0.00000    -1.00000
           0           4          15           6
   -11.28692    10.58391   -15.93836
     0.68402     0.72946    -0.00000
     0.72946    -0.68402    -0.00000
    -0.00000     0.00000    -1.00000
           0           4          16           1
   -15.33914     9.22803    15.94108
     0.51550     0.85689    -0.00000
     0.85689    -0.51550    -0.00000
    -0.00000     0.00000    -1.00000
           0           4          16           2
   -15.33914     9.22803     9.56568
     0.51550     0.85689    -0.00000
     0.85689    -0.51550    -0.00000
    -0.00000     0.00000    -1.00000
           0           4          16           3
   -15.33914     9.22803     3.19028
     0.51550     0.85689    -0.00000
     0.85689    -0.51550    -0.00000
    -0.00000     0.00000    -1.00000
           0           4          16           4
   -15.33914     9.22803    -3.18512
     0.51550     0.85689    -0.00000
     0.85689    -0.51550    -0.00000
    -0.00000     0.00000    -1.00000
           0           4          16           5
   -15.33914     9.22803    -9.56052
     0.51550     0.85689    -0.00000
     0.85689    -0.51550    -0.00000
    -0.00000     0.00000    -1.00000
           0           4          16           6
   -15.33914     9.22803   -15.93592
     0.51550     0.85689    -0.00000
     0.85689    -0.51550    -0.00000
    -0.00000     0.00000    -1.00000
           0           4          17           1
   -15.73859     5.54552    15.93850
     0.33233     0.94316    -0.00000
     0.94316    -0.33233    -0.00000
    -0.00000     0.00000    -1.00000
           0           4          17           2
   -15.73859     5.54552     9.56310
     0.33233     0.94316    -0.00000
     0.94316    -0.33233    -0.00000
    -0.00000     0.00000    -1.00000
           0           4          17           3
   -15.73859     5.54552     3.18770
     0.33233     0.94316    -0.00000
     0.94316    -0.33233    -0.00000
    -0.00000     0.00000    -1.00000
           0           4          17           4
   -15.73859     5.54552    -3.18770
     0.33233     0.94316    -0.00000
     0.94316    -0.33233    -0.00000
    -0.00000     0.00000    -1.00000
           0           4          17           5
   -15.73859     5.54552    -9.56310
     0.33233     0.94316    -0.00000
     0.94316    -0.33233    -0.00000
    -0.00000     0.00000    -1.00000
           0           4          17           6
   -15.73859     5.54552   -15.93850
     0.33233     0.94316    -0.00000
     0.94316    -0.33233    -0.00000
    -0.00000     0.00000    -1.00000
           0           4          18           1
   -15.36602     1.81633    15.92135
     0.11739     0.99309    -0.00000
     0.99309    -0.11739    -0.00000
    -0.00000     0.00000    -1.00000
           0           4          18           2
   -15.36602     1.81633     9.54595
     0.11739     0.99309    -0.00000
     0.99309    -0.11739    -0.00000
    -0.00000     0.00000    -1.00000
           0           4          18           3
   -15.36602     1.81633     3.17055
     0.11739     0.99309    -0.00000
     0.99309    -0.11739    -0.00000
    -0.00000     0.00000    -1.00000
           0           4          18           4
   -15.36602     1.81633    -3.20485
     0.11739     0.99309    -0.00000
     0.99309    -0.11739    -0.00000
    -0.00000     0.00000    -1.00000
           0           4          18           5
   -15.36602     1.81633    -9.58025
     0.11739     0.99309    -0.00000
     0.99309    -0.11739    -0.00000
    -0.00000     0.00000    -1.00000
           0           4          18           6
   -15.36602     1.81633   -15.95565
     0.11739     0.99309    -0.00000
     0.99309    -0.11739    -0.00000
    -0.00000     0.00000    -1.00000
           0           4          19           1
   -17.82714    -1.62442    15.92750
    -0.09074     0.99587    -0.00000
     0.99587     0.09074    -0.00000
    -0.00000    -0.00000    -1.00000
           0           4          19           2
   -17.82714    -1.62442     9.55210
    -0.09074     0.99587    -0.00000
     0.99587     0.09074    -0.00000
    -0.00000    -0.00000    -1.00000
           0           4          19           3
   -17.82714    -1.62442     3.17670
    -0.09074     0.99587    -0.00000
     0.99587     0.09074    -0.00000
    -0.00000    -0.00000    -1.00000
           0           4          19           4
   -17.82714    -1.62442    -3.19870
    -0.09074     0.99587    -0.00000
     0.99587     0.09074    -0.00000
    -0.00000    -0.00000    -1.00000
           0           4          19           5
   -17.82714    -1.62442    -9.57410
    -0.09074     0.99587    -0.00000
     0.99587     0.09074    -0.00000
    -0.00000    -0.00000    -1.00000
           0           4          19           6
   -17.82714    -1.62442   -15.94950
    -0.09074     0.99587    -0.00000
     0.99587     0.09074    -0.00000
    -0.00000    -0.00000    -1.00000
           0           4          20           1
   -15.98173    -4.80001    15.93714
    -0.28766     0.95773    -0.00000
     0.95773     0.28766    -0.00000
    -0.00000    -0.00000    -1.00000
           0           4          20           2
   -15.98173    -4.80001     9.56174
    -0.28766     0.95773    -0.00000
     0.95773     0.28766    -0.00000
    -0.00000    -0.00000    -1.00000
           0           4          20           3
   -15.98173    -4.80001     3.18634
    -0.28766     0.95773    -0.00000
     0.95773     0.28766    -0.00000
    -0.00000    -0.00000    -1.00000
           0           4          20           4
   -15.98173    -4.80001    -3.18906
    -0.28766     0.95773    -0.00000
     0.95773     0.28766    -0.00000
    -0.00000    -0.00000    -1.00000
           0           4          20           5
   -15.98173    -4.80001    -9.56446
    -0.28766     0.95773    -0.00000
     0.95773     0.28766    -0.00000
    -0.00000    -0.00000    -1.00000
           0           4          20           6
   -15.98173    -4.80001   -15.93986
    -0.28766     0.95773    -0.00000
     0.95773     0.28766    -0.00000
    -0.00000    -0.00000    -1.00000
           0           4          21           1
   -13.51087    -7.54120    15.94162
    -0.48738     0.87319    -0.00000
     0.87319     0.48738    -0.00000
    -0.00000    -0.00000    -1.00000
           0           4          21           2
   -13.51087    -7.54120     9.56622
    -0.48738     0.87319    -0.00000
     0.87319     0.48738    -0.00000
    -0.00000    -0.00000    -1.00000
           0           4          21           3
   -13.51087    -7.54120     3.19082
    -0.48738     0.87319    -0.00000
     0.87319     0.48738    -0.00000
    -0.00000    -0.00000    -1.00000
           0           4          21           4
   -13.51087    -7.54120    -3.18458
    -0.48738     0.87319    -0.00000
     0.87319     0.48738    -0.00000
    -0.00000    -0.00000    -1.00000
           0           4          21           5
   -13.51087    -7.54120    -9.55998
    -0.48738     0.87319    -0.00000
     0.87319     0.48738    -0.00000
    -0.00000    -0.00000    -1.00000
           0           4          21           6
   -13.51087    -7.54120   -15.93538
    -0.48738     0.87319    -0.00000
     0.87319     0.48738    -0.00000
    -0.00000    -0.00000    -1.00000
           0           4          22           1
   -13.51922   -11.73357    15.92876
    -0.65548     0.75522    -0.00000
     0.75522     0.65548    -0.00000
    -0.00000    -0.00000    -1.00000
           0           4          22           2
   -13.51922   -11.73357     9.55336
    -0.65548     0.75522    -0.00000
     0.75522     0.65548    -0.00000
    -0.00000    -0.00000    -1.00000
           0           4          22           3
   -13.51922   -11.73357     3.17796
    -0.65548     0.75522    -0.00000
     0.75522     0.65548    -0.00000
    -0.00000    -0.00000    -1.00000
           0           4          22           4
   -13.51922   -11.73357    -3.19744
    -0.65548     0.75522    -0.00000
     0.75522     0.65548    -0.00000
    -0.00000    -0.00000    -1.00000
           0           4          22           5
   -13.51922   -11.73357    -9.57284
    -0.65548     0.75522    -0.00000
     0.75522     0.65548    -0.00000
    -0.00000    -0.00000    -1.00000
           0           4          22           6
   -13.51922   -11.73357   -15.94824
    -0.65548     0.75522    -0.00000
     0.75522     0.65548    -0.00000
    -0.00000    -0.00000    -1.00000
           0           4          23           1
   -10.13556   -13.25618    15.94779
    -0.79440     0.60740    -0.00000
     0.60740     0.79440    -0.00000
    -0.00000    -0.00000    -1.00000
           0           4          23           2
   -10.13556   -13.25618     9.57239
    -0.79440     0.60740    -0.00000
     0.60740     0.79440    -0.00000
    -0.00000    -0.00000    -1.00000
           0           4          23           3
   -10.13556   -13.25618     3.19699
    -0.79440     0.60740    -0.00000
     0.60740     0.79440    -0.00000
    -0.00000    -0.00000    -1.00000
           0           4          23           4
   -10.13556   -13.25618    -3.17841
    -0.79440     0.60740    -0.00000
     0.60740     0.79440    -0.00000
    -0.00000    -0.00000    -1.00000
           0           4          23           5
   -10.13556   -13.25618    -9.55381
    -0.79440     0.60740    -0.00000
     0.60740     0.79440    -0.00000
    -0.00000    -0.00000    -1.00000
           0           4          23           6
   -10.13556   -13.25618   -15.92921
    -0.79440     0.60740    -0.00000
     0.60740     0.79440    -0.00000
    -0.00000    -0.00000    -1.00000
           0           4          24           1
    -6.50734   -14.03810    15.93850
    -0.90726     0.42056    -0.00000
     0.42056     0.90726    -0.00000
    -0.00000    -0.00000    -1.00000
           0           4          24           2
    -6.50734   -14.03810     9.56310
    -0.90726     0.42056    -0.00000
     0.42056     0.90726    -0.00000
    -0.00000    -0.00000    -1.00000
           0           4          24           3
    -6.50734   -14.03810     3.18770
    -0.90726     0.42056    -0.00000
     0.42056     0.90726    -0.00000
    -0.00000    -0.00000    -1.00000
           0           4          24           4
    -6.50734   -14.03810    -3.18770
    -0.90726     0.42056    -0.00000
     0.42056     0.90726    -0.00000
    -0.00000    -0.00000    -1.00000
           0           4          24           5
    -6.50734   -14.03810    -9.56310
    -0.90726     0.42056    -0.00000
     0.42056     0.90726    -0.00000
    -0.00000    -0.00000    -1.00000
           0           4          24           6
    -6.50734   -14.03810   -15.93850
    -0.90726     0.42056    -0.00000
     0.42056     0.90726    -0.00000
    -0.00000    -0.00000    -1.00000
