 SVX cage parameters:
     2.20000
     0.50000     0.20000
     0.00000
           6
   -40.00000   -26.50000   -26.50000    26.50000    26.50000    40.00000
    53.00000    53.00000    22.14782    22.14782    53.00000    53.00000
     0.00000     0.00000     0.00000
 SVX barrel parameters:
           4
     2.63000     5.19260    11.76500    16.68700     1.14100
     0.00000     0.00000     0.00000     0.00000
           4           4           5           6
     0.69600     0.69600     1.74500     1.74500
     0.01000     0.01000     0.03125     0.03125
     2.83600     2.83600     3.18770     3.18770
     0.01900     0.01900     0.00000     0.00000
     0.02000     0.02000     0.00000     0.00000
    26.70000    13.62600    17.00000    12.00000
   -13.00000   -12.98000     0.00000     0.00000
           2
           5           5
     0.00000   180.00000
           2
          10          10
     0.00000   180.00000
           2
           8           8
     0.00000   180.00000
           2
          12          12
     0.00000   180.00000
 SVX barrel sensor rotation matrices and translation vectors:
           0           1           1           1
     1.59024    -2.13780     8.68719
     0.63997     0.76840     0.00130
    -0.76840     0.63997    -0.00038
    -0.00112    -0.00075     1.00000
           0           1           1           2
     1.59661    -2.13351     2.99520
     0.63997     0.76840     0.00130
    -0.76840     0.63997    -0.00038
    -0.00112    -0.00075     1.00000
           0           1           1           3
     1.60299    -2.12921    -2.69681
     0.63997     0.76840     0.00130
    -0.76840     0.63997    -0.00038
    -0.00112    -0.00075     1.00000
           0           1           1           4
     1.60937    -2.12492    -8.38881
     0.63997     0.76840     0.00130
    -0.76840     0.63997    -0.00038
    -0.00112    -0.00075     1.00000
           0           1           2           1
     2.36402    -1.19930     8.68860
     0.22688     0.97392     0.00099
    -0.97392     0.22688    -0.00092
    -0.00112    -0.00075     1.00000
           0           1           2           2
     2.37039    -1.19501     2.99662
     0.22688     0.97392     0.00099
    -0.97392     0.22688    -0.00092
    -0.00112    -0.00075     1.00000
           0           1           2           3
     2.37677    -1.19071    -2.69539
     0.22688     0.97392     0.00099
    -0.97392     0.22688    -0.00092
    -0.00112    -0.00075     1.00000
           0           1           2           4
     2.38315    -1.18642    -8.38738
     0.22688     0.97392     0.00099
    -0.97392     0.22688    -0.00092
    -0.00112    -0.00075     1.00000
           0           1           3           1
     2.62493    -0.01147     8.68239
    -0.23474     0.97206     0.00047
    -0.97206    -0.23474    -0.00127
    -0.00112    -0.00075     1.00000
           0           1           3           2
     2.63131    -0.00717     2.99041
    -0.23474     0.97206     0.00047
    -0.97206    -0.23474    -0.00127
    -0.00112    -0.00075     1.00000
           0           1           3           3
     2.63769    -0.00288    -2.70160
    -0.23474     0.97206     0.00047
    -0.97206    -0.23474    -0.00127
    -0.00112    -0.00075     1.00000
           0           1           3           4
     2.64407     0.00141    -8.39359
    -0.23474     0.97206     0.00047
    -0.97206    -0.23474    -0.00127
    -0.00112    -0.00075     1.00000
           0           1           4           1
     2.33721     1.17407     8.68873
    -0.64729     0.76225    -0.00015
    -0.76225    -0.64729    -0.00134
    -0.00112    -0.00075     1.00000
           0           1           4           2
     2.34358     1.17836     2.99675
    -0.64729     0.76225    -0.00015
    -0.76225    -0.64729    -0.00134
    -0.00112    -0.00075     1.00000
           0           1           4           3
     2.34996     1.18266    -2.69526
    -0.64729     0.76225    -0.00015
    -0.76225    -0.64729    -0.00134
    -0.00112    -0.00075     1.00000
           0           1           4           4
     2.35634     1.18695    -8.38725
    -0.64729     0.76225    -0.00015
    -0.76225    -0.64729    -0.00134
    -0.00112    -0.00075     1.00000
           0           1           5           1
     1.53621     2.08549     8.67539
    -0.92080     0.39003    -0.00074
    -0.39003    -0.92080    -0.00113
    -0.00112    -0.00075     1.00000
           0           1           5           2
     1.54259     2.08978     2.98341
    -0.92080     0.39003    -0.00074
    -0.39003    -0.92080    -0.00113
    -0.00112    -0.00075     1.00000
           0           1           5           3
     1.54897     2.09408    -2.70860
    -0.92080     0.39003    -0.00074
    -0.39003    -0.92080    -0.00113
    -0.00112    -0.00075     1.00000
           0           1           5           4
     1.55534     2.09837    -8.40059
    -0.92080     0.39003    -0.00074
    -0.39003    -0.92080    -0.00113
    -0.00112    -0.00075     1.00000
           0           1           6           1
    -1.54154     2.08071    -8.53345
     0.92082     0.39000    -0.00002
     0.39000    -0.92082    -0.00077
    -0.00032     0.00070    -1.00000
           0           1           6           2
    -1.53970     2.07672    -2.84145
     0.92082     0.39000    -0.00002
     0.39000    -0.92082    -0.00077
    -0.00032     0.00070    -1.00000
           0           1           6           3
    -1.53786     2.07272     2.85054
     0.92082     0.39000    -0.00002
     0.39000    -0.92082    -0.00077
    -0.00032     0.00070    -1.00000
           0           1           6           4
    -1.53601     2.06872     8.54254
     0.92082     0.39000    -0.00002
     0.39000    -0.92082    -0.00077
    -0.00032     0.00070    -1.00000
           0           1           7           1
    -2.32062     1.16765    -8.53388
     0.64709     0.76241     0.00033
     0.76241    -0.64709    -0.00070
    -0.00032     0.00070    -1.00000
           0           1           7           2
    -2.31878     1.16366    -2.84188
     0.64709     0.76241     0.00033
     0.76241    -0.64709    -0.00070
    -0.00032     0.00070    -1.00000
           0           1           7           3
    -2.31694     1.15966     2.85012
     0.64709     0.76241     0.00033
     0.76241    -0.64709    -0.00070
    -0.00032     0.00070    -1.00000
           0           1           7           4
    -2.31509     1.15566     8.54211
     0.64709     0.76241     0.00033
     0.76241    -0.64709    -0.00070
    -0.00032     0.00070    -1.00000
           0           1           8           1
    -2.62098     0.01034    -8.54800
     0.23515     0.97196     0.00061
     0.97196    -0.23515    -0.00048
    -0.00032     0.00070    -1.00000
           0           1           8           2
    -2.61914     0.00635    -2.85600
     0.23515     0.97196     0.00061
     0.97196    -0.23515    -0.00048
    -0.00032     0.00070    -1.00000
           0           1           8           3
    -2.61729     0.00235     2.83600
     0.23515     0.97196     0.00061
     0.97196    -0.23515    -0.00048
    -0.00032     0.00070    -1.00000
           0           1           8           4
    -2.61545    -0.00165     8.52800
     0.23515     0.97196     0.00061
     0.97196    -0.23515    -0.00048
    -0.00032     0.00070    -1.00000
           0           1           9           1
    -2.36006    -1.16537    -8.53214
    -0.22662     0.97398     0.00076
     0.97398     0.22662    -0.00016
    -0.00032     0.00070    -1.00000
           0           1           9           2
    -2.35822    -1.16936    -2.84014
    -0.22662     0.97398     0.00076
     0.97398     0.22662    -0.00016
    -0.00032     0.00070    -1.00000
           0           1           9           3
    -2.35638    -1.17336     2.85186
    -0.22662     0.97398     0.00076
     0.97398     0.22662    -0.00016
    -0.00032     0.00070    -1.00000
           0           1           9           4
    -2.35453    -1.17736     8.54386
    -0.22662     0.97398     0.00076
     0.97398     0.22662    -0.00016
    -0.00032     0.00070    -1.00000
           0           1          10           1
    -1.61235    -2.10810    -8.53161
    -0.64099     0.76755     0.00075
     0.76755     0.64099     0.00020
    -0.00032     0.00070    -1.00000
           0           1          10           2
    -1.61051    -2.11210    -2.83961
    -0.64099     0.76755     0.00075
     0.76755     0.64099     0.00020
    -0.00032     0.00070    -1.00000
           0           1          10           3
    -1.60867    -2.11609     2.85239
    -0.64099     0.76755     0.00075
     0.76755     0.64099     0.00020
    -0.00032     0.00070    -1.00000
           0           1          10           4
    -1.60682    -2.12009     8.54438
    -0.64099     0.76755     0.00075
     0.76755     0.64099     0.00020
    -0.00032     0.00070    -1.00000
           0           2           1           1
     2.52470    -4.57620     8.68192
     0.74595     0.66600     0.00134
    -0.66600     0.74595    -0.00018
    -0.00112    -0.00075     1.00000
           0           2           1           2
     2.53108    -4.57190     2.98993
     0.74595     0.66600     0.00134
    -0.66600     0.74595    -0.00018
    -0.00112    -0.00075     1.00000
           0           2           1           3
     2.53746    -4.56761    -2.70206
     0.74595     0.66600     0.00134
    -0.66600     0.74595    -0.00018
    -0.00112    -0.00075     1.00000
           0           2           1           4
     2.54384    -4.56332    -8.39407
     0.74595     0.66600     0.00134
    -0.66600     0.74595    -0.00018
    -0.00112    -0.00075     1.00000
           0           2           2           1
     3.52581    -3.86971     8.68983
     0.56810     0.82296     0.00126
    -0.82296     0.56810    -0.00049
    -0.00112    -0.00075     1.00000
           0           2           2           2
     3.53218    -3.86542     2.99783
     0.56810     0.82296     0.00126
    -0.82296     0.56810    -0.00049
    -0.00112    -0.00075     1.00000
           0           2           2           3
     3.53856    -3.86113    -2.69416
     0.56810     0.82296     0.00126
    -0.82296     0.56810    -0.00049
    -0.00112    -0.00075     1.00000
           0           2           2           4
     3.54494    -3.85683    -8.38616
     0.56810     0.82296     0.00126
    -0.82296     0.56810    -0.00049
    -0.00112    -0.00075     1.00000
           0           2           3           1
     4.33278    -2.93817     8.67784
     0.35828     0.93361     0.00111
    -0.93361     0.35828    -0.00078
    -0.00112    -0.00075     1.00000
           0           2           3           2
     4.33916    -2.93388     2.98583
     0.35828     0.93361     0.00111
    -0.93361     0.35828    -0.00078
    -0.00112    -0.00075     1.00000
           0           2           3           3
     4.34554    -2.92959    -2.70616
     0.35828     0.93361     0.00111
    -0.93361     0.35828    -0.00078
    -0.00112    -0.00075     1.00000
           0           2           3           4
     4.35191    -2.92529    -8.39816
     0.35828     0.93361     0.00111
    -0.93361     0.35828    -0.00078
    -0.00112    -0.00075     1.00000
           0           2           4           1
     4.89178    -1.83796     8.68040
     0.12899     0.99165     0.00089
    -0.99165     0.12899    -0.00101
    -0.00112    -0.00075     1.00000
           0           2           4           2
     4.89815    -1.83367     2.98841
     0.12899     0.99165     0.00089
    -0.99165     0.12899    -0.00101
    -0.00112    -0.00075     1.00000
           0           2           4           3
     4.90453    -1.82938    -2.70359
     0.12899     0.99165     0.00089
    -0.99165     0.12899    -0.00101
    -0.00112    -0.00075     1.00000
           0           2           4           4
     4.91091    -1.82508    -8.39558
     0.12899     0.99165     0.00089
    -0.99165     0.12899    -0.00101
    -0.00112    -0.00075     1.00000
           0           2           5           1
     5.18386    -0.63436     8.67719
    -0.10860     0.99409     0.00063
    -0.99408    -0.10860    -0.00120
    -0.00112    -0.00075     1.00000
           0           2           5           2
     5.19024    -0.63007     2.98519
    -0.10860     0.99409     0.00063
    -0.99408    -0.10860    -0.00120
    -0.00112    -0.00075     1.00000
           0           2           5           3
     5.19662    -0.62577    -2.70680
    -0.10860     0.99409     0.00063
    -0.99408    -0.10860    -0.00120
    -0.00112    -0.00075     1.00000
           0           2           5           4
     5.20299    -0.62148    -8.39881
    -0.10860     0.99409     0.00063
    -0.99408    -0.10860    -0.00120
    -0.00112    -0.00075     1.00000
           0           2           6           1
     5.16603     0.59252     8.66136
    -0.33960     0.94057     0.00033
    -0.94057    -0.33960    -0.00131
    -0.00112    -0.00075     1.00000
           0           2           6           2
     5.17241     0.59681     2.96937
    -0.33960     0.94057     0.00033
    -0.94057    -0.33960    -0.00131
    -0.00112    -0.00075     1.00000
           0           2           6           3
     5.17878     0.60111    -2.72263
    -0.33960     0.94057     0.00033
    -0.94057    -0.33960    -0.00131
    -0.00112    -0.00075     1.00000
           0           2           6           4
     5.18516     0.60540    -8.41462
    -0.33960     0.94057     0.00033
    -0.94057    -0.33960    -0.00131
    -0.00112    -0.00075     1.00000
           0           2           7           1
     4.89060     1.80839     8.68303
    -0.55210     0.83378     0.00001
    -0.83378    -0.55210    -0.00135
    -0.00112    -0.00075     1.00000
           0           2           7           2
     4.89698     1.81269     2.99104
    -0.55210     0.83378     0.00001
    -0.83378    -0.55210    -0.00135
    -0.00112    -0.00075     1.00000
           0           2           7           3
     4.90336     1.81698    -2.70096
    -0.55210     0.83378     0.00001
    -0.83378    -0.55210    -0.00135
    -0.00112    -0.00075     1.00000
           0           2           7           4
     4.90974     1.82128    -8.39295
    -0.55210     0.83378     0.00001
    -0.83378    -0.55210    -0.00135
    -0.00112    -0.00075     1.00000
           0           2           8           1
     4.31729     2.89055     8.68080
    -0.73322     0.67999    -0.00031
    -0.67999    -0.73322    -0.00132
    -0.00112    -0.00075     1.00000
           0           2           8           2
     4.32366     2.89484     2.98880
    -0.73322     0.67999    -0.00031
    -0.67999    -0.73322    -0.00132
    -0.00112    -0.00075     1.00000
           0           2           8           3
     4.33004     2.89913    -2.70319
    -0.73322     0.67999    -0.00031
    -0.67999    -0.73322    -0.00132
    -0.00112    -0.00075     1.00000
           0           2           8           4
     4.33642     2.90343    -8.39519
    -0.73322     0.67999    -0.00031
    -0.67999    -0.73322    -0.00132
    -0.00112    -0.00075     1.00000
           0           2           9           1
     3.50560     3.82036     8.67002
    -0.87287     0.48795    -0.00061
    -0.48795    -0.87287    -0.00121
    -0.00112    -0.00075     1.00000
           0           2           9           2
     3.51198     3.82466     2.97802
    -0.87287     0.48795    -0.00061
    -0.48795    -0.87287    -0.00121
    -0.00112    -0.00075     1.00000
           0           2           9           3
     3.51835     3.82895    -2.71397
    -0.87287     0.48795    -0.00061
    -0.48795    -0.87287    -0.00121
    -0.00112    -0.00075     1.00000
           0           2           9           4
     3.52473     3.83325    -8.40597
    -0.87287     0.48795    -0.00061
    -0.48795    -0.87287    -0.00121
    -0.00112    -0.00075     1.00000
           0           2          10           1
     2.49377     4.51183     8.68283
    -0.96307     0.26924    -0.00088
    -0.26924    -0.96307    -0.00103
    -0.00112    -0.00075     1.00000
           0           2          10           2
     2.50015     4.51613     2.99083
    -0.96307     0.26924    -0.00088
    -0.26924    -0.96307    -0.00103
    -0.00112    -0.00075     1.00000
           0           2          10           3
     2.50653     4.52042    -2.70116
    -0.96307     0.26924    -0.00088
    -0.26924    -0.96307    -0.00103
    -0.00112    -0.00075     1.00000
           0           2          10           4
     2.51291     4.52471    -8.39316
    -0.96307     0.26924    -0.00088
    -0.26924    -0.96307    -0.00103
    -0.00112    -0.00075     1.00000
           0           2          11           1
    -2.48473     4.52430    -8.54210
     0.96362     0.26727    -0.00012
     0.26727    -0.96362    -0.00076
    -0.00032     0.00070    -1.00000
           0           2          11           2
    -2.48288     4.52030    -2.85010
     0.96362     0.26727    -0.00012
     0.26727    -0.96362    -0.00076
    -0.00032     0.00070    -1.00000
           0           2          11           3
    -2.48104     4.51631     2.84189
     0.96362     0.26727    -0.00012
     0.26727    -0.96362    -0.00076
    -0.00032     0.00070    -1.00000
           0           2          11           4
    -2.47920     4.51231     8.53389
     0.96362     0.26727    -0.00012
     0.26727    -0.96362    -0.00076
    -0.00032     0.00070    -1.00000
           0           2          12           1
    -3.51454     3.84293    -8.54325
     0.87351     0.48681     0.00006
     0.48681    -0.87351    -0.00077
    -0.00032     0.00070    -1.00000
           0           2          12           2
    -3.51269     3.83893    -2.85126
     0.87351     0.48681     0.00006
     0.48681    -0.87351    -0.00077
    -0.00032     0.00070    -1.00000
           0           2          12           3
    -3.51085     3.83494     2.84074
     0.87351     0.48681     0.00006
     0.48681    -0.87351    -0.00077
    -0.00032     0.00070    -1.00000
           0           2          12           4
    -3.50901     3.83094     8.53274
     0.87351     0.48681     0.00006
     0.48681    -0.87351    -0.00077
    -0.00032     0.00070    -1.00000
           0           2          13           1
    -4.28759     2.89226    -8.54741
     0.73441     0.67870     0.00024
     0.67870    -0.73441    -0.00074
    -0.00032     0.00070    -1.00000
           0           2          13           2
    -4.28575     2.88826    -2.85541
     0.73441     0.67870     0.00024
     0.67870    -0.73441    -0.00074
    -0.00032     0.00070    -1.00000
           0           2          13           3
    -4.28390     2.88426     2.83658
     0.73441     0.67870     0.00024
     0.67870    -0.73441    -0.00074
    -0.00032     0.00070    -1.00000
           0           2          13           4
    -4.28206     2.88026     8.52858
     0.73441     0.67870     0.00024
     0.67870    -0.73441    -0.00074
    -0.00032     0.00070    -1.00000
           0           2          14           1
    -4.85108     1.80533    -8.54570
     0.55348     0.83286     0.00041
     0.83286    -0.55348    -0.00066
    -0.00032     0.00070    -1.00000
           0           2          14           2
    -4.84923     1.80134    -2.85371
     0.55348     0.83286     0.00041
     0.83286    -0.55348    -0.00066
    -0.00032     0.00070    -1.00000
           0           2          14           3
    -4.84739     1.79734     2.83829
     0.55348     0.83286     0.00041
     0.83286    -0.55348    -0.00066
    -0.00032     0.00070    -1.00000
           0           2          14           4
    -4.84555     1.79334     8.53029
     0.55348     0.83286     0.00041
     0.83286    -0.55348    -0.00066
    -0.00032     0.00070    -1.00000
           0           2          15           1
    -5.14656     0.62389    -8.54831
     0.34221     0.93962     0.00055
     0.93962    -0.34221    -0.00054
    -0.00032     0.00070    -1.00000
           0           2          15           2
    -5.14471     0.61989    -2.85631
     0.34221     0.93962     0.00055
     0.93962    -0.34221    -0.00054
    -0.00032     0.00070    -1.00000
           0           2          15           3
    -5.14287     0.61589     2.83569
     0.34221     0.93962     0.00055
     0.93962    -0.34221    -0.00054
    -0.00032     0.00070    -1.00000
           0           2          15           4
    -5.14103     0.61189     8.52769
     0.34221     0.93962     0.00055
     0.93962    -0.34221    -0.00054
    -0.00032     0.00070    -1.00000
           0           2          16           1
    -5.15861    -0.59903    -8.54268
     0.11040     0.99389     0.00066
     0.99389    -0.11040    -0.00040
    -0.00032     0.00070    -1.00000
           0           2          16           2
    -5.15676    -0.60303    -2.85068
     0.11040     0.99389     0.00066
     0.99389    -0.11040    -0.00040
    -0.00032     0.00070    -1.00000
           0           2          16           3
    -5.15492    -0.60702     2.84131
     0.11040     0.99389     0.00066
     0.99389    -0.11040    -0.00040
    -0.00032     0.00070    -1.00000
           0           2          16           4
    -5.15308    -0.61102     8.53331
     0.11040     0.99389     0.00066
     0.99389    -0.11040    -0.00040
    -0.00032     0.00070    -1.00000
           0           2          17           1
    -4.87959    -1.79046    -8.54517
    -0.12623     0.99200     0.00074
     0.99200     0.12623    -0.00023
    -0.00032     0.00070    -1.00000
           0           2          17           2
    -4.87774    -1.79446    -2.85317
    -0.12623     0.99200     0.00074
     0.99200     0.12623    -0.00023
    -0.00032     0.00070    -1.00000
           0           2          17           3
    -4.87590    -1.79845     2.83883
    -0.12623     0.99200     0.00074
     0.99200     0.12623    -0.00023
    -0.00032     0.00070    -1.00000
           0           2          17           4
    -4.87406    -1.80245     8.53082
    -0.12623     0.99200     0.00074
     0.99200     0.12623    -0.00023
    -0.00032     0.00070    -1.00000
           0           2          18           1
    -4.32804    -2.88726    -8.54756
    -0.35647     0.93431     0.00077
     0.93431     0.35647    -0.00005
    -0.00032     0.00070    -1.00000
           0           2          18           2
    -4.32620    -2.89125    -2.85556
    -0.35647     0.93431     0.00077
     0.93431     0.35647    -0.00005
    -0.00032     0.00070    -1.00000
           0           2          18           3
    -4.32434    -2.89525     2.83644
    -0.35647     0.93431     0.00077
     0.93431     0.35647    -0.00005
    -0.00032     0.00070    -1.00000
           0           2          18           4
    -4.32250    -2.89925     8.52844
    -0.35647     0.93431     0.00077
     0.93431     0.35647    -0.00005
    -0.00032     0.00070    -1.00000
           0           2          19           1
    -3.53758    -3.82200    -8.54129
    -0.56674     0.82390     0.00076
     0.82390     0.56674     0.00013
    -0.00032     0.00070    -1.00000
           0           2          19           2
    -3.53573    -3.82600    -2.84929
    -0.56674     0.82390     0.00076
     0.82390     0.56674     0.00013
    -0.00032     0.00070    -1.00000
           0           2          19           3
    -3.53389    -3.83000     2.84271
    -0.56674     0.82390     0.00076
     0.82390     0.56674     0.00013
    -0.00032     0.00070    -1.00000
           0           2          19           4
    -3.53205    -3.83399     8.53470
    -0.56674     0.82390     0.00076
     0.82390     0.56674     0.00013
    -0.00032     0.00070    -1.00000
           0           2          20           1
    -2.55799    -4.54838    -8.54185
    -0.74539     0.66662     0.00071
     0.66662     0.74539     0.00031
    -0.00032     0.00070    -1.00000
           0           2          20           2
    -2.55614    -4.55238    -2.84985
    -0.74539     0.66662     0.00071
     0.66662     0.74539     0.00031
    -0.00032     0.00070    -1.00000
           0           2          20           3
    -2.55430    -4.55638     2.84215
    -0.74539     0.66662     0.00071
     0.66662     0.74539     0.00031
    -0.00032     0.00070    -1.00000
           0           2          20           4
    -2.55246    -4.56037     8.53415
    -0.74539     0.66662     0.00071
     0.66662     0.74539     0.00031
    -0.00032     0.00070    -1.00000
           0           3           1           1
     5.65812   -10.34859    12.84365
    -0.87813    -0.47842    -0.00134
    -0.47842     0.87813     0.00013
     0.00112     0.00075    -1.00000
           0           3           1           2
     5.66527   -10.34378     6.46825
    -0.87813    -0.47842    -0.00134
    -0.47842     0.87813     0.00013
     0.00112     0.00075    -1.00000
           0           3           1           3
     5.67241   -10.33897     0.09286
    -0.87813    -0.47842    -0.00134
    -0.47842     0.87813     0.00013
     0.00112     0.00075    -1.00000
           0           3           1           4
     5.67955   -10.33416    -6.28254
    -0.87813    -0.47842    -0.00134
    -0.47842     0.87813     0.00013
     0.00112     0.00075    -1.00000
           0           3           1           5
     5.68670   -10.32935   -12.65793
    -0.87813    -0.47842    -0.00134
    -0.47842     0.87813     0.00013
     0.00112     0.00075    -1.00000
           0           3           2           1
     7.57601    -7.17290    12.83926
    -0.68670    -0.72694    -0.00132
    -0.72694     0.68670    -0.00030
     0.00112     0.00075    -1.00000
           0           3           2           2
     7.58315    -7.16809     6.46387
    -0.68670    -0.72694    -0.00132
    -0.72694     0.68670    -0.00030
     0.00112     0.00075    -1.00000
           0           3           2           3
     7.59030    -7.16328     0.08847
    -0.68670    -0.72694    -0.00132
    -0.72694     0.68670    -0.00030
     0.00112     0.00075    -1.00000
           0           3           2           4
     7.59744    -7.15847    -6.28692
    -0.68670    -0.72694    -0.00132
    -0.72694     0.68670    -0.00030
     0.00112     0.00075    -1.00000
           0           3           2           5
     7.60458    -7.15366   -12.66232
    -0.68670    -0.72694    -0.00132
    -0.72694     0.68670    -0.00030
     0.00112     0.00075    -1.00000
           0           3           3           1
    11.52652    -5.68664    12.84437
    -0.44196    -0.89704    -0.00117
    -0.89704     0.44196    -0.00067
     0.00112     0.00075    -1.00000
           0           3           3           2
    11.53367    -5.68183     6.46897
    -0.44196    -0.89704    -0.00117
    -0.89704     0.44196    -0.00067
     0.00112     0.00075    -1.00000
           0           3           3           3
    11.54080    -5.67702     0.09358
    -0.44196    -0.89704    -0.00117
    -0.89704     0.44196    -0.00067
     0.00112     0.00075    -1.00000
           0           3           3           4
    11.54795    -5.67221    -6.28182
    -0.44196    -0.89704    -0.00117
    -0.89704     0.44196    -0.00067
     0.00112     0.00075    -1.00000
           0           3           3           5
    11.55509    -5.66740   -12.65721
    -0.44196    -0.89704    -0.00117
    -0.89704     0.44196    -0.00067
     0.00112     0.00075    -1.00000
           0           3           4           1
    11.57667    -2.08911    12.85636
    -0.17684    -0.98424    -0.00094
    -0.98424     0.17684    -0.00097
     0.00112     0.00075    -1.00000
           0           3           4           2
    11.58382    -2.08430     6.48095
    -0.17684    -0.98424    -0.00094
    -0.98424     0.17684    -0.00097
     0.00112     0.00075    -1.00000
           0           3           4           3
    11.59096    -2.07949     0.10556
    -0.17684    -0.98424    -0.00094
    -0.98424     0.17684    -0.00097
     0.00112     0.00075    -1.00000
           0           3           4           4
    11.59810    -2.07468    -6.26983
    -0.17684    -0.98424    -0.00094
    -0.98424     0.17684    -0.00097
     0.00112     0.00075    -1.00000
           0           3           4           5
    11.60525    -2.06987   -12.64523
    -0.17684    -0.98424    -0.00094
    -0.98424     0.17684    -0.00097
     0.00112     0.00075    -1.00000
           0           3           5           1
    10.16067     1.38752    12.82555
     0.13669    -0.99061    -0.00059
    -0.99061    -0.13669    -0.00121
     0.00112     0.00075    -1.00000
           0           3           5           2
    10.16781     1.39233     6.45016
     0.13669    -0.99061    -0.00059
    -0.99061    -0.13669    -0.00121
     0.00112     0.00075    -1.00000
           0           3           5           3
    10.17495     1.39714     0.07477
     0.13669    -0.99061    -0.00059
    -0.99061    -0.13669    -0.00121
     0.00112     0.00075    -1.00000
           0           3           5           4
    10.18210     1.40195    -6.30063
     0.13669    -0.99061    -0.00059
    -0.99061    -0.13669    -0.00121
     0.00112     0.00075    -1.00000
           0           3           5           5
    10.18924     1.40676   -12.67602
     0.13669    -0.99061    -0.00059
    -0.99061    -0.13669    -0.00121
     0.00112     0.00075    -1.00000
           0           3           6           1
    11.68588     5.45461    12.88804
     0.42358    -0.90586    -0.00021
    -0.90586    -0.42358    -0.00133
     0.00112     0.00075    -1.00000
           0           3           6           2
    11.69302     5.45942     6.51265
     0.42358    -0.90586    -0.00021
    -0.90586    -0.42358    -0.00133
     0.00112     0.00075    -1.00000
           0           3           6           3
    11.70016     5.46423     0.13725
     0.42358    -0.90586    -0.00021
    -0.90586    -0.42358    -0.00133
     0.00112     0.00075    -1.00000
           0           3           6           4
    11.70731     5.46904    -6.23814
     0.42358    -0.90586    -0.00021
    -0.90586    -0.42358    -0.00133
     0.00112     0.00075    -1.00000
           0           3           6           5
    11.71445     5.47385   -12.61354
     0.42358    -0.90586    -0.00021
    -0.90586    -0.42358    -0.00133
     0.00112     0.00075    -1.00000
           0           3           7           1
     8.86814     7.70436    12.86989
     0.65780    -0.75319     0.00017
    -0.75319    -0.65780    -0.00134
     0.00112     0.00075    -1.00000
           0           3           7           2
     8.87528     7.70917     6.49450
     0.65780    -0.75319     0.00017
    -0.75319    -0.65780    -0.00134
     0.00112     0.00075    -1.00000
           0           3           7           3
     8.88242     7.71398     0.11909
     0.65780    -0.75319     0.00017
    -0.75319    -0.65780    -0.00134
     0.00112     0.00075    -1.00000
           0           3           7           4
     8.88957     7.71879    -6.25630
     0.65780    -0.75319     0.00017
    -0.75319    -0.65780    -0.00134
     0.00112     0.00075    -1.00000
           0           3           7           5
     8.89671     7.72360   -12.63169
     0.65780    -0.75319     0.00017
    -0.75319    -0.65780    -0.00134
     0.00112     0.00075    -1.00000
           0           3           8           1
     5.30919     8.85233    12.85332
     0.85837    -0.51303     0.00057
    -0.51303    -0.85837    -0.00122
     0.00112     0.00075    -1.00000
           0           3           8           2
     5.31633     8.85714     6.47792
     0.85837    -0.51303     0.00057
    -0.51303    -0.85837    -0.00122
     0.00112     0.00075    -1.00000
           0           3           8           3
     5.32348     8.86195     0.10253
     0.85837    -0.51303     0.00057
    -0.51303    -0.85837    -0.00122
     0.00112     0.00075    -1.00000
           0           3           8           4
     5.33062     8.86676    -6.27286
     0.85837    -0.51303     0.00057
    -0.51303    -0.85837    -0.00122
     0.00112     0.00075    -1.00000
           0           3           8           5
     5.33777     8.87157   -12.64826
     0.85837    -0.51303     0.00057
    -0.51303    -0.85837    -0.00122
     0.00112     0.00075    -1.00000
           0           3           9           1
    -5.31158     8.88461   -12.77149
    -0.85798    -0.51368    -0.00008
     0.51368    -0.85798    -0.00077
     0.00032    -0.00070     1.00000
           0           3           9           2
    -5.30951     8.88014    -6.39610
    -0.85798    -0.51368    -0.00008
     0.51368    -0.85798    -0.00077
     0.00032    -0.00070     1.00000
           0           3           9           3
    -5.30745     8.87566    -0.02069
    -0.85798    -0.51368    -0.00008
     0.51368    -0.85798    -0.00077
     0.00032    -0.00070     1.00000
           0           3           9           4
    -5.30538     8.87118     6.35471
    -0.85798    -0.51368    -0.00008
     0.51368    -0.85798    -0.00077
     0.00032    -0.00070     1.00000
           0           3           9           5
    -5.30332     8.86670    12.73011
    -0.85798    -0.51368    -0.00008
     0.51368    -0.85798    -0.00077
     0.00032    -0.00070     1.00000
           0           3          10           1
    -8.82853     7.72041   -12.76324
    -0.65685    -0.75402    -0.00032
     0.75402    -0.65685    -0.00071
     0.00032    -0.00070     1.00000
           0           3          10           2
    -8.82647     7.71593    -6.38784
    -0.65685    -0.75402    -0.00032
     0.75402    -0.65685    -0.00071
     0.00032    -0.00070     1.00000
           0           3          10           3
    -8.82440     7.71145    -0.01245
    -0.65685    -0.75402    -0.00032
     0.75402    -0.65685    -0.00071
     0.00032    -0.00070     1.00000
           0           3          10           4
    -8.82234     7.70697     6.36295
    -0.65685    -0.75402    -0.00032
     0.75402    -0.65685    -0.00071
     0.00032    -0.00070     1.00000
           0           3          10           5
    -8.82028     7.70250    12.73835
    -0.65685    -0.75402    -0.00032
     0.75402    -0.65685    -0.00071
     0.00032    -0.00070     1.00000
           0           3          11           1
   -11.60577     5.44213   -12.77437
    -0.42253    -0.90635    -0.00050
     0.90635    -0.42253    -0.00059
     0.00032    -0.00070     1.00000
           0           3          11           2
   -11.60370     5.43765    -6.39897
    -0.42253    -0.90635    -0.00050
     0.90635    -0.42253    -0.00059
     0.00032    -0.00070     1.00000
           0           3          11           3
   -11.60164     5.43317    -0.02358
    -0.42253    -0.90635    -0.00050
     0.90635    -0.42253    -0.00059
     0.00032    -0.00070     1.00000
           0           3          11           4
   -11.59957     5.42869     6.35182
    -0.42253    -0.90635    -0.00050
     0.90635    -0.42253    -0.00059
     0.00032    -0.00070     1.00000
           0           3          11           5
   -11.59751     5.42421    12.72722
    -0.42253    -0.90635    -0.00050
     0.90635    -0.42253    -0.00059
     0.00032    -0.00070     1.00000
           0           3          12           1
   -10.25258     1.43721   -12.76077
    -0.13623    -0.99068    -0.00065
     0.99068    -0.13623    -0.00042
     0.00032    -0.00070     1.00000
           0           3          12           2
   -10.25052     1.43273    -6.38538
    -0.13623    -0.99068    -0.00065
     0.99068    -0.13623    -0.00042
     0.00032    -0.00070     1.00000
           0           3          12           3
   -10.24845     1.42825    -0.00998
    -0.13623    -0.99068    -0.00065
     0.99068    -0.13623    -0.00042
     0.00032    -0.00070     1.00000
           0           3          12           4
   -10.24639     1.42377     6.36542
    -0.13623    -0.99068    -0.00065
     0.99068    -0.13623    -0.00042
     0.00032    -0.00070     1.00000
           0           3          12           5
   -10.24432     1.41929    12.74082
    -0.13623    -0.99068    -0.00065
     0.99068    -0.13623    -0.00042
     0.00032    -0.00070     1.00000
           0           3          13           1
   -11.52021    -2.01980   -12.77465
     0.17745    -0.98413    -0.00075
     0.98413     0.17745    -0.00019
     0.00032    -0.00070     1.00000
           0           3          13           2
   -11.51814    -2.02427    -6.39925
     0.17745    -0.98413    -0.00075
     0.98413     0.17745    -0.00019
     0.00032    -0.00070     1.00000
           0           3          13           3
   -11.51608    -2.02875    -0.02386
     0.17745    -0.98413    -0.00075
     0.98413     0.17745    -0.00019
     0.00032    -0.00070     1.00000
           0           3          13           4
   -11.51401    -2.03323     6.35154
     0.17745    -0.98413    -0.00075
     0.98413     0.17745    -0.00019
     0.00032    -0.00070     1.00000
           0           3          13           5
   -11.51195    -2.03771    12.72694
     0.17745    -0.98413    -0.00075
     0.98413     0.17745    -0.00019
     0.00032    -0.00070     1.00000
           0           3          14           1
   -11.51162    -5.61836   -12.80140
     0.44237    -0.89683    -0.00077
     0.89683     0.44237     0.00002
     0.00032    -0.00070     1.00000
           0           3          14           2
   -11.50955    -5.62284    -6.42600
     0.44237    -0.89683    -0.00077
     0.89683     0.44237     0.00002
     0.00032    -0.00070     1.00000
           0           3          14           3
   -11.50749    -5.62731    -0.05061
     0.44237    -0.89683    -0.00077
     0.89683     0.44237     0.00002
     0.00032    -0.00070     1.00000
           0           3          14           4
   -11.50542    -5.63179     6.32480
     0.44237    -0.89683    -0.00077
     0.89683     0.44237     0.00002
     0.00032    -0.00070     1.00000
           0           3          14           5
   -11.50336    -5.63627    12.70020
     0.44237    -0.89683    -0.00077
     0.89683     0.44237     0.00002
     0.00032    -0.00070     1.00000
           0           3          15           1
    -7.51511    -7.05534   -12.77635
     0.68754    -0.72615    -0.00073
     0.72615     0.68754     0.00025
     0.00032    -0.00070     1.00000
           0           3          15           2
    -7.51304    -7.05981    -6.40095
     0.68754    -0.72615    -0.00073
     0.72615     0.68754     0.00025
     0.00032    -0.00070     1.00000
           0           3          15           3
    -7.51098    -7.06429    -0.02555
     0.68754    -0.72615    -0.00073
     0.72615     0.68754     0.00025
     0.00032    -0.00070     1.00000
           0           3          15           4
    -7.50891    -7.06877     6.34985
     0.68754    -0.72615    -0.00073
     0.72615     0.68754     0.00025
     0.00032    -0.00070     1.00000
           0           3          15           5
    -7.50685    -7.07325    12.72525
     0.68754    -0.72615    -0.00073
     0.72615     0.68754     0.00025
     0.00032    -0.00070     1.00000
           0           3          16           1
    -5.72418   -10.32304   -12.77121
     0.87843    -0.47786    -0.00062
     0.47786     0.87843     0.00046
     0.00032    -0.00070     1.00000
           0           3          16           2
    -5.72211   -10.32752    -6.39581
     0.87843    -0.47786    -0.00062
     0.47786     0.87843     0.00046
     0.00032    -0.00070     1.00000
           0           3          16           3
    -5.72005   -10.33200    -0.02041
     0.87843    -0.47786    -0.00062
     0.47786     0.87843     0.00046
     0.00032    -0.00070     1.00000
           0           3          16           4
    -5.71798   -10.33648     6.35498
     0.87843    -0.47786    -0.00062
     0.47786     0.87843     0.00046
     0.00032    -0.00070     1.00000
           0           3          16           5
    -5.71592   -10.34095    12.73038
     0.87843    -0.47786    -0.00062
     0.47786     0.87843     0.00046
     0.00032    -0.00070     1.00000
           0           4           1           1
     6.60581   -14.07263   -15.85370
     0.90743     0.42021     0.00133
    -0.42021     0.90743     0.00021
    -0.00112    -0.00075     1.00000
           0           4           1           2
     6.59866   -14.07744    -9.47830
     0.90743     0.42021     0.00133
    -0.42021     0.90743     0.00021
    -0.00112    -0.00075     1.00000
           0           4           1           3
     6.59152   -14.08225    -3.10291
     0.90743     0.42021     0.00133
    -0.42021     0.90743     0.00021
    -0.00112    -0.00075     1.00000
           0           4           1           4
     6.58438   -14.08706     3.27248
     0.90743     0.42021     0.00133
    -0.42021     0.90743     0.00021
    -0.00112    -0.00075     1.00000
           0           4           1           5
     6.57723   -14.09187     9.64788
     0.90743     0.42021     0.00133
    -0.42021     0.90743     0.00021
    -0.00112    -0.00075     1.00000
           0           4           1           6
     6.57009   -14.09668    16.02327
     0.90743     0.42021     0.00133
    -0.42021     0.90743     0.00021
    -0.00112    -0.00075     1.00000
           0           4           2           1
    10.21835   -13.31073   -15.86259
     0.79551     0.60594     0.00135
    -0.60594     0.79551    -0.00008
    -0.00112    -0.00075     1.00000
           0           4           2           2
    10.21121   -13.31554    -9.48719
     0.79551     0.60594     0.00135
    -0.60594     0.79551    -0.00008
    -0.00112    -0.00075     1.00000
           0           4           2           3
    10.20406   -13.32035    -3.11180
     0.79551     0.60594     0.00135
    -0.60594     0.79551    -0.00008
    -0.00112    -0.00075     1.00000
           0           4           2           4
    10.19692   -13.32516     3.26360
     0.79551     0.60594     0.00135
    -0.60594     0.79551    -0.00008
    -0.00112    -0.00075     1.00000
           0           4           2           5
    10.18978   -13.32997     9.63899
     0.79551     0.60594     0.00135
    -0.60594     0.79551    -0.00008
    -0.00112    -0.00075     1.00000
           0           4           2           6
    10.18263   -13.33478    16.01439
     0.79551     0.60594     0.00135
    -0.60594     0.79551    -0.00008
    -0.00112    -0.00075     1.00000
           0           4           3           1
    13.53548   -11.75218   -15.81736
     0.65779     0.75320     0.00131
    -0.75320     0.65779    -0.00035
    -0.00112    -0.00075     1.00000
           0           4           3           2
    13.52834   -11.75699    -9.44197
     0.65779     0.75320     0.00131
    -0.75320     0.65779    -0.00035
    -0.00112    -0.00075     1.00000
           0           4           3           3
    13.52119   -11.76180    -3.06658
     0.65779     0.75320     0.00131
    -0.75320     0.65779    -0.00035
    -0.00112    -0.00075     1.00000
           0           4           3           4
    13.51405   -11.76661     3.30882
     0.65779     0.75320     0.00131
    -0.75320     0.65779    -0.00035
    -0.00112    -0.00075     1.00000
           0           4           3           5
    13.50691   -11.77142     9.68421
     0.65779     0.75320     0.00131
    -0.75320     0.65779    -0.00035
    -0.00112    -0.00075     1.00000
           0           4           3           6
    13.49976   -11.77623    16.05961
     0.65779     0.75320     0.00131
    -0.75320     0.65779    -0.00035
    -0.00112    -0.00075     1.00000
           0           4           4           1
    13.57119    -7.51598   -15.85028
     0.48647     0.87370     0.00120
    -0.87370     0.48647    -0.00061
    -0.00112    -0.00075     1.00000
           0           4           4           2
    13.56404    -7.52079    -9.47488
     0.48647     0.87370     0.00120
    -0.87370     0.48647    -0.00061
    -0.00112    -0.00075     1.00000
           0           4           4           3
    13.55690    -7.52560    -3.09949
     0.48647     0.87370     0.00120
    -0.87370     0.48647    -0.00061
    -0.00112    -0.00075     1.00000
           0           4           4           4
    13.54976    -7.53041     3.27590
     0.48647     0.87370     0.00120
    -0.87370     0.48647    -0.00061
    -0.00112    -0.00075     1.00000
           0           4           4           5
    13.54261    -7.53522     9.65130
     0.48647     0.87370     0.00120
    -0.87370     0.48647    -0.00061
    -0.00112    -0.00075     1.00000
           0           4           4           6
    13.53547    -7.54003    16.02669
     0.48647     0.87370     0.00120
    -0.87370     0.48647    -0.00061
    -0.00112    -0.00075     1.00000
           0           4           5           1
    16.02861    -4.76421   -15.84344
     0.28709     0.95790     0.00104
    -0.95790     0.28709    -0.00086
    -0.00112    -0.00075     1.00000
           0           4           5           2
    16.02147    -4.76902    -9.46804
     0.28709     0.95790     0.00104
    -0.95790     0.28709    -0.00086
    -0.00112    -0.00075     1.00000
           0           4           5           3
    16.01433    -4.77382    -3.09265
     0.28709     0.95790     0.00104
    -0.95790     0.28709    -0.00086
    -0.00112    -0.00075     1.00000
           0           4           5           4
    16.00718    -4.77863     3.28274
     0.28709     0.95790     0.00104
    -0.95790     0.28709    -0.00086
    -0.00112    -0.00075     1.00000
           0           4           5           5
    16.00004    -4.78344     9.65814
     0.28709     0.95790     0.00104
    -0.95790     0.28709    -0.00086
    -0.00112    -0.00075     1.00000
           0           4           5           6
    15.99290    -4.78825    16.03353
     0.28709     0.95790     0.00104
    -0.95790     0.28709    -0.00086
    -0.00112    -0.00075     1.00000
           0           4           6           1
    17.88426    -1.57085   -15.82868
     0.08916     0.99602     0.00085
    -0.99602     0.08916    -0.00105
    -0.00112    -0.00075     1.00000
           0           4           6           2
    17.87711    -1.57566    -9.45329
     0.08916     0.99602     0.00085
    -0.99602     0.08916    -0.00105
    -0.00112    -0.00075     1.00000
           0           4           6           3
    17.86997    -1.58047    -3.07789
     0.08916     0.99602     0.00085
    -0.99602     0.08916    -0.00105
    -0.00112    -0.00075     1.00000
           0           4           6           4
    17.86283    -1.58528     3.29750
     0.08916     0.99602     0.00085
    -0.99602     0.08916    -0.00105
    -0.00112    -0.00075     1.00000
           0           4           6           5
    17.85568    -1.59009     9.67290
     0.08916     0.99602     0.00085
    -0.99602     0.08916    -0.00105
    -0.00112    -0.00075     1.00000
           0           4           6           6
    17.84854    -1.59490    16.04829
     0.08916     0.99602     0.00085
    -0.99602     0.08916    -0.00105
    -0.00112    -0.00075     1.00000
           0           4           7           1
    15.25560     1.86536   -15.88337
    -0.12067     0.99269     0.00061
    -0.99269    -0.12067    -0.00120
    -0.00112    -0.00075     1.00000
           0           4           7           2
    15.24845     1.86055    -9.50798
    -0.12067     0.99269     0.00061
    -0.99269    -0.12067    -0.00120
    -0.00112    -0.00075     1.00000
           0           4           7           3
    15.24131     1.85574    -3.13259
    -0.12067     0.99269     0.00061
    -0.99269    -0.12067    -0.00120
    -0.00112    -0.00075     1.00000
           0           4           7           4
    15.23417     1.85093     3.24281
    -0.12067     0.99269     0.00061
    -0.99269    -0.12067    -0.00120
    -0.00112    -0.00075     1.00000
           0           4           7           5
    15.22702     1.84612     9.61820
    -0.12067     0.99269     0.00061
    -0.99269    -0.12067    -0.00120
    -0.00112    -0.00075     1.00000
           0           4           7           6
    15.21988     1.84131    15.99360
    -0.12067     0.99269     0.00061
    -0.99269    -0.12067    -0.00120
    -0.00112    -0.00075     1.00000
           0           4           8           1
    15.80626     5.59673   -15.79480
    -0.33229     0.94318     0.00034
    -0.94318    -0.33229    -0.00131
    -0.00112    -0.00075     1.00000
           0           4           8           2
    15.79912     5.59192    -9.41940
    -0.33229     0.94318     0.00034
    -0.94318    -0.33229    -0.00131
    -0.00112    -0.00075     1.00000
           0           4           8           3
    15.79197     5.58711    -3.04401
    -0.33229     0.94318     0.00034
    -0.94318    -0.33229    -0.00131
    -0.00112    -0.00075     1.00000
           0           4           8           4
    15.78483     5.58230     3.33138
    -0.33229     0.94318     0.00034
    -0.94318    -0.33229    -0.00131
    -0.00112    -0.00075     1.00000
           0           4           8           5
    15.77768     5.57749     9.70679
    -0.33229     0.94318     0.00034
    -0.94318    -0.33229    -0.00131
    -0.00112    -0.00075     1.00000
           0           4           8           6
    15.77054     5.57268    16.08217
    -0.33229     0.94318     0.00034
    -0.94318    -0.33229    -0.00131
    -0.00112    -0.00075     1.00000
           0           4           9           1
    15.42896     9.26500   -15.79184
    -0.51485     0.85728     0.00007
    -0.85728    -0.51485    -0.00135
    -0.00112    -0.00075     1.00000
           0           4           9           2
    15.42182     9.26019    -9.41644
    -0.51485     0.85728     0.00007
    -0.85728    -0.51485    -0.00135
    -0.00112    -0.00075     1.00000
           0           4           9           3
    15.41468     9.25538    -3.04105
    -0.51485     0.85728     0.00007
    -0.85728    -0.51485    -0.00135
    -0.00112    -0.00075     1.00000
           0           4           9           4
    15.40753     9.25057     3.33435
    -0.51485     0.85728     0.00007
    -0.85728    -0.51485    -0.00135
    -0.00112    -0.00075     1.00000
           0           4           9           5
    15.40039     9.24576     9.70974
    -0.51485     0.85728     0.00007
    -0.85728    -0.51485    -0.00135
    -0.00112    -0.00075     1.00000
           0           4           9           6
    15.39325     9.24095    16.08513
    -0.51485     0.85728     0.00007
    -0.85728    -0.51485    -0.00135
    -0.00112    -0.00075     1.00000
           0           4          10           1
    11.33958    10.52837   -15.83413
    -0.68237     0.73100    -0.00021
    -0.73100    -0.68237    -0.00133
    -0.00112    -0.00075     1.00000
           0           4          10           2
    11.33244    10.52356    -9.45874
    -0.68237     0.73100    -0.00021
    -0.73100    -0.68237    -0.00133
    -0.00112    -0.00075     1.00000
           0           4          10           3
    11.32529    10.51875    -3.08335
    -0.68237     0.73100    -0.00021
    -0.73100    -0.68237    -0.00133
    -0.00112    -0.00075     1.00000
           0           4          10           4
    11.31815    10.51394     3.29206
    -0.68237     0.73100    -0.00021
    -0.73100    -0.68237    -0.00133
    -0.00112    -0.00075     1.00000
           0           4          10           5
    11.31100    10.50913     9.66744
    -0.68237     0.73100    -0.00021
    -0.73100    -0.68237    -0.00133
    -0.00112    -0.00075     1.00000
           0           4          10           6
    11.30386    10.50432    16.04284
    -0.68237     0.73100    -0.00021
    -0.73100    -0.68237    -0.00133
    -0.00112    -0.00075     1.00000
           0           4          11           1
     9.48855    13.76714   -15.83322
    -0.82354     0.56726    -0.00049
    -0.56726    -0.82354    -0.00126
    -0.00112    -0.00075     1.00000
           0           4          11           2
     9.48140    13.76233    -9.45782
    -0.82354     0.56726    -0.00049
    -0.56726    -0.82354    -0.00126
    -0.00112    -0.00075     1.00000
           0           4          11           3
     9.47426    13.75752    -3.08243
    -0.82354     0.56726    -0.00049
    -0.56726    -0.82354    -0.00126
    -0.00112    -0.00075     1.00000
           0           4          11           4
     9.46712    13.75271     3.29297
    -0.82354     0.56726    -0.00049
    -0.56726    -0.82354    -0.00126
    -0.00112    -0.00075     1.00000
           0           4          11           5
     9.45997    13.74790     9.66836
    -0.82354     0.56726    -0.00049
    -0.56726    -0.82354    -0.00126
    -0.00112    -0.00075     1.00000
           0           4          11           6
     9.45283    13.74309    16.04375
    -0.82354     0.56726    -0.00049
    -0.56726    -0.82354    -0.00126
    -0.00112    -0.00075     1.00000
           0           4          12           1
     7.05265    16.48941   -15.82507
    -0.92059     0.39052    -0.00074
    -0.39052    -0.92059    -0.00113
    -0.00112    -0.00075     1.00000
           0           4          12           2
     7.04550    16.48460    -9.44968
    -0.92059     0.39052    -0.00074
    -0.39052    -0.92059    -0.00113
    -0.00112    -0.00075     1.00000
           0           4          12           3
     7.03836    16.47979    -3.07428
    -0.92059     0.39052    -0.00074
    -0.39052    -0.92059    -0.00113
    -0.00112    -0.00075     1.00000
           0           4          12           4
     7.03122    16.47498     3.30111
    -0.92059     0.39052    -0.00074
    -0.39052    -0.92059    -0.00113
    -0.00112    -0.00075     1.00000
           0           4          12           5
     7.02407    16.47017     9.67650
    -0.92059     0.39052    -0.00074
    -0.39052    -0.92059    -0.00113
    -0.00112    -0.00075     1.00000
           0           4          12           6
     7.01693    16.46536    16.05190
    -0.92059     0.39052    -0.00074
    -0.39052    -0.92059    -0.00113
    -0.00112    -0.00075     1.00000
           0           4          13           1
    -7.26064    16.69185    15.90802
     0.92065     0.39039    -0.00002
     0.39039    -0.92065    -0.00077
    -0.00032     0.00070    -1.00000
           0           4          13           2
    -7.26270    16.69633     9.53262
     0.92065     0.39039    -0.00002
     0.39039    -0.92065    -0.00077
    -0.00032     0.00070    -1.00000
           0           4          13           3
    -7.26477    16.70081     3.15722
     0.92065     0.39039    -0.00002
     0.39039    -0.92065    -0.00077
    -0.00032     0.00070    -1.00000
           0           4          13           4
    -7.26683    16.70529    -3.21817
     0.92065     0.39039    -0.00002
     0.39039    -0.92065    -0.00077
    -0.00032     0.00070    -1.00000
           0           4          13           5
    -7.26890    16.70976    -9.59357
     0.92065     0.39039    -0.00002
     0.39039    -0.92065    -0.00077
    -0.00032     0.00070    -1.00000
           0           4          13           6
    -7.27096    16.71424   -15.96897
     0.92065     0.39039    -0.00002
     0.39039    -0.92065    -0.00077
    -0.00032     0.00070    -1.00000
           0           4          14           1
    -9.48382    13.73623    15.89487
     0.82370     0.56703     0.00013
     0.56703    -0.82370    -0.00076
    -0.00032     0.00070    -1.00000
           0           4          14           2
    -9.48589    13.74071     9.51949
     0.82370     0.56703     0.00013
     0.56703    -0.82370    -0.00076
    -0.00032     0.00070    -1.00000
           0           4          14           3
    -9.48795    13.74519     3.14408
     0.82370     0.56703     0.00013
     0.56703    -0.82370    -0.00076
    -0.00032     0.00070    -1.00000
           0           4          14           4
    -9.49002    13.74967    -3.23132
     0.82370     0.56703     0.00013
     0.56703    -0.82370    -0.00076
    -0.00032     0.00070    -1.00000
           0           4          14           5
    -9.49208    13.75414    -9.60672
     0.82370     0.56703     0.00013
     0.56703    -0.82370    -0.00076
    -0.00032     0.00070    -1.00000
           0           4          14           6
    -9.49415    13.75862   -15.98211
     0.82370     0.56703     0.00013
     0.56703    -0.82370    -0.00076
    -0.00032     0.00070    -1.00000
           0           4          15           1
   -11.25031    10.48113    15.91273
     0.68225     0.73112     0.00029
     0.73112    -0.68225    -0.00072
    -0.00032     0.00070    -1.00000
           0           4          15           2
   -11.25237    10.48561     9.53734
     0.68225     0.73112     0.00029
     0.73112    -0.68225    -0.00072
    -0.00032     0.00070    -1.00000
           0           4          15           3
   -11.25444    10.49008     3.16194
     0.68225     0.73112     0.00029
     0.73112    -0.68225    -0.00072
    -0.00032     0.00070    -1.00000
           0           4          15           4
   -11.25651    10.49456    -3.21345
     0.68225     0.73112     0.00029
     0.73112    -0.68225    -0.00072
    -0.00032     0.00070    -1.00000
           0           4          15           5
   -11.25858    10.49904    -9.58884
     0.68225     0.73112     0.00029
     0.73112    -0.68225    -0.00072
    -0.00032     0.00070    -1.00000
           0           4          15           6
   -11.26064    10.50352   -15.96425
     0.68225     0.73112     0.00029
     0.73112    -0.68225    -0.00072
    -0.00032     0.00070    -1.00000
           0           4          16           1
   -15.32376     9.18460    15.91536
     0.51457     0.85745     0.00044
     0.85745    -0.51457    -0.00064
    -0.00032     0.00070    -1.00000
           0           4          16           2
   -15.32582     9.18908     9.53996
     0.51457     0.85745     0.00044
     0.85745    -0.51457    -0.00064
    -0.00032     0.00070    -1.00000
           0           4          16           3
   -15.32789     9.19355     3.16456
     0.51457     0.85745     0.00044
     0.85745    -0.51457    -0.00064
    -0.00032     0.00070    -1.00000
           0           4          16           4
   -15.32995     9.19803    -3.21084
     0.51457     0.85745     0.00044
     0.85745    -0.51457    -0.00064
    -0.00032     0.00070    -1.00000
           0           4          16           5
   -15.33202     9.20251    -9.58623
     0.51457     0.85745     0.00044
     0.85745    -0.51457    -0.00064
    -0.00032     0.00070    -1.00000
           0           4          16           6
   -15.33408     9.20699   -15.96163
     0.51457     0.85745     0.00044
     0.85745    -0.51457    -0.00064
    -0.00032     0.00070    -1.00000
           0           4          17           1
   -15.76160     5.53525    15.89239
     0.33222     0.94320     0.00055
     0.94320    -0.33222    -0.00054
    -0.00032     0.00070    -1.00000
           0           4          17           2
   -15.76367     5.53973     9.51699
     0.33222     0.94320     0.00055
     0.94320    -0.33222    -0.00054
    -0.00032     0.00070    -1.00000
           0           4          17           3
   -15.76573     5.54421     3.14159
     0.33222     0.94320     0.00055
     0.94320    -0.33222    -0.00054
    -0.00032     0.00070    -1.00000
           0           4          17           4
   -15.76780     5.54869    -3.23381
     0.33222     0.94320     0.00055
     0.94320    -0.33222    -0.00054
    -0.00032     0.00070    -1.00000
           0           4          17           5
   -15.76986     5.55316    -9.60921
     0.33222     0.94320     0.00055
     0.94320    -0.33222    -0.00054
    -0.00032     0.00070    -1.00000
           0           4          17           6
   -15.77193     5.55764   -15.98460
     0.33222     0.94320     0.00055
     0.94320    -0.33222    -0.00054
    -0.00032     0.00070    -1.00000
           0           4          18           1
   -15.45118     1.87463    15.88836
     0.12122     0.99263     0.00066
     0.99263    -0.12122    -0.00041
    -0.00032     0.00070    -1.00000
           0           4          18           2
   -15.45324     1.87911     9.51298
     0.12122     0.99263     0.00066
     0.99263    -0.12122    -0.00041
    -0.00032     0.00070    -1.00000
           0           4          18           3
   -15.45530     1.88359     3.13757
     0.12122     0.99263     0.00066
     0.99263    -0.12122    -0.00041
    -0.00032     0.00070    -1.00000
           0           4          18           4
   -15.45737     1.88807    -3.23783
     0.12122     0.99263     0.00066
     0.99263    -0.12122    -0.00041
    -0.00032     0.00070    -1.00000
           0           4          18           5
   -15.45943     1.89255    -9.61323
     0.12122     0.99263     0.00066
     0.99263    -0.12122    -0.00041
    -0.00032     0.00070    -1.00000
           0           4          18           6
   -15.46150     1.89702   -15.98863
     0.12122     0.99263     0.00066
     0.99263    -0.12122    -0.00041
    -0.00032     0.00070    -1.00000
           0           4          19           1
   -17.76654    -1.54732    15.87003
    -0.08862     0.99607     0.00073
     0.99607     0.08862    -0.00026
    -0.00032     0.00070    -1.00000
           0           4          19           2
   -17.76861    -1.54285     9.49463
    -0.08862     0.99607     0.00073
     0.99607     0.08862    -0.00026
    -0.00032     0.00070    -1.00000
           0           4          19           3
   -17.77067    -1.53837     3.11924
    -0.08862     0.99607     0.00073
     0.99607     0.08862    -0.00026
    -0.00032     0.00070    -1.00000
           0           4          19           4
   -17.77274    -1.53389    -3.25616
    -0.08862     0.99607     0.00073
     0.99607     0.08862    -0.00026
    -0.00032     0.00070    -1.00000
           0           4          19           5
   -17.77480    -1.52941    -9.63156
    -0.08862     0.99607     0.00073
     0.99607     0.08862    -0.00026
    -0.00032     0.00070    -1.00000
           0           4          19           6
   -17.77687    -1.52493   -16.00696
    -0.08862     0.99607     0.00073
     0.99607     0.08862    -0.00026
    -0.00032     0.00070    -1.00000
           0           4          20           1
   -15.95090    -4.75598    15.87826
    -0.28663     0.95804     0.00077
     0.95804     0.28663    -0.00011
    -0.00032     0.00070    -1.00000
           0           4          20           2
   -15.95296    -4.75150     9.50286
    -0.28663     0.95804     0.00077
     0.95804     0.28663    -0.00011
    -0.00032     0.00070    -1.00000
           0           4          20           3
   -15.95503    -4.74702     3.12746
    -0.28663     0.95804     0.00077
     0.95804     0.28663    -0.00011
    -0.00032     0.00070    -1.00000
           0           4          20           4
   -15.95709    -4.74255    -3.24793
    -0.28663     0.95804     0.00077
     0.95804     0.28663    -0.00011
    -0.00032     0.00070    -1.00000
           0           4          20           5
   -15.95916    -4.73807    -9.62333
    -0.28663     0.95804     0.00077
     0.95804     0.28663    -0.00011
    -0.00032     0.00070    -1.00000
           0           4          20           6
   -15.96122    -4.73359   -15.99873
    -0.28663     0.95804     0.00077
     0.95804     0.28663    -0.00011
    -0.00032     0.00070    -1.00000
           0           4          21           1
   -13.51972    -7.51112    15.86977
    -0.48598     0.87397     0.00077
     0.87397     0.48598     0.00006
    -0.00032     0.00070    -1.00000
           0           4          21           2
   -13.52179    -7.50664     9.49437
    -0.48598     0.87397     0.00077
     0.87397     0.48598     0.00006
    -0.00032     0.00070    -1.00000
           0           4          21           3
   -13.52385    -7.50216     3.11897
    -0.48598     0.87397     0.00077
     0.87397     0.48598     0.00006
    -0.00032     0.00070    -1.00000
           0           4          21           4
   -13.52592    -7.49768    -3.25643
    -0.48598     0.87397     0.00077
     0.87397     0.48598     0.00006
    -0.00032     0.00070    -1.00000
           0           4          21           5
   -13.52798    -7.49320    -9.63183
    -0.48598     0.87397     0.00077
     0.87397     0.48598     0.00006
    -0.00032     0.00070    -1.00000
           0           4          21           6
   -13.53004    -7.48873   -16.00722
    -0.48598     0.87397     0.00077
     0.87397     0.48598     0.00006
    -0.00032     0.00070    -1.00000
           0           4          22           1
   -13.59787   -11.82097    15.93071
    -0.65775     0.75324     0.00074
     0.75324     0.65775     0.00022
    -0.00032     0.00070    -1.00000
           0           4          22           2
   -13.59994   -11.81649     9.55531
    -0.65775     0.75324     0.00074
     0.75324     0.65775     0.00022
    -0.00032     0.00070    -1.00000
           0           4          22           3
   -13.60201   -11.81201     3.17991
    -0.65775     0.75324     0.00074
     0.75324     0.65775     0.00022
    -0.00032     0.00070    -1.00000
           0           4          22           4
   -13.60408   -11.80754    -3.19549
    -0.65775     0.75324     0.00074
     0.75324     0.65775     0.00022
    -0.00032     0.00070    -1.00000
           0           4          22           5
   -13.60614   -11.80306    -9.57089
    -0.65775     0.75324     0.00074
     0.75324     0.65775     0.00022
    -0.00032     0.00070    -1.00000
           0           4          22           6
   -13.60820   -11.79858   -15.94628
    -0.65775     0.75324     0.00074
     0.75324     0.65775     0.00022
    -0.00032     0.00070    -1.00000
           0           4          23           1
   -10.24176   -13.34006    15.90346
    -0.79534     0.60617     0.00068
     0.60617     0.79534     0.00036
    -0.00032     0.00070    -1.00000
           0           4          23           2
   -10.24382   -13.33558     9.52806
    -0.79534     0.60617     0.00068
     0.60617     0.79534     0.00036
    -0.00032     0.00070    -1.00000
           0           4          23           3
   -10.24589   -13.33111     3.15267
    -0.79534     0.60617     0.00068
     0.60617     0.79534     0.00036
    -0.00032     0.00070    -1.00000
           0           4          23           4
   -10.24795   -13.32663    -3.22273
    -0.79534     0.60617     0.00068
     0.60617     0.79534     0.00036
    -0.00032     0.00070    -1.00000
           0           4          23           5
   -10.25002   -13.32215    -9.59813
    -0.79534     0.60617     0.00068
     0.60617     0.79534     0.00036
    -0.00032     0.00070    -1.00000
           0           4          23           6
   -10.25208   -13.31767   -15.97353
    -0.79534     0.60617     0.00068
     0.60617     0.79534     0.00036
    -0.00032     0.00070    -1.00000
           0           4          24           1
    -6.55871   -14.11359    15.87561
    -0.90731     0.42045     0.00059
     0.42045     0.90731     0.00050
    -0.00032     0.00070    -1.00000
           0           4          24           2
    -6.56077   -14.10911     9.50021
    -0.90731     0.42045     0.00059
     0.42045     0.90731     0.00050
    -0.00032     0.00070    -1.00000
           0           4          24           3
    -6.56284   -14.10464     3.12481
    -0.90731     0.42045     0.00059
     0.42045     0.90731     0.00050
    -0.00032     0.00070    -1.00000
           0           4          24           4
    -6.56490   -14.10016    -3.25059
    -0.90731     0.42045     0.00059
     0.42045     0.90731     0.00050
    -0.00032     0.00070    -1.00000
           0           4          24           5
    -6.56697   -14.09568    -9.62599
    -0.90731     0.42045     0.00059
     0.42045     0.90731     0.00050
    -0.00032     0.00070    -1.00000
           0           4          24           6
    -6.56903   -14.09120   -16.00138
    -0.90731     0.42045     0.00059
     0.42045     0.90731     0.00050
    -0.00032     0.00070    -1.00000
