 SVX cage parameters:
     2.20000
     0.50000     0.20000
     0.00000
           6
   -40.00000   -26.50000   -26.50000    26.50000    26.50000    40.00000
    53.00000    53.00000    22.00000    22.00000    53.00000    53.00000
     0.00000     0.00000     0.00000
 SVX barrel parameters:
           4
     2.63000     5.13000    11.76500    16.68700     1.21400
     0.00000     0.00000     0.00000     0.00000
           4           4           5           6
     0.69600     0.69600     1.74500     1.74500
     0.01000     0.01000     0.03125     0.03125
     2.83600     2.83600     3.18770     3.18770
     0.01900     0.01900     0.00000     0.00000
     0.02000     0.02000     0.00000     0.00000
    26.70000    13.60000    17.00000    12.00000
   -13.00000   -13.02000     0.00000     0.00000
           2
           5           5
     0.00000   180.00000
           2
          10          10
     0.00000   180.00000
           2
           8           8
     0.00000   180.00000
           2
          12          12
     0.00000   180.00000
 SVX barrel sensor rotation matrices and translation vectors:
           0           1           1           1
     1.57000    -2.10997     8.53800
     0.64646     0.76294    -0.00000
    -0.76294     0.64646    -0.00000
    -0.00000     0.00000     1.00000
           0           1           1           2
     1.57000    -2.10997     2.84600
     0.64646     0.76294    -0.00000
    -0.76294     0.64646    -0.00000
    -0.00000     0.00000     1.00000
           0           1           1           3
     1.57000    -2.10997    -2.84600
     0.64646     0.76294    -0.00000
    -0.76294     0.64646    -0.00000
    -0.00000     0.00000     1.00000
           0           1           1           4
     1.57000    -2.10997    -8.53800
     0.64646     0.76294    -0.00000
    -0.76294     0.64646    -0.00000
    -0.00000     0.00000     1.00000
           0           1           2           1
     2.34728    -1.17136     8.53970
     0.23257     0.97258    -0.00000
    -0.97258     0.23257    -0.00000
    -0.00000     0.00000     1.00000
           0           1           2           2
     2.34728    -1.17136     2.84770
     0.23257     0.97258    -0.00000
    -0.97258     0.23257    -0.00000
    -0.00000     0.00000     1.00000
           0           1           2           3
     2.34728    -1.17136    -2.84430
     0.23257     0.97258    -0.00000
    -0.97258     0.23257    -0.00000
    -0.00000     0.00000     1.00000
           0           1           2           4
     2.34728    -1.17136    -8.53630
     0.23257     0.97258    -0.00000
    -0.97258     0.23257    -0.00000
    -0.00000     0.00000     1.00000
           0           1           3           1
     2.63603     0.00359     8.53908
    -0.22750     0.97378     0.00000
    -0.97378    -0.22750     0.00000
     0.00000     0.00000     1.00000
           0           1           3           2
     2.63603     0.00359     2.84708
    -0.22750     0.97378     0.00000
    -0.97378    -0.22750     0.00000
     0.00000     0.00000     1.00000
           0           1           3           3
     2.63603     0.00359    -2.84492
    -0.22750     0.97378     0.00000
    -0.97378    -0.22750     0.00000
     0.00000     0.00000     1.00000
           0           1           3           4
     2.63603     0.00359    -8.53692
    -0.22750     0.97378     0.00000
    -0.97378    -0.22750     0.00000
     0.00000     0.00000     1.00000
           0           1           4           1
     2.34098     1.18463     8.53881
    -0.64163     0.76702     0.00000
    -0.76702    -0.64163     0.00000
     0.00000     0.00000     1.00000
           0           1           4           2
     2.34098     1.18463     2.84681
    -0.64163     0.76702     0.00000
    -0.76702    -0.64163     0.00000
     0.00000     0.00000     1.00000
           0           1           4           3
     2.34098     1.18463    -2.84519
    -0.64163     0.76702     0.00000
    -0.76702    -0.64163     0.00000
     0.00000     0.00000     1.00000
           0           1           4           4
     2.34098     1.18463    -8.53719
    -0.64163     0.76702     0.00000
    -0.76702    -0.64163     0.00000
     0.00000     0.00000     1.00000
           0           1           5           1
     1.55291     2.11349     8.53757
    -0.91890     0.39450     0.00000
    -0.39450    -0.91890     0.00000
     0.00000     0.00000     1.00000
           0           1           5           2
     1.55291     2.11349     2.84557
    -0.91890     0.39450     0.00000
    -0.39450    -0.91890     0.00000
     0.00000     0.00000     1.00000
           0           1           5           3
     1.55291     2.11349    -2.84643
    -0.91890     0.39450     0.00000
    -0.39450    -0.91890     0.00000
     0.00000     0.00000     1.00000
           0           1           5           4
     1.55291     2.11349    -8.53843
    -0.91890     0.39450     0.00000
    -0.39450    -0.91890     0.00000
     0.00000     0.00000     1.00000
           0           1           6           1
    -1.56062     2.10176    -8.54320
     0.91690     0.39911     0.00000
     0.39911    -0.91690     0.00000
     0.00000    -0.00000    -1.00000
           0           1           6           2
    -1.56062     2.10176    -2.85120
     0.91690     0.39911     0.00000
     0.39911    -0.91690     0.00000
     0.00000    -0.00000    -1.00000
           0           1           6           3
    -1.56062     2.10176     2.84080
     0.91690     0.39911     0.00000
     0.39911    -0.91690     0.00000
     0.00000    -0.00000    -1.00000
           0           1           6           4
    -1.56062     2.10176     8.53280
     0.91690     0.39911     0.00000
     0.39911    -0.91690     0.00000
     0.00000    -0.00000    -1.00000
           0           1           7           1
    -2.33372     1.16968    -8.54185
     0.63867     0.76948    -0.00000
     0.76948    -0.63867    -0.00000
    -0.00000     0.00000    -1.00000
           0           1           7           2
    -2.33372     1.16968    -2.84985
     0.63867     0.76948    -0.00000
     0.76948    -0.63867    -0.00000
    -0.00000     0.00000    -1.00000
           0           1           7           3
    -2.33372     1.16968     2.84214
     0.63867     0.76948    -0.00000
     0.76948    -0.63867    -0.00000
    -0.00000     0.00000    -1.00000
           0           1           7           4
    -2.33372     1.16968     8.53415
     0.63867     0.76948    -0.00000
     0.76948    -0.63867    -0.00000
    -0.00000     0.00000    -1.00000
           0           1           8           1
    -2.63558     0.00555    -8.54435
     0.22823     0.97361    -0.00000
     0.97361    -0.22823    -0.00000
    -0.00000     0.00000    -1.00000
           0           1           8           2
    -2.63557     0.00555    -2.85235
     0.22823     0.97361    -0.00000
     0.97361    -0.22823    -0.00000
    -0.00000     0.00000    -1.00000
           0           1           8           3
    -2.63557     0.00555     2.83965
     0.22823     0.97361    -0.00000
     0.97361    -0.22823    -0.00000
    -0.00000     0.00000    -1.00000
           0           1           8           4
    -2.63557     0.00555     8.53165
     0.22823     0.97361    -0.00000
     0.97361    -0.22823    -0.00000
    -0.00000     0.00000    -1.00000
           0           1           9           1
    -2.34302    -1.17748    -8.53931
    -0.23530     0.97192    -0.00000
     0.97192     0.23530    -0.00000
    -0.00000    -0.00000    -1.00000
           0           1           9           2
    -2.34302    -1.17748    -2.84731
    -0.23530     0.97192    -0.00000
     0.97192     0.23530    -0.00000
    -0.00000    -0.00000    -1.00000
           0           1           9           3
    -2.34302    -1.17748     2.84469
    -0.23530     0.97192    -0.00000
     0.97192     0.23530    -0.00000
    -0.00000    -0.00000    -1.00000
           0           1           9           4
    -2.34302    -1.17748     8.53669
    -0.23530     0.97192    -0.00000
     0.97192     0.23530    -0.00000
    -0.00000    -0.00000    -1.00000
           0           1          10           1
    -1.56099    -2.10864    -8.54011
    -0.64833     0.76136    -0.00000
     0.76136     0.64833    -0.00000
    -0.00000    -0.00000    -1.00000
           0           1          10           2
    -1.56099    -2.10864    -2.84811
    -0.64833     0.76136    -0.00000
     0.76136     0.64833    -0.00000
    -0.00000    -0.00000    -1.00000
           0           1          10           3
    -1.56099    -2.10864     2.84389
    -0.64833     0.76136    -0.00000
     0.76136     0.64833    -0.00000
    -0.00000    -0.00000    -1.00000
           0           1          10           4
    -1.56099    -2.10864     8.53589
    -0.64833     0.76136    -0.00000
     0.76136     0.64833    -0.00000
    -0.00000    -0.00000    -1.00000
           0           2           1           1
     2.48349    -4.51671     8.54000
     0.74476     0.66733    -0.00000
    -0.66733     0.74476    -0.00000
    -0.00000     0.00000     1.00000
           0           2           1           2
     2.48349    -4.51671     2.84800
     0.74476     0.66733    -0.00000
    -0.66733     0.74476    -0.00000
    -0.00000     0.00000     1.00000
           0           2           1           3
     2.48349    -4.51671    -2.84400
     0.74476     0.66733    -0.00000
    -0.66733     0.74476    -0.00000
    -0.00000     0.00000     1.00000
           0           2           1           4
     2.48349    -4.51671    -8.53600
     0.74476     0.66733    -0.00000
    -0.66733     0.74476    -0.00000
    -0.00000     0.00000     1.00000
           0           2           2           1
     3.47165    -3.80769     8.54276
     0.56765     0.82327    -0.00000
    -0.82327     0.56765    -0.00000
     0.00000     0.00000     1.00000
           0           2           2           2
     3.47165    -3.80769     2.85076
     0.56765     0.82327    -0.00000
    -0.82327     0.56765    -0.00000
     0.00000     0.00000     1.00000
           0           2           2           3
     3.47165    -3.80769    -2.84124
     0.56765     0.82327    -0.00000
    -0.82327     0.56765    -0.00000
     0.00000     0.00000     1.00000
           0           2           2           4
     3.47165    -3.80769    -8.53324
     0.56765     0.82327    -0.00000
    -0.82327     0.56765    -0.00000
     0.00000     0.00000     1.00000
           0           2           3           1
     4.27410    -2.88129     8.53947
     0.35719     0.93403    -0.00000
    -0.93403     0.35719    -0.00000
     0.00000     0.00000     1.00000
           0           2           3           2
     4.27410    -2.88129     2.84747
     0.35719     0.93403    -0.00000
    -0.93403     0.35719    -0.00000
     0.00000     0.00000     1.00000
           0           2           3           3
     4.27410    -2.88129    -2.84453
     0.35719     0.93403    -0.00000
    -0.93403     0.35719    -0.00000
     0.00000     0.00000     1.00000
           0           2           3           4
     4.27410    -2.88129    -8.53654
     0.35719     0.93403    -0.00000
    -0.93403     0.35719    -0.00000
     0.00000     0.00000     1.00000
           0           2           4           1
     4.83563    -1.79384     8.54088
     0.12699     0.99190    -0.00000
    -0.99190     0.12699    -0.00000
    -0.00000     0.00000     1.00000
           0           2           4           2
     4.83563    -1.79384     2.84888
     0.12699     0.99190    -0.00000
    -0.99190     0.12699    -0.00000
    -0.00000     0.00000     1.00000
           0           2           4           3
     4.83563    -1.79384    -2.84312
     0.12699     0.99190    -0.00000
    -0.99190     0.12699    -0.00000
    -0.00000     0.00000     1.00000
           0           2           4           4
     4.83563    -1.79384    -8.53512
     0.12699     0.99190    -0.00000
    -0.99190     0.12699    -0.00000
    -0.00000     0.00000     1.00000
           0           2           5           1
     5.12406    -0.61218     8.53947
    -0.10877     0.99407     0.00000
    -0.99407    -0.10877     0.00000
     0.00000     0.00000     1.00000
           0           2           5           2
     5.12406    -0.61218     2.84747
    -0.10877     0.99407     0.00000
    -0.99407    -0.10877     0.00000
     0.00000     0.00000     1.00000
           0           2           5           3
     5.12406    -0.61218    -2.84453
    -0.10877     0.99407     0.00000
    -0.99407    -0.10877     0.00000
     0.00000     0.00000     1.00000
           0           2           5           4
     5.12406    -0.61218    -8.53653
    -0.10877     0.99407     0.00000
    -0.99407    -0.10877     0.00000
     0.00000     0.00000     1.00000
           0           2           6           1
     5.12496     0.60324     8.53877
    -0.33825     0.94106     0.00000
    -0.94106    -0.33825     0.00000
     0.00000     0.00000     1.00000
           0           2           6           2
     5.12496     0.60324     2.84677
    -0.33825     0.94106     0.00000
    -0.94106    -0.33825     0.00000
     0.00000     0.00000     1.00000
           0           2           6           3
     5.12496     0.60324    -2.84523
    -0.33825     0.94106     0.00000
    -0.94106    -0.33825     0.00000
     0.00000     0.00000     1.00000
           0           2           6           4
     5.12496     0.60324    -8.53723
    -0.33825     0.94106     0.00000
    -0.94106    -0.33825     0.00000
     0.00000     0.00000     1.00000
           0           2           7           1
     4.83272     1.79278     8.53861
    -0.55063     0.83475     0.00000
    -0.83475    -0.55063     0.00000
     0.00000     0.00000     1.00000
           0           2           7           2
     4.83272     1.79278     2.84661
    -0.55063     0.83475     0.00000
    -0.83475    -0.55063     0.00000
     0.00000     0.00000     1.00000
           0           2           7           3
     4.83272     1.79278    -2.84539
    -0.55063     0.83475     0.00000
    -0.83475    -0.55063     0.00000
     0.00000     0.00000     1.00000
           0           2           7           4
     4.83272     1.79278    -8.53739
    -0.55063     0.83475     0.00000
    -0.83475    -0.55063     0.00000
     0.00000     0.00000     1.00000
           0           2           8           1
     4.28024     2.87774     8.53815
    -0.73101     0.68237     0.00000
    -0.68237    -0.73101     0.00000
     0.00000     0.00000     1.00000
           0           2           8           2
     4.28024     2.87774     2.84615
    -0.73101     0.68237     0.00000
    -0.68237    -0.73101     0.00000
     0.00000     0.00000     1.00000
           0           2           8           3
     4.28024     2.87774    -2.84585
    -0.73101     0.68237     0.00000
    -0.68237    -0.73101     0.00000
     0.00000     0.00000     1.00000
           0           2           8           4
     4.28024     2.87774    -8.53785
    -0.73101     0.68237     0.00000
    -0.68237    -0.73101     0.00000
     0.00000     0.00000     1.00000
           0           2           9           1
     3.47553     3.80155     8.53661
    -0.87140     0.49057     0.00000
    -0.49057    -0.87140     0.00000
     0.00000     0.00000     1.00000
           0           2           9           2
     3.47553     3.80155     2.84461
    -0.87140     0.49057     0.00000
    -0.49057    -0.87140     0.00000
     0.00000     0.00000     1.00000
           0           2           9           3
     3.47553     3.80155    -2.84739
    -0.87140     0.49057     0.00000
    -0.49057    -0.87140     0.00000
     0.00000     0.00000     1.00000
           0           2           9           4
     3.47553     3.80155    -8.53939
    -0.87140     0.49057     0.00000
    -0.49057    -0.87140     0.00000
     0.00000     0.00000     1.00000
           0           2          10           1
     2.48680     4.51525     8.54286
    -0.96228     0.27206     0.00000
    -0.27206    -0.96228     0.00000
     0.00000     0.00000     1.00000
           0           2          10           2
     2.48680     4.51525     2.85086
    -0.96228     0.27206     0.00000
    -0.27206    -0.96228     0.00000
     0.00000     0.00000     1.00000
           0           2          10           3
     2.48680     4.51525    -2.84114
    -0.96228     0.27206     0.00000
    -0.27206    -0.96228     0.00000
     0.00000     0.00000     1.00000
           0           2          10           4
     2.48680     4.51525    -8.53314
    -0.96228     0.27206     0.00000
    -0.27206    -0.96228     0.00000
     0.00000     0.00000     1.00000
           0           2          11           1
    -2.47616     4.51466    -8.53756
     0.96276     0.27037     0.00000
     0.27037    -0.96276     0.00000
     0.00000    -0.00000    -1.00000
           0           2          11           2
    -2.47616     4.51466    -2.84556
     0.96276     0.27037     0.00000
     0.27037    -0.96276     0.00000
     0.00000    -0.00000    -1.00000
           0           2          11           3
    -2.47616     4.51466     2.84644
     0.96276     0.27037     0.00000
     0.27037    -0.96276     0.00000
     0.00000    -0.00000    -1.00000
           0           2          11           4
    -2.47616     4.51466     8.53844
     0.96276     0.27037     0.00000
     0.27037    -0.96276     0.00000
     0.00000    -0.00000    -1.00000
           0           2          12           1
    -3.45918     3.78827    -8.53800
     0.87170     0.49004     0.00000
     0.49004    -0.87170     0.00000
     0.00000    -0.00000    -1.00000
           0           2          12           2
    -3.45918     3.78827    -2.84600
     0.87170     0.49004     0.00000
     0.49004    -0.87170     0.00000
     0.00000    -0.00000    -1.00000
           0           2          12           3
    -3.45918     3.78827     2.84600
     0.87170     0.49004     0.00000
     0.49004    -0.87170     0.00000
     0.00000    -0.00000    -1.00000
           0           2          12           4
    -3.45918     3.78827     8.53800
     0.87170     0.49004     0.00000
     0.49004    -0.87170     0.00000
     0.00000    -0.00000    -1.00000
           0           2          13           1
    -4.25125     2.87121    -8.54278
     0.73244     0.68083     0.00000
     0.68083    -0.73244     0.00000
     0.00000    -0.00000    -1.00000
           0           2          13           2
    -4.25125     2.87121    -2.85078
     0.73244     0.68083     0.00000
     0.68083    -0.73244     0.00000
     0.00000    -0.00000    -1.00000
           0           2          13           3
    -4.25125     2.87121     2.84122
     0.73244     0.68083     0.00000
     0.68083    -0.73244     0.00000
     0.00000    -0.00000    -1.00000
           0           2          13           4
    -4.25125     2.87121     8.53322
     0.73244     0.68083     0.00000
     0.68083    -0.73244     0.00000
     0.00000    -0.00000    -1.00000
           0           2          14           1
    -4.81921     1.79168    -8.53904
     0.55122     0.83436    -0.00000
     0.83436    -0.55122    -0.00000
    -0.00000     0.00000    -1.00000
           0           2          14           2
    -4.81921     1.79168    -2.84704
     0.55122     0.83436    -0.00000
     0.83436    -0.55122    -0.00000
    -0.00000     0.00000    -1.00000
           0           2          14           3
    -4.81921     1.79168     2.84496
     0.55122     0.83436    -0.00000
     0.83436    -0.55122    -0.00000
    -0.00000     0.00000    -1.00000
           0           2          14           4
    -4.81921     1.79168     8.53696
     0.55122     0.83436    -0.00000
     0.83436    -0.55122    -0.00000
    -0.00000     0.00000    -1.00000
           0           2          15           1
    -5.13005     0.60676    -8.54083
     0.33878     0.94087    -0.00000
     0.94087    -0.33878    -0.00000
    -0.00000     0.00000    -1.00000
           0           2          15           2
    -5.13005     0.60676    -2.84883
     0.33878     0.94087    -0.00000
     0.94087    -0.33878    -0.00000
    -0.00000     0.00000    -1.00000
           0           2          15           3
    -5.13005     0.60676     2.84317
     0.33878     0.94087    -0.00000
     0.94087    -0.33878    -0.00000
    -0.00000     0.00000    -1.00000
           0           2          15           4
    -5.13005     0.60676     8.53517
     0.33878     0.94087    -0.00000
     0.94087    -0.33878    -0.00000
    -0.00000     0.00000    -1.00000
           0           2          16           1
    -5.12578    -0.61153    -8.53831
     0.10893     0.99405    -0.00000
     0.99405    -0.10893    -0.00000
    -0.00000     0.00000    -1.00000
           0           2          16           2
    -5.12578    -0.61153    -2.84631
     0.10893     0.99405    -0.00000
     0.99405    -0.10893    -0.00000
    -0.00000     0.00000    -1.00000
           0           2          16           3
    -5.12578    -0.61153     2.84569
     0.10893     0.99405    -0.00000
     0.99405    -0.10893    -0.00000
    -0.00000     0.00000    -1.00000
           0           2          16           4
    -5.12578    -0.61153     8.53769
     0.10893     0.99405    -0.00000
     0.99405    -0.10893    -0.00000
    -0.00000     0.00000    -1.00000
           0           2          17           1
    -4.83364    -1.79574    -8.53763
    -0.12747     0.99184    -0.00000
     0.99184     0.12747    -0.00000
    -0.00000    -0.00000    -1.00000
           0           2          17           2
    -4.83364    -1.79574    -2.84563
    -0.12747     0.99184    -0.00000
     0.99184     0.12747    -0.00000
    -0.00000    -0.00000    -1.00000
           0           2          17           3
    -4.83364    -1.79574     2.84637
    -0.12747     0.99184    -0.00000
     0.99184     0.12747    -0.00000
    -0.00000    -0.00000    -1.00000
           0           2          17           4
    -4.83364    -1.79574     8.53837
    -0.12747     0.99184    -0.00000
     0.99184     0.12747    -0.00000
    -0.00000    -0.00000    -1.00000
           0           2          18           1
    -4.27195    -2.88285    -8.53874
    -0.35764     0.93386    -0.00000
     0.93386     0.35764    -0.00000
    -0.00000    -0.00000    -1.00000
           0           2          18           2
    -4.27195    -2.88285    -2.84674
    -0.35764     0.93386    -0.00000
     0.93386     0.35764    -0.00000
    -0.00000    -0.00000    -1.00000
           0           2          18           3
    -4.27195    -2.88285     2.84526
    -0.35764     0.93386    -0.00000
     0.93386     0.35764    -0.00000
    -0.00000    -0.00000    -1.00000
           0           2          18           4
    -4.27195    -2.88285     8.53726
    -0.35764     0.93386    -0.00000
     0.93386     0.35764    -0.00000
    -0.00000    -0.00000    -1.00000
           0           2          19           1
    -3.47276    -3.80847    -8.53849
    -0.56760     0.82331    -0.00000
     0.82331     0.56760    -0.00000
    -0.00000    -0.00000    -1.00000
           0           2          19           2
    -3.47276    -3.80847    -2.84649
    -0.56760     0.82331    -0.00000
     0.82331     0.56760    -0.00000
    -0.00000    -0.00000    -1.00000
           0           2          19           3
    -3.47276    -3.80847     2.84551
    -0.56760     0.82331    -0.00000
     0.82331     0.56760    -0.00000
    -0.00000    -0.00000    -1.00000
           0           2          19           4
    -3.47276    -3.80847     8.53751
    -0.56760     0.82331    -0.00000
     0.82331     0.56760    -0.00000
    -0.00000    -0.00000    -1.00000
           0           2          20           1
    -2.47683    -4.51868    -8.53940
    -0.74565     0.66634    -0.00000
     0.66634     0.74565    -0.00000
    -0.00000    -0.00000    -1.00000
           0           2          20           2
    -2.47683    -4.51868    -2.84740
    -0.74565     0.66634    -0.00000
     0.66634     0.74565    -0.00000
    -0.00000    -0.00000    -1.00000
           0           2          20           3
    -2.47683    -4.51868     2.84460
    -0.74565     0.66634    -0.00000
     0.66634     0.74565    -0.00000
    -0.00000    -0.00000    -1.00000
           0           2          20           4
    -2.47683    -4.51868     8.53660
    -0.74565     0.66634    -0.00000
     0.66634     0.74565    -0.00000
    -0.00000    -0.00000    -1.00000
           0           3           1           1
     5.61963   -10.32280    12.75012
    -0.87829    -0.47813    -0.00000
    -0.47813     0.87829    -0.00000
     0.00000    -0.00000    -1.00000
           0           3           1           2
     5.61963   -10.32280     6.37473
    -0.87829    -0.47813    -0.00000
    -0.47813     0.87829    -0.00000
     0.00000    -0.00000    -1.00000
           0           3           1           3
     5.61963   -10.32280    -0.00067
    -0.87829    -0.47813    -0.00000
    -0.47813     0.87829    -0.00000
     0.00000    -0.00000    -1.00000
           0           3           1           4
     5.61963   -10.32280    -6.37607
    -0.87829    -0.47813    -0.00000
    -0.47813     0.87829    -0.00000
     0.00000    -0.00000    -1.00000
           0           3           1           5
     5.61963   -10.32280   -12.75148
    -0.87829    -0.47813    -0.00000
    -0.47813     0.87829    -0.00000
     0.00000    -0.00000    -1.00000
           0           3           2           1
     7.52814    -7.13028    12.74260
    -0.68766    -0.72603     0.00000
    -0.72603     0.68766     0.00000
    -0.00000     0.00000    -1.00000
           0           3           2           2
     7.52814    -7.13028     6.36720
    -0.68766    -0.72603     0.00000
    -0.72603     0.68766     0.00000
    -0.00000     0.00000    -1.00000
           0           3           2           3
     7.52814    -7.13028    -0.00820
    -0.68766    -0.72603     0.00000
    -0.72603     0.68766     0.00000
    -0.00000     0.00000    -1.00000
           0           3           2           4
     7.52814    -7.13028    -6.38360
    -0.68766    -0.72603     0.00000
    -0.72603     0.68766     0.00000
    -0.00000     0.00000    -1.00000
           0           3           2           5
     7.52814    -7.13028   -12.75900
    -0.68766    -0.72603     0.00000
    -0.72603     0.68766     0.00000
    -0.00000     0.00000    -1.00000
           0           3           3           1
    11.51629    -5.66202    12.74814
    -0.44121    -0.89741     0.00000
    -0.89741     0.44121     0.00000
    -0.00000     0.00000    -1.00000
           0           3           3           2
    11.51629    -5.66202     6.37274
    -0.44121    -0.89741     0.00000
    -0.89741     0.44121     0.00000
    -0.00000     0.00000    -1.00000
           0           3           3           3
    11.51629    -5.66202    -0.00266
    -0.44121    -0.89741     0.00000
    -0.89741     0.44121     0.00000
    -0.00000     0.00000    -1.00000
           0           3           3           4
    11.51629    -5.66202    -6.37806
    -0.44121    -0.89741     0.00000
    -0.89741     0.44121     0.00000
    -0.00000     0.00000    -1.00000
           0           3           3           5
    11.51629    -5.66202   -12.75346
    -0.44121    -0.89741     0.00000
    -0.89741     0.44121     0.00000
    -0.00000     0.00000    -1.00000
           0           3           4           1
    11.57112    -2.07340    12.74575
    -0.17638    -0.98432     0.00000
    -0.98432     0.17638     0.00000
    -0.00000     0.00000    -1.00000
           0           3           4           2
    11.57112    -2.07340     6.37035
    -0.17638    -0.98432     0.00000
    -0.98432     0.17638     0.00000
    -0.00000     0.00000    -1.00000
           0           3           4           3
    11.57112    -2.07340    -0.00505
    -0.17638    -0.98432     0.00000
    -0.98432     0.17638     0.00000
    -0.00000     0.00000    -1.00000
           0           3           4           4
    11.57112    -2.07340    -6.38045
    -0.17638    -0.98432     0.00000
    -0.98432     0.17638     0.00000
    -0.00000     0.00000    -1.00000
           0           3           4           5
    11.57112    -2.07340   -12.75585
    -0.17638    -0.98432     0.00000
    -0.98432     0.17638     0.00000
    -0.00000     0.00000    -1.00000
           0           3           5           1
    10.26504     1.41792    12.74513
     0.13683    -0.99059     0.00000
    -0.99059    -0.13683     0.00000
    -0.00000    -0.00000    -1.00000
           0           3           5           2
    10.26504     1.41792     6.36973
     0.13683    -0.99059     0.00000
    -0.99059    -0.13683     0.00000
    -0.00000    -0.00000    -1.00000
           0           3           5           3
    10.26504     1.41792    -0.00567
     0.13683    -0.99059     0.00000
    -0.99059    -0.13683     0.00000
    -0.00000    -0.00000    -1.00000
           0           3           5           4
    10.26504     1.41792    -6.38107
     0.13683    -0.99059     0.00000
    -0.99059    -0.13683     0.00000
    -0.00000    -0.00000    -1.00000
           0           3           5           5
    10.26504     1.41792   -12.75647
     0.13683    -0.99059     0.00000
    -0.99059    -0.13683     0.00000
    -0.00000    -0.00000    -1.00000
           0           3           6           1
    11.63500     5.43593    12.75327
     0.42329    -0.90600     0.00000
    -0.90600    -0.42329     0.00000
    -0.00000    -0.00000    -1.00000
           0           3           6           2
    11.63500     5.43593     6.37787
     0.42329    -0.90600     0.00000
    -0.90600    -0.42329     0.00000
    -0.00000    -0.00000    -1.00000
           0           3           6           3
    11.63500     5.43593     0.00247
     0.42329    -0.90600     0.00000
    -0.90600    -0.42329     0.00000
    -0.00000    -0.00000    -1.00000
           0           3           6           4
    11.63500     5.43593    -6.37293
     0.42329    -0.90600     0.00000
    -0.90600    -0.42329     0.00000
    -0.00000    -0.00000    -1.00000
           0           3           6           5
    11.63500     5.43593   -12.74833
     0.42329    -0.90600     0.00000
    -0.90600    -0.42329     0.00000
    -0.00000    -0.00000    -1.00000
           0           3           7           1
     8.86434     7.72442    12.74978
     0.65697    -0.75392     0.00000
    -0.75392    -0.65697     0.00000
    -0.00000    -0.00000    -1.00000
           0           3           7           2
     8.86434     7.72442     6.37438
     0.65697    -0.75392     0.00000
    -0.75392    -0.65697     0.00000
    -0.00000    -0.00000    -1.00000
           0           3           7           3
     8.86434     7.72442    -0.00102
     0.65697    -0.75392     0.00000
    -0.75392    -0.65697     0.00000
    -0.00000    -0.00000    -1.00000
           0           3           7           4
     8.86434     7.72442    -6.37642
     0.65697    -0.75392     0.00000
    -0.75392    -0.65697     0.00000
    -0.00000    -0.00000    -1.00000
           0           3           7           5
     8.86434     7.72442   -12.75182
     0.65697    -0.75392     0.00000
    -0.75392    -0.65697     0.00000
    -0.00000    -0.00000    -1.00000
           0           3           8           1
     5.30835     8.88707    12.74374
     0.85851    -0.51279     0.00000
    -0.51279    -0.85851     0.00000
    -0.00000    -0.00000    -1.00000
           0           3           8           2
     5.30835     8.88707     6.36834
     0.85851    -0.51279     0.00000
    -0.51279    -0.85851     0.00000
    -0.00000    -0.00000    -1.00000
           0           3           8           3
     5.30835     8.88707    -0.00706
     0.85851    -0.51279     0.00000
    -0.51279    -0.85851     0.00000
    -0.00000    -0.00000    -1.00000
           0           3           8           4
     5.30835     8.88707    -6.38246
     0.85851    -0.51279     0.00000
    -0.51279    -0.85851     0.00000
    -0.00000    -0.00000    -1.00000
           0           3           8           5
     5.30835     8.88707   -12.75786
     0.85851    -0.51279     0.00000
    -0.51279    -0.85851     0.00000
    -0.00000    -0.00000    -1.00000
           0           3           9           1
    -5.30535     8.89353   -12.73255
    -0.85880    -0.51231    -0.00000
     0.51231    -0.85880    -0.00000
     0.00000     0.00000     1.00000
           0           3           9           2
    -5.30535     8.89353    -6.35715
    -0.85880    -0.51231    -0.00000
     0.51231    -0.85880    -0.00000
     0.00000     0.00000     1.00000
           0           3           9           3
    -5.30535     8.89353     0.01825
    -0.85880    -0.51231    -0.00000
     0.51231    -0.85880    -0.00000
     0.00000     0.00000     1.00000
           0           3           9           4
    -5.30535     8.89353     6.39365
    -0.85880    -0.51231    -0.00000
     0.51231    -0.85880    -0.00000
     0.00000     0.00000     1.00000
           0           3           9           5
    -5.30535     8.89353    12.76905
    -0.85880    -0.51231    -0.00000
     0.51231    -0.85880    -0.00000
     0.00000     0.00000     1.00000
           0           3          10           1
    -8.85716     7.75008   -12.74705
    -0.65851    -0.75257    -0.00000
     0.75257    -0.65851    -0.00000
     0.00000     0.00000     1.00000
           0           3          10           2
    -8.85716     7.75008    -6.37165
    -0.65851    -0.75257    -0.00000
     0.75257    -0.65851    -0.00000
     0.00000     0.00000     1.00000
           0           3          10           3
    -8.85716     7.75008     0.00375
    -0.65851    -0.75257    -0.00000
     0.75257    -0.65851    -0.00000
     0.00000     0.00000     1.00000
           0           3          10           4
    -8.85716     7.75008     6.37915
    -0.65851    -0.75257    -0.00000
     0.75257    -0.65851    -0.00000
     0.00000     0.00000     1.00000
           0           3          10           5
    -8.85716     7.75008    12.75455
    -0.65851    -0.75257    -0.00000
     0.75257    -0.65851    -0.00000
     0.00000     0.00000     1.00000
           0           3          11           1
   -11.62424     5.45592   -12.74435
    -0.42488    -0.90525    -0.00000
     0.90525    -0.42488    -0.00000
     0.00000     0.00000     1.00000
           0           3          11           2
   -11.62424     5.45592    -6.36895
    -0.42488    -0.90525    -0.00000
     0.90525    -0.42488    -0.00000
     0.00000     0.00000     1.00000
           0           3          11           3
   -11.62424     5.45592     0.00645
    -0.42488    -0.90525    -0.00000
     0.90525    -0.42488    -0.00000
     0.00000     0.00000     1.00000
           0           3          11           4
   -11.62424     5.45592     6.38185
    -0.42488    -0.90525    -0.00000
     0.90525    -0.42488    -0.00000
     0.00000     0.00000     1.00000
           0           3          11           5
   -11.62424     5.45592    12.75725
    -0.42488    -0.90525    -0.00000
     0.90525    -0.42488    -0.00000
     0.00000     0.00000     1.00000
           0           3          12           1
   -10.25403     1.40646   -12.73658
    -0.13589    -0.99072    -0.00000
     0.99072    -0.13589    -0.00000
     0.00000    -0.00000     1.00000
           0           3          12           2
   -10.25403     1.40646    -6.36118
    -0.13589    -0.99072    -0.00000
     0.99072    -0.13589    -0.00000
     0.00000    -0.00000     1.00000
           0           3          12           3
   -10.25403     1.40646     0.01422
    -0.13589    -0.99072    -0.00000
     0.99072    -0.13589    -0.00000
     0.00000    -0.00000     1.00000
           0           3          12           4
   -10.25403     1.40646     6.38962
    -0.13589    -0.99072    -0.00000
     0.99072    -0.13589    -0.00000
     0.00000    -0.00000     1.00000
           0           3          12           5
   -10.25403     1.40646    12.76502
    -0.13589    -0.99072    -0.00000
     0.99072    -0.13589    -0.00000
     0.00000    -0.00000     1.00000
           0           3          13           1
   -11.56719    -2.06803   -12.73752
     0.17600    -0.98439    -0.00000
     0.98439     0.17600    -0.00000
     0.00000     0.00000     1.00000
           0           3          13           2
   -11.56719    -2.06803    -6.36212
     0.17600    -0.98439    -0.00000
     0.98439     0.17600    -0.00000
     0.00000     0.00000     1.00000
           0           3          13           3
   -11.56719    -2.06803     0.01328
     0.17600    -0.98439    -0.00000
     0.98439     0.17600    -0.00000
     0.00000     0.00000     1.00000
           0           3          13           4
   -11.56719    -2.06803     6.38868
     0.17600    -0.98439    -0.00000
     0.98439     0.17600    -0.00000
     0.00000     0.00000     1.00000
           0           3          13           5
   -11.56719    -2.06803    12.76408
     0.17600    -0.98439    -0.00000
     0.98439     0.17600    -0.00000
     0.00000     0.00000     1.00000
           0           3          14           1
   -11.51911    -5.66111   -12.74781
     0.44107    -0.89747    -0.00000
     0.89747     0.44107    -0.00000
     0.00000     0.00000     1.00000
           0           3          14           2
   -11.51911    -5.66111    -6.37241
     0.44107    -0.89747    -0.00000
     0.89747     0.44107    -0.00000
     0.00000     0.00000     1.00000
           0           3          14           3
   -11.51911    -5.66111     0.00299
     0.44107    -0.89747    -0.00000
     0.89747     0.44107    -0.00000
     0.00000     0.00000     1.00000
           0           3          14           4
   -11.51911    -5.66111     6.37839
     0.44107    -0.89747    -0.00000
     0.89747     0.44107    -0.00000
     0.00000     0.00000     1.00000
           0           3          14           5
   -11.51911    -5.66111    12.75379
     0.44107    -0.89747    -0.00000
     0.89747     0.44107    -0.00000
     0.00000     0.00000     1.00000
           0           3          15           1
    -7.51312    -7.10617   -12.74547
     0.68716    -0.72651    -0.00000
     0.72651     0.68716    -0.00000
     0.00000     0.00000     1.00000
           0           3          15           2
    -7.51312    -7.10617    -6.37007
     0.68716    -0.72651    -0.00000
     0.72651     0.68716    -0.00000
     0.00000     0.00000     1.00000
           0           3          15           3
    -7.51312    -7.10617     0.00533
     0.68716    -0.72651    -0.00000
     0.72651     0.68716    -0.00000
     0.00000     0.00000     1.00000
           0           3          15           4
    -7.51312    -7.10617     6.38073
     0.68716    -0.72651    -0.00000
     0.72651     0.68716    -0.00000
     0.00000     0.00000     1.00000
           0           3          15           5
    -7.51312    -7.10617    12.75613
     0.68716    -0.72651    -0.00000
     0.72651     0.68716    -0.00000
     0.00000     0.00000     1.00000
           0           3          16           1
    -5.62753   -10.31822   -12.74972
     0.87792    -0.47882    -0.00000
     0.47882     0.87792    -0.00000
     0.00000     0.00000     1.00000
           0           3          16           2
    -5.62753   -10.31822    -6.37432
     0.87792    -0.47882    -0.00000
     0.47882     0.87792    -0.00000
     0.00000     0.00000     1.00000
           0           3          16           3
    -5.62753   -10.31822     0.00108
     0.87792    -0.47882    -0.00000
     0.47882     0.87792    -0.00000
     0.00000     0.00000     1.00000
           0           3          16           4
    -5.62753   -10.31822     6.37648
     0.87792    -0.47882    -0.00000
     0.47882     0.87792    -0.00000
     0.00000     0.00000     1.00000
           0           3          16           5
    -5.62753   -10.31822    12.75188
     0.87792    -0.47882    -0.00000
     0.47882     0.87792    -0.00000
     0.00000     0.00000     1.00000
           0           4           1           1
     6.50461   -14.02362   -15.93793
     0.90717     0.42077    -0.00000
    -0.42077     0.90717    -0.00000
     0.00000     0.00000     1.00000
           0           4           1           2
     6.50461   -14.02362    -9.56252
     0.90717     0.42077    -0.00000
    -0.42077     0.90717    -0.00000
     0.00000     0.00000     1.00000
           0           4           1           3
     6.50461   -14.02362    -3.18712
     0.90717     0.42077    -0.00000
    -0.42077     0.90717    -0.00000
     0.00000     0.00000     1.00000
           0           4           1           4
     6.50461   -14.02362     3.18828
     0.90717     0.42077    -0.00000
    -0.42077     0.90717    -0.00000
     0.00000     0.00000     1.00000
           0           4           1           5
     6.50461   -14.02362     9.56368
     0.90717     0.42077    -0.00000
    -0.42077     0.90717    -0.00000
     0.00000     0.00000     1.00000
           0           4           1           6
     6.50461   -14.02362    15.93908
     0.90717     0.42077    -0.00000
    -0.42077     0.90717    -0.00000
     0.00000     0.00000     1.00000
           0           4           2           1
    10.10023   -13.26007   -15.93421
     0.79551     0.60594    -0.00000
    -0.60594     0.79551    -0.00000
    -0.00000     0.00000     1.00000
           0           4           2           2
    10.10023   -13.26007    -9.55880
     0.79551     0.60594    -0.00000
    -0.60594     0.79551    -0.00000
    -0.00000     0.00000     1.00000
           0           4           2           3
    10.10023   -13.26007    -3.18341
     0.79551     0.60594    -0.00000
    -0.60594     0.79551    -0.00000
    -0.00000     0.00000     1.00000
           0           4           2           4
    10.10023   -13.26007     3.19199
     0.79551     0.60594    -0.00000
    -0.60594     0.79551    -0.00000
    -0.00000     0.00000     1.00000
           0           4           2           5
    10.10023   -13.26007     9.56739
     0.79551     0.60594    -0.00000
    -0.60594     0.79551    -0.00000
    -0.00000     0.00000     1.00000
           0           4           2           6
    10.10023   -13.26007    15.94280
     0.79551     0.60594    -0.00000
    -0.60594     0.79551    -0.00000
    -0.00000     0.00000     1.00000
           0           4           3           1
    13.47237   -11.76174   -15.93028
     0.65766     0.75331    -0.00000
    -0.75331     0.65766    -0.00000
    -0.00000     0.00000     1.00000
           0           4           3           2
    13.47237   -11.76174    -9.55488
     0.65766     0.75331    -0.00000
    -0.75331     0.65766    -0.00000
    -0.00000     0.00000     1.00000
           0           4           3           3
    13.47237   -11.76174    -3.17948
     0.65766     0.75331    -0.00000
    -0.75331     0.65766    -0.00000
    -0.00000     0.00000     1.00000
           0           4           3           4
    13.47237   -11.76174     3.19592
     0.65766     0.75331    -0.00000
    -0.75331     0.65766    -0.00000
    -0.00000     0.00000     1.00000
           0           4           3           5
    13.47237   -11.76174     9.57132
     0.65766     0.75331    -0.00000
    -0.75331     0.65766    -0.00000
    -0.00000     0.00000     1.00000
           0           4           3           6
    13.47237   -11.76174    15.94672
     0.65766     0.75331    -0.00000
    -0.75331     0.65766    -0.00000
    -0.00000     0.00000     1.00000
           0           4           4           1
    13.51486    -7.50627   -15.94198
     0.48554     0.87421    -0.00000
    -0.87421     0.48554    -0.00000
     0.00000     0.00000     1.00000
           0           4           4           2
    13.51486    -7.50627    -9.56657
     0.48554     0.87421    -0.00000
    -0.87421     0.48554    -0.00000
     0.00000     0.00000     1.00000
           0           4           4           3
    13.51486    -7.50627    -3.19118
     0.48554     0.87421    -0.00000
    -0.87421     0.48554    -0.00000
     0.00000     0.00000     1.00000
           0           4           4           4
    13.51486    -7.50627     3.18422
     0.48554     0.87421    -0.00000
    -0.87421     0.48554    -0.00000
     0.00000     0.00000     1.00000
           0           4           4           5
    13.51486    -7.50627     9.55962
     0.48554     0.87421    -0.00000
    -0.87421     0.48554    -0.00000
     0.00000     0.00000     1.00000
           0           4           4           6
    13.51486    -7.50627    15.93503
     0.48554     0.87421    -0.00000
    -0.87421     0.48554    -0.00000
     0.00000     0.00000     1.00000
           0           4           5           1
    15.97678    -4.77199   -15.94485
     0.28619     0.95817    -0.00000
    -0.95817     0.28619    -0.00000
     0.00000     0.00000     1.00000
           0           4           5           2
    15.97678    -4.77199    -9.56945
     0.28619     0.95817    -0.00000
    -0.95817     0.28619    -0.00000
     0.00000     0.00000     1.00000
           0           4           5           3
    15.97678    -4.77199    -3.19405
     0.28619     0.95817    -0.00000
    -0.95817     0.28619    -0.00000
     0.00000     0.00000     1.00000
           0           4           5           4
    15.97678    -4.77199     3.18135
     0.28619     0.95817    -0.00000
    -0.95817     0.28619    -0.00000
     0.00000     0.00000     1.00000
           0           4           5           5
    15.97678    -4.77199     9.55675
     0.28619     0.95817    -0.00000
    -0.95817     0.28619    -0.00000
     0.00000     0.00000     1.00000
           0           4           5           6
    15.97678    -4.77199    15.93215
     0.28619     0.95817    -0.00000
    -0.95817     0.28619    -0.00000
     0.00000     0.00000     1.00000
           0           4           6           1
    17.81595    -1.58371   -15.94301
     0.08854     0.99607    -0.00000
    -0.99607     0.08854    -0.00000
     0.00000     0.00000     1.00000
           0           4           6           2
    17.81595    -1.58371    -9.56761
     0.08854     0.99607    -0.00000
    -0.99607     0.08854    -0.00000
     0.00000     0.00000     1.00000
           0           4           6           3
    17.81595    -1.58371    -3.19221
     0.08854     0.99607    -0.00000
    -0.99607     0.08854    -0.00000
     0.00000     0.00000     1.00000
           0           4           6           4
    17.81595    -1.58371     3.18319
     0.08854     0.99607    -0.00000
    -0.99607     0.08854    -0.00000
     0.00000     0.00000     1.00000
           0           4           6           5
    17.81595    -1.58371     9.55859
     0.08854     0.99607    -0.00000
    -0.99607     0.08854    -0.00000
     0.00000     0.00000     1.00000
           0           4           6           6
    17.81595    -1.58371    15.93399
     0.08854     0.99607    -0.00000
    -0.99607     0.08854    -0.00000
     0.00000     0.00000     1.00000
           0           4           7           1
    15.33943     1.87649   -15.93608
    -0.12143     0.99260     0.00000
    -0.99260    -0.12143     0.00000
     0.00000     0.00000     1.00000
           0           4           7           2
    15.33943     1.87649    -9.56068
    -0.12143     0.99260     0.00000
    -0.99260    -0.12143     0.00000
     0.00000     0.00000     1.00000
           0           4           7           3
    15.33943     1.87649    -3.18528
    -0.12143     0.99260     0.00000
    -0.99260    -0.12143     0.00000
     0.00000     0.00000     1.00000
           0           4           7           4
    15.33943     1.87649     3.19012
    -0.12143     0.99260     0.00000
    -0.99260    -0.12143     0.00000
     0.00000     0.00000     1.00000
           0           4           7           5
    15.33943     1.87649     9.56552
    -0.12143     0.99260     0.00000
    -0.99260    -0.12143     0.00000
     0.00000     0.00000     1.00000
           0           4           7           6
    15.33943     1.87649    15.94092
    -0.12143     0.99260     0.00000
    -0.99260    -0.12143     0.00000
     0.00000     0.00000     1.00000
           0           4           8           1
    15.72206     5.54639   -15.93355
    -0.33268     0.94304     0.00000
    -0.94304    -0.33268     0.00000
     0.00000     0.00000     1.00000
           0           4           8           2
    15.72206     5.54639    -9.55815
    -0.33268     0.94304     0.00000
    -0.94304    -0.33268     0.00000
     0.00000     0.00000     1.00000
           0           4           8           3
    15.72206     5.54639    -3.18275
    -0.33268     0.94304     0.00000
    -0.94304    -0.33268     0.00000
     0.00000     0.00000     1.00000
           0           4           8           4
    15.72206     5.54639     3.19265
    -0.33268     0.94304     0.00000
    -0.94304    -0.33268     0.00000
     0.00000     0.00000     1.00000
           0           4           8           5
    15.72206     5.54639     9.56805
    -0.33268     0.94304     0.00000
    -0.94304    -0.33268     0.00000
     0.00000     0.00000     1.00000
           0           4           8           6
    15.72206     5.54639    15.94345
    -0.33268     0.94304     0.00000
    -0.94304    -0.33268     0.00000
     0.00000     0.00000     1.00000
           0           4           9           1
    15.32562     9.21995   -15.93223
    -0.51550     0.85689     0.00000
    -0.85689    -0.51550     0.00000
     0.00000     0.00000     1.00000
           0           4           9           2
    15.32562     9.21995    -9.55682
    -0.51550     0.85689     0.00000
    -0.85689    -0.51550     0.00000
     0.00000     0.00000     1.00000
           0           4           9           3
    15.32562     9.21995    -3.18142
    -0.51550     0.85689     0.00000
    -0.85689    -0.51550     0.00000
     0.00000     0.00000     1.00000
           0           4           9           4
    15.32562     9.21995     3.19398
    -0.51550     0.85689     0.00000
    -0.85689    -0.51550     0.00000
     0.00000     0.00000     1.00000
           0           4           9           5
    15.32562     9.21995     9.56938
    -0.51550     0.85689     0.00000
    -0.85689    -0.51550     0.00000
     0.00000     0.00000     1.00000
           0           4           9           6
    15.32562     9.21995    15.94479
    -0.51550     0.85689     0.00000
    -0.85689    -0.51550     0.00000
     0.00000     0.00000     1.00000
           0           4          10           1
    11.30579    10.53714   -15.94221
    -0.68180     0.73154     0.00000
    -0.73154    -0.68180     0.00000
     0.00000     0.00000     1.00000
           0           4          10           2
    11.30579    10.53714    -9.56681
    -0.68180     0.73154     0.00000
    -0.73154    -0.68180     0.00000
     0.00000     0.00000     1.00000
           0           4          10           3
    11.30579    10.53714    -3.19141
    -0.68180     0.73154     0.00000
    -0.73154    -0.68180     0.00000
     0.00000     0.00000     1.00000
           0           4          10           4
    11.30579    10.53714     3.18399
    -0.68180     0.73154     0.00000
    -0.73154    -0.68180     0.00000
     0.00000     0.00000     1.00000
           0           4          10           5
    11.30579    10.53714     9.55939
    -0.68180     0.73154     0.00000
    -0.73154    -0.68180     0.00000
     0.00000     0.00000     1.00000
           0           4          10           6
    11.30579    10.53714    15.93479
    -0.68180     0.73154     0.00000
    -0.73154    -0.68180     0.00000
     0.00000     0.00000     1.00000
           0           4          11           1
     9.46122    13.74559   -15.93850
    -0.82373     0.56698     0.00000
    -0.56698    -0.82373     0.00000
     0.00000     0.00000     1.00000
           0           4          11           2
     9.46122    13.74559    -9.56310
    -0.82373     0.56698     0.00000
    -0.56698    -0.82373     0.00000
     0.00000     0.00000     1.00000
           0           4          11           3
     9.46122    13.74559    -3.18770
    -0.82373     0.56698     0.00000
    -0.56698    -0.82373     0.00000
     0.00000     0.00000     1.00000
           0           4          11           4
     9.46122    13.74559     3.18770
    -0.82373     0.56698     0.00000
    -0.56698    -0.82373     0.00000
     0.00000     0.00000     1.00000
           0           4          11           5
     9.46122    13.74559     9.56310
    -0.82373     0.56698     0.00000
    -0.56698    -0.82373     0.00000
     0.00000     0.00000     1.00000
           0           4          11           6
     9.46122    13.74559    15.93850
    -0.82373     0.56698     0.00000
    -0.56698    -0.82373     0.00000
     0.00000     0.00000     1.00000
           0           4          12           1
     6.98660    16.48131   -15.93574
    -0.92069     0.39029     0.00000
    -0.39029    -0.92069     0.00000
     0.00000     0.00000     1.00000
           0           4          12           2
     6.98660    16.48131    -9.56034
    -0.92069     0.39029     0.00000
    -0.39029    -0.92069     0.00000
     0.00000     0.00000     1.00000
           0           4          12           3
     6.98660    16.48131    -3.18494
    -0.92069     0.39029     0.00000
    -0.39029    -0.92069     0.00000
     0.00000     0.00000     1.00000
           0           4          12           4
     6.98660    16.48131     3.19046
    -0.92069     0.39029     0.00000
    -0.39029    -0.92069     0.00000
     0.00000     0.00000     1.00000
           0           4          12           5
     6.98660    16.48131     9.56586
    -0.92069     0.39029     0.00000
    -0.39029    -0.92069     0.00000
     0.00000     0.00000     1.00000
           0           4          12           6
     6.98660    16.48131    15.94126
    -0.92069     0.39029     0.00000
    -0.39029    -0.92069     0.00000
     0.00000     0.00000     1.00000
           0           4          13           1
    -6.98659    16.47093    15.92858
     0.92060     0.39050     0.00000
     0.39050    -0.92060     0.00000
     0.00000    -0.00000    -1.00000
           0           4          13           2
    -6.98659    16.47093     9.55318
     0.92060     0.39050     0.00000
     0.39050    -0.92060     0.00000
     0.00000    -0.00000    -1.00000
           0           4          13           3
    -6.98659    16.47093     3.17778
     0.92060     0.39050     0.00000
     0.39050    -0.92060     0.00000
     0.00000    -0.00000    -1.00000
           0           4          13           4
    -6.98659    16.47093    -3.19762
     0.92060     0.39050     0.00000
     0.39050    -0.92060     0.00000
     0.00000    -0.00000    -1.00000
           0           4          13           5
    -6.98659    16.47093    -9.57302
     0.92060     0.39050     0.00000
     0.39050    -0.92060     0.00000
     0.00000    -0.00000    -1.00000
           0           4          13           6
    -6.98659    16.47093   -15.94842
     0.92060     0.39050     0.00000
     0.39050    -0.92060     0.00000
     0.00000    -0.00000    -1.00000
           0           4          14           1
    -9.45700    13.73301    15.93841
     0.82361     0.56716     0.00000
     0.56716    -0.82361     0.00000
     0.00000    -0.00000    -1.00000
           0           4          14           2
    -9.45700    13.73301     9.56301
     0.82361     0.56716     0.00000
     0.56716    -0.82361     0.00000
     0.00000    -0.00000    -1.00000
           0           4          14           3
    -9.45700    13.73301     3.18761
     0.82361     0.56716     0.00000
     0.56716    -0.82361     0.00000
     0.00000    -0.00000    -1.00000
           0           4          14           4
    -9.45700    13.73301    -3.18779
     0.82361     0.56716     0.00000
     0.56716    -0.82361     0.00000
     0.00000    -0.00000    -1.00000
           0           4          14           5
    -9.45700    13.73301    -9.56319
     0.82361     0.56716     0.00000
     0.56716    -0.82361     0.00000
     0.00000    -0.00000    -1.00000
           0           4          14           6
    -9.45700    13.73301   -15.93859
     0.82361     0.56716     0.00000
     0.56716    -0.82361     0.00000
     0.00000    -0.00000    -1.00000
           0           4          15           1
   -11.30181    10.54415    15.93669
     0.68216     0.73120    -0.00000
     0.73120    -0.68216    -0.00000
    -0.00000     0.00000    -1.00000
           0           4          15           2
   -11.30181    10.54415     9.56129
     0.68216     0.73120    -0.00000
     0.73120    -0.68216    -0.00000
    -0.00000     0.00000    -1.00000
           0           4          15           3
   -11.30181    10.54415     3.18589
     0.68216     0.73120    -0.00000
     0.73120    -0.68216    -0.00000
    -0.00000     0.00000    -1.00000
           0           4          15           4
   -11.30181    10.54415    -3.18951
     0.68216     0.73120    -0.00000
     0.73120    -0.68216    -0.00000
    -0.00000     0.00000    -1.00000
           0           4          15           5
   -11.30181    10.54415    -9.56491
     0.68216     0.73120    -0.00000
     0.73120    -0.68216    -0.00000
    -0.00000     0.00000    -1.00000
           0           4          15           6
   -11.30181    10.54415   -15.94031
     0.68216     0.73120    -0.00000
     0.73120    -0.68216    -0.00000
    -0.00000     0.00000    -1.00000
           0           4          16           1
   -15.33398     9.21260    15.93072
     0.51499     0.85719    -0.00000
     0.85719    -0.51499    -0.00000
    -0.00000     0.00000    -1.00000
           0           4          16           2
   -15.33398     9.21260     9.55532
     0.51499     0.85719    -0.00000
     0.85719    -0.51499    -0.00000
    -0.00000     0.00000    -1.00000
           0           4          16           3
   -15.33398     9.21260     3.17992
     0.51499     0.85719    -0.00000
     0.85719    -0.51499    -0.00000
    -0.00000     0.00000    -1.00000
           0           4          16           4
   -15.33398     9.21260    -3.19548
     0.51499     0.85719    -0.00000
     0.85719    -0.51499    -0.00000
    -0.00000     0.00000    -1.00000
           0           4          16           5
   -15.33398     9.21260    -9.57088
     0.51499     0.85719    -0.00000
     0.85719    -0.51499    -0.00000
    -0.00000     0.00000    -1.00000
           0           4          16           6
   -15.33398     9.21260   -15.94628
     0.51499     0.85719    -0.00000
     0.85719    -0.51499    -0.00000
    -0.00000     0.00000    -1.00000
           0           4          17           1
   -15.73859     5.54552    15.93850
     0.33233     0.94316    -0.00000
     0.94316    -0.33233    -0.00000
    -0.00000     0.00000    -1.00000
           0           4          17           2
   -15.73859     5.54552     9.56310
     0.33233     0.94316    -0.00000
     0.94316    -0.33233    -0.00000
    -0.00000     0.00000    -1.00000
           0           4          17           3
   -15.73859     5.54552     3.18770
     0.33233     0.94316    -0.00000
     0.94316    -0.33233    -0.00000
    -0.00000     0.00000    -1.00000
           0           4          17           4
   -15.73859     5.54552    -3.18770
     0.33233     0.94316    -0.00000
     0.94316    -0.33233    -0.00000
    -0.00000     0.00000    -1.00000
           0           4          17           5
   -15.73859     5.54552    -9.56310
     0.33233     0.94316    -0.00000
     0.94316    -0.33233    -0.00000
    -0.00000     0.00000    -1.00000
           0           4          17           6
   -15.73859     5.54552   -15.93850
     0.33233     0.94316    -0.00000
     0.94316    -0.33233    -0.00000
    -0.00000     0.00000    -1.00000
           0           4          18           1
   -15.36138     1.85514    15.93491
     0.11990     0.99279    -0.00000
     0.99279    -0.11990    -0.00000
    -0.00000     0.00000    -1.00000
           0           4          18           2
   -15.36138     1.85514     9.55951
     0.11990     0.99279    -0.00000
     0.99279    -0.11990    -0.00000
    -0.00000     0.00000    -1.00000
           0           4          18           3
   -15.36138     1.85514     3.18410
     0.11990     0.99279    -0.00000
     0.99279    -0.11990    -0.00000
    -0.00000     0.00000    -1.00000
           0           4          18           4
   -15.36138     1.85514    -3.19130
     0.11990     0.99279    -0.00000
     0.99279    -0.11990    -0.00000
    -0.00000     0.00000    -1.00000
           0           4          18           5
   -15.36138     1.85514    -9.56669
     0.11990     0.99279    -0.00000
     0.99279    -0.11990    -0.00000
    -0.00000     0.00000    -1.00000
           0           4          18           6
   -15.36138     1.85514   -15.94210
     0.11990     0.99279    -0.00000
     0.99279    -0.11990    -0.00000
    -0.00000     0.00000    -1.00000
           0           4          19           1
   -17.81958    -1.59343    15.93360
    -0.08907     0.99603    -0.00000
     0.99603     0.08907    -0.00000
    -0.00000    -0.00000    -1.00000
           0           4          19           2
   -17.81958    -1.59343     9.55820
    -0.08907     0.99603    -0.00000
     0.99603     0.08907    -0.00000
    -0.00000    -0.00000    -1.00000
           0           4          19           3
   -17.81958    -1.59343     3.18280
    -0.08907     0.99603    -0.00000
     0.99603     0.08907    -0.00000
    -0.00000    -0.00000    -1.00000
           0           4          19           4
   -17.81958    -1.59343    -3.19260
    -0.08907     0.99603    -0.00000
     0.99603     0.08907    -0.00000
    -0.00000    -0.00000    -1.00000
           0           4          19           5
   -17.81958    -1.59343    -9.56800
    -0.08907     0.99603    -0.00000
     0.99603     0.08907    -0.00000
    -0.00000    -0.00000    -1.00000
           0           4          19           6
   -17.81958    -1.59343   -15.94340
    -0.08907     0.99603    -0.00000
     0.99603     0.08907    -0.00000
    -0.00000    -0.00000    -1.00000
           0           4          20           1
   -15.97838    -4.78232    15.93799
    -0.28673     0.95801    -0.00000
     0.95801     0.28673    -0.00000
    -0.00000    -0.00000    -1.00000
           0           4          20           2
   -15.97838    -4.78232     9.56259
    -0.28673     0.95801    -0.00000
     0.95801     0.28673    -0.00000
    -0.00000    -0.00000    -1.00000
           0           4          20           3
   -15.97838    -4.78232     3.18719
    -0.28673     0.95801    -0.00000
     0.95801     0.28673    -0.00000
    -0.00000    -0.00000    -1.00000
           0           4          20           4
   -15.97838    -4.78232    -3.18821
    -0.28673     0.95801    -0.00000
     0.95801     0.28673    -0.00000
    -0.00000    -0.00000    -1.00000
           0           4          20           5
   -15.97838    -4.78232    -9.56361
    -0.28673     0.95801    -0.00000
     0.95801     0.28673    -0.00000
    -0.00000    -0.00000    -1.00000
           0           4          20           6
   -15.97838    -4.78232   -15.93901
    -0.28673     0.95801    -0.00000
     0.95801     0.28673    -0.00000
    -0.00000    -0.00000    -1.00000
           0           4          21           1
   -13.51169    -7.52270    15.93593
    -0.48645     0.87371    -0.00000
     0.87371     0.48645    -0.00000
    -0.00000    -0.00000    -1.00000
           0           4          21           2
   -13.51169    -7.52270     9.56053
    -0.48645     0.87371    -0.00000
     0.87371     0.48645    -0.00000
    -0.00000    -0.00000    -1.00000
           0           4          21           3
   -13.51169    -7.52270     3.18513
    -0.48645     0.87371    -0.00000
     0.87371     0.48645    -0.00000
    -0.00000    -0.00000    -1.00000
           0           4          21           4
   -13.51169    -7.52270    -3.19027
    -0.48645     0.87371    -0.00000
     0.87371     0.48645    -0.00000
    -0.00000    -0.00000    -1.00000
           0           4          21           5
   -13.51169    -7.52270    -9.56567
    -0.48645     0.87371    -0.00000
     0.87371     0.48645    -0.00000
    -0.00000    -0.00000    -1.00000
           0           4          21           6
   -13.51169    -7.52270   -15.94107
    -0.48645     0.87371    -0.00000
     0.87371     0.48645    -0.00000
    -0.00000    -0.00000    -1.00000
           0           4          22           1
   -13.48406   -11.76112    15.93273
    -0.65732     0.75361    -0.00000
     0.75361     0.65732    -0.00000
    -0.00000    -0.00000    -1.00000
           0           4          22           2
   -13.48406   -11.76112     9.55733
    -0.65732     0.75361    -0.00000
     0.75361     0.65732    -0.00000
    -0.00000    -0.00000    -1.00000
           0           4          22           3
   -13.48406   -11.76112     3.18193
    -0.65732     0.75361    -0.00000
     0.75361     0.65732    -0.00000
    -0.00000    -0.00000    -1.00000
           0           4          22           4
   -13.48406   -11.76112    -3.19347
    -0.65732     0.75361    -0.00000
     0.75361     0.65732    -0.00000
    -0.00000    -0.00000    -1.00000
           0           4          22           5
   -13.48406   -11.76112    -9.56887
    -0.65732     0.75361    -0.00000
     0.75361     0.65732    -0.00000
    -0.00000    -0.00000    -1.00000
           0           4          22           6
   -13.48406   -11.76112   -15.94427
    -0.65732     0.75361    -0.00000
     0.75361     0.65732    -0.00000
    -0.00000    -0.00000    -1.00000
           0           4          23           1
   -10.11986   -13.25651    15.93960
    -0.79486     0.60679    -0.00000
     0.60679     0.79486    -0.00000
    -0.00000    -0.00000    -1.00000
           0           4          23           2
   -10.11986   -13.25651     9.56420
    -0.79486     0.60679    -0.00000
     0.60679     0.79486    -0.00000
    -0.00000    -0.00000    -1.00000
           0           4          23           3
   -10.11986   -13.25651     3.18880
    -0.79486     0.60679    -0.00000
     0.60679     0.79486    -0.00000
    -0.00000    -0.00000    -1.00000
           0           4          23           4
   -10.11986   -13.25651    -3.18660
    -0.79486     0.60679    -0.00000
     0.60679     0.79486    -0.00000
    -0.00000    -0.00000    -1.00000
           0           4          23           5
   -10.11986   -13.25651    -9.56200
    -0.79486     0.60679    -0.00000
     0.60679     0.79486    -0.00000
    -0.00000    -0.00000    -1.00000
           0           4          23           6
   -10.11986   -13.25651   -15.93740
    -0.79486     0.60679    -0.00000
     0.60679     0.79486    -0.00000
    -0.00000    -0.00000    -1.00000
           0           4          24           1
    -6.50734   -14.03810    15.93850
    -0.90726     0.42056    -0.00000
     0.42056     0.90726    -0.00000
    -0.00000    -0.00000    -1.00000
           0           4          24           2
    -6.50734   -14.03810     9.56310
    -0.90726     0.42056    -0.00000
     0.42056     0.90726    -0.00000
    -0.00000    -0.00000    -1.00000
           0           4          24           3
    -6.50734   -14.03810     3.18770
    -0.90726     0.42056    -0.00000
     0.42056     0.90726    -0.00000
    -0.00000    -0.00000    -1.00000
           0           4          24           4
    -6.50734   -14.03810    -3.18770
    -0.90726     0.42056    -0.00000
     0.42056     0.90726    -0.00000
    -0.00000    -0.00000    -1.00000
           0           4          24           5
    -6.50734   -14.03810    -9.56310
    -0.90726     0.42056    -0.00000
     0.42056     0.90726    -0.00000
    -0.00000    -0.00000    -1.00000
           0           4          24           6
    -6.50734   -14.03810   -15.93850
    -0.90726     0.42056    -0.00000
     0.42056     0.90726    -0.00000
    -0.00000    -0.00000    -1.00000
