 SVX cage parameters:
     2.20000
     0.50000     0.20000
     0.00000
           6
   -40.00000   -26.50000   -26.50000    26.50000    26.50000    40.00000
    53.00000    53.00000    22.00000    22.00000    53.00000    53.00000
     0.00000     0.00000     0.00000
 SVX barrel parameters:
           4
     2.63000     5.13000    11.76500    16.68700     1.21400
     0.00000     0.00000     0.00000     0.00000
           4           4           5           6
     0.69600     0.69600     1.74500     1.74500
     0.01000     0.01000     0.03125     0.03125
     2.83600     2.83600     3.18770     3.18770
     0.01900     0.01900     0.00000     0.00000
     0.02000     0.02000     0.00000     0.00000
    26.70000    13.60000    17.00000    12.00000
   -13.00000   -13.02000     0.00000     0.00000
           2
           5           5
     0.00000   180.00000
           2
          10          10
     0.00000   180.00000
           2
           8           8
     0.00000   180.00000
           2
          12          12
     0.00000   180.00000
 SVX barrel sensor rotation matrices and translation vectors:
           0           1           1           1
     1.65855    -2.04110     8.53800
     0.61335     0.78981    -0.00000
    -0.78981     0.61335    -0.00000
    -0.00000     0.00000     1.00000
           0           1           1           2
     1.65855    -2.04110     2.84600
     0.61335     0.78981    -0.00000
    -0.78981     0.61335    -0.00000
    -0.00000     0.00000     1.00000
           0           1           1           3
     1.65855    -2.04110    -2.84600
     0.61335     0.78981    -0.00000
    -0.78981     0.61335    -0.00000
    -0.00000     0.00000     1.00000
           0           1           1           4
     1.65855    -2.04110    -8.53800
     0.61335     0.78981    -0.00000
    -0.78981     0.61335    -0.00000
    -0.00000     0.00000     1.00000
           0           1           2           1
     2.33848    -1.20349     8.53794
     0.24463     0.96962    -0.00000
    -0.96962     0.24463    -0.00000
     0.00000     0.00000     1.00000
           0           1           2           2
     2.33848    -1.20349     2.84594
     0.24463     0.96962    -0.00000
    -0.96962     0.24463    -0.00000
     0.00000     0.00000     1.00000
           0           1           2           3
     2.33848    -1.20349    -2.84606
     0.24463     0.96962    -0.00000
    -0.96962     0.24463    -0.00000
     0.00000     0.00000     1.00000
           0           1           2           4
     2.33848    -1.20349    -8.53806
     0.24463     0.96962    -0.00000
    -0.96962     0.24463    -0.00000
     0.00000     0.00000     1.00000
           0           1           3           1
     2.62998    -0.01355     8.53496
    -0.22116     0.97524     0.00000
    -0.97524    -0.22116     0.00000
     0.00000     0.00000     1.00000
           0           1           3           2
     2.62998    -0.01355     2.84297
    -0.22116     0.97524     0.00000
    -0.97524    -0.22116     0.00000
     0.00000     0.00000     1.00000
           0           1           3           3
     2.62998    -0.01355    -2.84904
    -0.22116     0.97524     0.00000
    -0.97524    -0.22116     0.00000
     0.00000     0.00000     1.00000
           0           1           3           4
     2.62998    -0.01355    -8.54104
    -0.22116     0.97524     0.00000
    -0.97524    -0.22116     0.00000
     0.00000     0.00000     1.00000
           0           1           4           1
     2.34847     1.18390     8.53810
    -0.64045     0.76800     0.00000
    -0.76800    -0.64045     0.00000
     0.00000     0.00000     1.00000
           0           1           4           2
     2.34847     1.18390     2.84610
    -0.64045     0.76800     0.00000
    -0.76800    -0.64045     0.00000
     0.00000     0.00000     1.00000
           0           1           4           3
     2.34847     1.18390    -2.84590
    -0.64045     0.76800     0.00000
    -0.76800    -0.64045     0.00000
     0.00000     0.00000     1.00000
           0           1           4           4
     2.34847     1.18390    -8.53790
    -0.64045     0.76800     0.00000
    -0.76800    -0.64045     0.00000
     0.00000     0.00000     1.00000
           0           1           5           1
     1.58220     2.10085     8.53778
    -0.91417     0.40534     0.00000
    -0.40534    -0.91417     0.00000
     0.00000     0.00000     1.00000
           0           1           5           2
     1.58220     2.10085     2.84577
    -0.91417     0.40534     0.00000
    -0.40534    -0.91417     0.00000
     0.00000     0.00000     1.00000
           0           1           5           3
     1.58220     2.10085    -2.84623
    -0.91417     0.40534     0.00000
    -0.40534    -0.91417     0.00000
     0.00000     0.00000     1.00000
           0           1           5           4
     1.58220     2.10085    -8.53823
    -0.91417     0.40534     0.00000
    -0.40534    -0.91417     0.00000
     0.00000     0.00000     1.00000
           0           1           6           1
    -1.56647     2.11261    -8.55064
     0.91717     0.39849     0.00000
     0.39849    -0.91717     0.00000
     0.00000    -0.00000    -1.00000
           0           1           6           2
    -1.56647     2.11261    -2.85864
     0.91717     0.39849     0.00000
     0.39849    -0.91717     0.00000
     0.00000    -0.00000    -1.00000
           0           1           6           3
    -1.56647     2.11261     2.83336
     0.91717     0.39849     0.00000
     0.39849    -0.91717     0.00000
     0.00000    -0.00000    -1.00000
           0           1           6           4
    -1.56647     2.11261     8.52536
     0.91717     0.39849     0.00000
     0.39849    -0.91717     0.00000
     0.00000    -0.00000    -1.00000
           0           1           7           1
    -2.34948     1.18190    -8.54212
     0.63979     0.76855    -0.00000
     0.76855    -0.63979    -0.00000
    -0.00000     0.00000    -1.00000
           0           1           7           2
    -2.34948     1.18190    -2.85012
     0.63979     0.76855    -0.00000
     0.76855    -0.63979    -0.00000
    -0.00000     0.00000    -1.00000
           0           1           7           3
    -2.34948     1.18190     2.84188
     0.63979     0.76855    -0.00000
     0.76855    -0.63979    -0.00000
    -0.00000     0.00000    -1.00000
           0           1           7           4
    -2.34948     1.18190     8.53388
     0.63979     0.76855    -0.00000
     0.76855    -0.63979    -0.00000
    -0.00000     0.00000    -1.00000
           0           1           8           1
    -2.63001     0.00640    -8.54242
     0.22854     0.97353    -0.00000
     0.97353    -0.22854    -0.00000
    -0.00000     0.00000    -1.00000
           0           1           8           2
    -2.63000     0.00640    -2.85042
     0.22854     0.97353    -0.00000
     0.97353    -0.22854    -0.00000
    -0.00000     0.00000    -1.00000
           0           1           8           3
    -2.63000     0.00640     2.84158
     0.22854     0.97353    -0.00000
     0.97353    -0.22854    -0.00000
    -0.00000     0.00000    -1.00000
           0           1           8           4
    -2.63000     0.00640     8.53358
     0.22854     0.97353    -0.00000
     0.97353    -0.22854    -0.00000
    -0.00000     0.00000    -1.00000
           0           1           9           1
    -2.34953    -1.18179    -8.53842
    -0.23565     0.97184    -0.00000
     0.97184     0.23565    -0.00000
    -0.00000    -0.00000    -1.00000
           0           1           9           2
    -2.34953    -1.18179    -2.84642
    -0.23565     0.97184    -0.00000
     0.97184     0.23565    -0.00000
    -0.00000    -0.00000    -1.00000
           0           1           9           3
    -2.34953    -1.18179     2.84558
    -0.23565     0.97184    -0.00000
     0.97184     0.23565    -0.00000
    -0.00000    -0.00000    -1.00000
           0           1           9           4
    -2.34953    -1.18179     8.53758
    -0.23565     0.97184    -0.00000
     0.97184     0.23565    -0.00000
    -0.00000    -0.00000    -1.00000
           0           1          10           1
    -1.56107    -2.11661    -8.54257
    -0.64968     0.76021    -0.00000
     0.76021     0.64968    -0.00000
    -0.00000    -0.00000    -1.00000
           0           1          10           2
    -1.56107    -2.11661    -2.85057
    -0.64968     0.76021    -0.00000
     0.76021     0.64968    -0.00000
    -0.00000    -0.00000    -1.00000
           0           1          10           3
    -1.56107    -2.11661     2.84143
    -0.64968     0.76021    -0.00000
     0.76021     0.64968    -0.00000
    -0.00000    -0.00000    -1.00000
           0           1          10           4
    -1.56107    -2.11661     8.53343
    -0.64968     0.76021    -0.00000
     0.76021     0.64968    -0.00000
    -0.00000    -0.00000    -1.00000
           0           2           1           1
     2.46902    -4.49676     8.53600
     0.74517     0.66688    -0.00000
    -0.66688     0.74517    -0.00000
    -0.00000     0.00000     1.00000
           0           2           1           2
     2.46902    -4.49676     2.84400
     0.74517     0.66688    -0.00000
    -0.66688     0.74517    -0.00000
    -0.00000     0.00000     1.00000
           0           2           1           3
     2.46902    -4.49676    -2.84800
     0.74517     0.66688    -0.00000
    -0.66688     0.74517    -0.00000
    -0.00000     0.00000     1.00000
           0           2           1           4
     2.46902    -4.49676    -8.54000
     0.74517     0.66688    -0.00000
    -0.66688     0.74517    -0.00000
    -0.00000     0.00000     1.00000
           0           2           2           1
     3.43338    -3.81168     8.53321
     0.57260     0.81983    -0.00000
    -0.81983     0.57260    -0.00000
     0.00000     0.00000     1.00000
           0           2           2           2
     3.43338    -3.81168     2.84122
     0.57260     0.81983    -0.00000
    -0.81983     0.57260    -0.00000
     0.00000     0.00000     1.00000
           0           2           2           3
     3.43338    -3.81168    -2.85078
     0.57260     0.81983    -0.00000
    -0.81983     0.57260    -0.00000
     0.00000     0.00000     1.00000
           0           2           2           4
     3.43338    -3.81168    -8.54279
     0.57260     0.81983    -0.00000
    -0.81983     0.57260    -0.00000
     0.00000     0.00000     1.00000
           0           2           3           1
     4.24025    -2.88743     8.53786
     0.36156     0.93235    -0.00000
    -0.93235     0.36156    -0.00000
     0.00000     0.00000     1.00000
           0           2           3           2
     4.24025    -2.88743     2.84586
     0.36156     0.93235    -0.00000
    -0.93235     0.36156    -0.00000
     0.00000     0.00000     1.00000
           0           2           3           3
     4.24025    -2.88743    -2.84614
     0.36156     0.93235    -0.00000
    -0.93235     0.36156    -0.00000
     0.00000     0.00000     1.00000
           0           2           3           4
     4.24025    -2.88743    -8.53814
     0.36156     0.93235    -0.00000
    -0.93235     0.36156    -0.00000
     0.00000     0.00000     1.00000
           0           2           4           1
     4.80139    -1.80658     8.54486
     0.13161     0.99130    -0.00000
    -0.99130     0.13161    -0.00000
     0.00000     0.00000     1.00000
           0           2           4           2
     4.80139    -1.80658     2.85286
     0.13161     0.99130    -0.00000
    -0.99130     0.13161    -0.00000
     0.00000     0.00000     1.00000
           0           2           4           3
     4.80139    -1.80658    -2.83914
     0.13161     0.99130    -0.00000
    -0.99130     0.13161    -0.00000
     0.00000     0.00000     1.00000
           0           2           4           4
     4.80139    -1.80658    -8.53114
     0.13161     0.99130    -0.00000
    -0.99130     0.13161    -0.00000
     0.00000     0.00000     1.00000
           0           2           5           1
     5.09248    -0.61925     8.54436
    -0.10667     0.99429     0.00000
    -0.99429    -0.10667     0.00000
     0.00000     0.00000     1.00000
           0           2           5           2
     5.09248    -0.61925     2.85236
    -0.10667     0.99429     0.00000
    -0.99429    -0.10667     0.00000
     0.00000     0.00000     1.00000
           0           2           5           3
     5.09248    -0.61925    -2.83964
    -0.10667     0.99429     0.00000
    -0.99429    -0.10667     0.00000
     0.00000     0.00000     1.00000
           0           2           5           4
     5.09248    -0.61925    -8.53164
    -0.10667     0.99429     0.00000
    -0.99429    -0.10667     0.00000
     0.00000     0.00000     1.00000
           0           2           6           1
     5.09655     0.58478     8.54272
    -0.33549     0.94204     0.00000
    -0.94204    -0.33549     0.00000
     0.00000     0.00000     1.00000
           0           2           6           2
     5.09655     0.58478     2.85072
    -0.33549     0.94204     0.00000
    -0.94204    -0.33549     0.00000
     0.00000     0.00000     1.00000
           0           2           6           3
     5.09655     0.58478    -2.84128
    -0.33549     0.94204     0.00000
    -0.94204    -0.33549     0.00000
     0.00000     0.00000     1.00000
           0           2           6           4
     5.09655     0.58478    -8.53328
    -0.33549     0.94204     0.00000
    -0.94204    -0.33549     0.00000
     0.00000     0.00000     1.00000
           0           2           7           1
     4.81160     1.77918     8.54649
    -0.54974     0.83534     0.00000
    -0.83534    -0.54974     0.00000
     0.00000     0.00000     1.00000
           0           2           7           2
     4.81160     1.77918     2.85449
    -0.54974     0.83534     0.00000
    -0.83534    -0.54974     0.00000
     0.00000     0.00000     1.00000
           0           2           7           3
     4.81160     1.77918    -2.83751
    -0.54974     0.83534     0.00000
    -0.83534    -0.54974     0.00000
     0.00000     0.00000     1.00000
           0           2           7           4
     4.81160     1.77918    -8.52951
    -0.54974     0.83534     0.00000
    -0.83534    -0.54974     0.00000
     0.00000     0.00000     1.00000
           0           2           8           1
     4.26081     2.85699     8.54399
    -0.73017     0.68326     0.00000
    -0.68326    -0.73017     0.00000
     0.00000     0.00000     1.00000
           0           2           8           2
     4.26081     2.85699     2.85199
    -0.73017     0.68326     0.00000
    -0.68326    -0.73017     0.00000
     0.00000     0.00000     1.00000
           0           2           8           3
     4.26081     2.85699    -2.84000
    -0.73017     0.68326     0.00000
    -0.68326    -0.73017     0.00000
     0.00000     0.00000     1.00000
           0           2           8           4
     4.26081     2.85699    -8.53201
    -0.73017     0.68326     0.00000
    -0.68326    -0.73017     0.00000
     0.00000     0.00000     1.00000
           0           2           9           1
     3.46404     3.78382     8.53964
    -0.87107     0.49117     0.00000
    -0.49117    -0.87107     0.00000
     0.00000     0.00000     1.00000
           0           2           9           2
     3.46404     3.78382     2.84764
    -0.87107     0.49117     0.00000
    -0.49117    -0.87107     0.00000
     0.00000     0.00000     1.00000
           0           2           9           3
     3.46404     3.78382    -2.84436
    -0.87107     0.49117     0.00000
    -0.49117    -0.87107     0.00000
     0.00000     0.00000     1.00000
           0           2           9           4
     3.46404     3.78382    -8.53636
    -0.87107     0.49117     0.00000
    -0.49117    -0.87107     0.00000
     0.00000     0.00000     1.00000
           0           2          10           1
     2.38349     4.54268     8.53392
    -0.96759     0.25254     0.00000
    -0.25254    -0.96759     0.00000
     0.00000     0.00000     1.00000
           0           2          10           2
     2.38349     4.54268     2.84192
    -0.96759     0.25254     0.00000
    -0.25254    -0.96759     0.00000
     0.00000     0.00000     1.00000
           0           2          10           3
     2.38349     4.54268    -2.85008
    -0.96759     0.25254     0.00000
    -0.25254    -0.96759     0.00000
     0.00000     0.00000     1.00000
           0           2          10           4
     2.38349     4.54268    -8.54208
    -0.96759     0.25254     0.00000
    -0.25254    -0.96759     0.00000
     0.00000     0.00000     1.00000
           0           2          11           1
    -2.46489     4.49903    -8.53830
     0.96288     0.26992     0.00000
     0.26992    -0.96288     0.00000
     0.00000    -0.00000    -1.00000
           0           2          11           2
    -2.46489     4.49903    -2.84630
     0.96288     0.26992     0.00000
     0.26992    -0.96288     0.00000
     0.00000    -0.00000    -1.00000
           0           2          11           3
    -2.46489     4.49903     2.84570
     0.96288     0.26992     0.00000
     0.26992    -0.96288     0.00000
     0.00000    -0.00000    -1.00000
           0           2          11           4
    -2.46489     4.49903     8.53770
     0.96288     0.26992     0.00000
     0.26992    -0.96288     0.00000
     0.00000    -0.00000    -1.00000
           0           2          12           1
    -3.45918     3.78827    -8.53800
     0.87170     0.49004     0.00000
     0.49004    -0.87170     0.00000
     0.00000    -0.00000    -1.00000
           0           2          12           2
    -3.45918     3.78827    -2.84600
     0.87170     0.49004     0.00000
     0.49004    -0.87170     0.00000
     0.00000    -0.00000    -1.00000
           0           2          12           3
    -3.45918     3.78827     2.84600
     0.87170     0.49004     0.00000
     0.49004    -0.87170     0.00000
     0.00000    -0.00000    -1.00000
           0           2          12           4
    -3.45918     3.78827     8.53800
     0.87170     0.49004     0.00000
     0.49004    -0.87170     0.00000
     0.00000    -0.00000    -1.00000
           0           2          13           1
    -4.25042     2.87242    -8.54234
     0.73264     0.68062     0.00000
     0.68062    -0.73264     0.00000
     0.00000    -0.00000    -1.00000
           0           2          13           2
    -4.25042     2.87242    -2.85034
     0.73264     0.68062     0.00000
     0.68062    -0.73264     0.00000
     0.00000    -0.00000    -1.00000
           0           2          13           3
    -4.25042     2.87242     2.84166
     0.73264     0.68062     0.00000
     0.68062    -0.73264     0.00000
     0.00000    -0.00000    -1.00000
           0           2          13           4
    -4.25042     2.87242     8.53366
     0.73264     0.68062     0.00000
     0.68062    -0.73264     0.00000
     0.00000    -0.00000    -1.00000
           0           2          14           1
    -4.80723     1.79097    -8.53710
     0.55179     0.83398    -0.00000
     0.83398    -0.55179    -0.00000
    -0.00000     0.00000    -1.00000
           0           2          14           2
    -4.80723     1.79097    -2.84510
     0.55179     0.83398    -0.00000
     0.83398    -0.55179    -0.00000
    -0.00000     0.00000    -1.00000
           0           2          14           3
    -4.80723     1.79097     2.84690
     0.55179     0.83398    -0.00000
     0.83398    -0.55179    -0.00000
    -0.00000     0.00000    -1.00000
           0           2          14           4
    -4.80723     1.79097     8.53890
     0.55179     0.83398    -0.00000
     0.83398    -0.55179    -0.00000
    -0.00000     0.00000    -1.00000
           0           2          15           1
    -5.09443     0.60303    -8.54196
     0.33886     0.94084    -0.00000
     0.94084    -0.33886    -0.00000
    -0.00000     0.00000    -1.00000
           0           2          15           2
    -5.09443     0.60303    -2.84996
     0.33886     0.94084    -0.00000
     0.94084    -0.33886    -0.00000
    -0.00000     0.00000    -1.00000
           0           2          15           3
    -5.09443     0.60303     2.84204
     0.33886     0.94084    -0.00000
     0.94084    -0.33886    -0.00000
    -0.00000     0.00000    -1.00000
           0           2          15           4
    -5.09443     0.60303     8.53404
     0.33886     0.94084    -0.00000
     0.94084    -0.33886    -0.00000
    -0.00000     0.00000    -1.00000
           0           2          16           1
    -5.09397    -0.60700    -8.53636
     0.10908     0.99403    -0.00000
     0.99403    -0.10908    -0.00000
    -0.00000     0.00000    -1.00000
           0           2          16           2
    -5.09397    -0.60700    -2.84436
     0.10908     0.99403    -0.00000
     0.99403    -0.10908    -0.00000
    -0.00000     0.00000    -1.00000
           0           2          16           3
    -5.09397    -0.60700     2.84764
     0.10908     0.99403    -0.00000
     0.99403    -0.10908    -0.00000
    -0.00000     0.00000    -1.00000
           0           2          16           4
    -5.09397    -0.60700     8.53964
     0.10908     0.99403    -0.00000
     0.99403    -0.10908    -0.00000
    -0.00000     0.00000    -1.00000
           0           2          17           1
    -4.80830    -1.78806    -8.53702
    -0.12779     0.99180    -0.00000
     0.99180     0.12779    -0.00000
    -0.00000    -0.00000    -1.00000
           0           2          17           2
    -4.80830    -1.78806    -2.84502
    -0.12779     0.99180    -0.00000
     0.99180     0.12779    -0.00000
    -0.00000    -0.00000    -1.00000
           0           2          17           3
    -4.80830    -1.78806     2.84698
    -0.12779     0.99180    -0.00000
     0.99180     0.12779    -0.00000
    -0.00000    -0.00000    -1.00000
           0           2          17           4
    -4.80830    -1.78806     8.53898
    -0.12779     0.99180    -0.00000
     0.99180     0.12779    -0.00000
    -0.00000    -0.00000    -1.00000
           0           2          18           1
    -4.25171    -2.87052    -8.54177
    -0.35785     0.93378    -0.00000
     0.93378     0.35785    -0.00000
    -0.00000    -0.00000    -1.00000
           0           2          18           2
    -4.25171    -2.87052    -2.84978
    -0.35785     0.93378    -0.00000
     0.93378     0.35785    -0.00000
    -0.00000    -0.00000    -1.00000
           0           2          18           3
    -4.25171    -2.87052     2.84222
    -0.35785     0.93378    -0.00000
     0.93378     0.35785    -0.00000
    -0.00000    -0.00000    -1.00000
           0           2          18           4
    -4.25171    -2.87052     8.53423
    -0.35785     0.93378    -0.00000
     0.93378     0.35785    -0.00000
    -0.00000    -0.00000    -1.00000
           0           2          19           1
    -3.45498    -3.79210    -8.54474
    -0.56794     0.82307    -0.00000
     0.82307     0.56794    -0.00000
    -0.00000    -0.00000    -1.00000
           0           2          19           2
    -3.45498    -3.79210    -2.85274
    -0.56794     0.82307    -0.00000
     0.82307     0.56794    -0.00000
    -0.00000    -0.00000    -1.00000
           0           2          19           3
    -3.45498    -3.79210     2.83926
    -0.56794     0.82307    -0.00000
     0.82307     0.56794    -0.00000
    -0.00000    -0.00000    -1.00000
           0           2          19           4
    -3.45498    -3.79210     8.53125
    -0.56794     0.82307    -0.00000
     0.82307     0.56794    -0.00000
    -0.00000    -0.00000    -1.00000
           0           2          20           1
    -2.46289    -4.50012    -8.54699
    -0.74607     0.66586    -0.00000
     0.66586     0.74607    -0.00000
    -0.00000    -0.00000    -1.00000
           0           2          20           2
    -2.46289    -4.50012    -2.85501
    -0.74607     0.66586    -0.00000
     0.66586     0.74607    -0.00000
    -0.00000    -0.00000    -1.00000
           0           2          20           3
    -2.46289    -4.50012     2.83699
    -0.74607     0.66586    -0.00000
     0.66586     0.74607    -0.00000
    -0.00000    -0.00000    -1.00000
           0           2          20           4
    -2.46289    -4.50012     8.52901
    -0.74607     0.66586    -0.00000
     0.66586     0.74607    -0.00000
    -0.00000    -0.00000    -1.00000
           0           3           1           1
     5.62953   -10.33071    12.74752
    -0.87809    -0.47850    -0.00000
    -0.47850     0.87809    -0.00000
     0.00000    -0.00000    -1.00000
           0           3           1           2
     5.62953   -10.33071     6.37212
    -0.87809    -0.47850    -0.00000
    -0.47850     0.87809    -0.00000
     0.00000    -0.00000    -1.00000
           0           3           1           3
     5.62953   -10.33071    -0.00328
    -0.87809    -0.47850    -0.00000
    -0.47850     0.87809    -0.00000
     0.00000    -0.00000    -1.00000
           0           3           1           4
     5.62953   -10.33071    -6.37868
    -0.87809    -0.47850    -0.00000
    -0.47850     0.87809    -0.00000
     0.00000    -0.00000    -1.00000
           0           3           1           5
     5.62953   -10.33071   -12.75409
    -0.87809    -0.47850    -0.00000
    -0.47850     0.87809    -0.00000
     0.00000    -0.00000    -1.00000
           0           3           2           1
     7.51355    -7.13276    12.73162
    -0.68850    -0.72524     0.00000
    -0.72524     0.68850     0.00000
    -0.00000     0.00000    -1.00000
           0           3           2           2
     7.51355    -7.13276     6.35622
    -0.68850    -0.72524     0.00000
    -0.72524     0.68850     0.00000
    -0.00000     0.00000    -1.00000
           0           3           2           3
     7.51355    -7.13276    -0.01918
    -0.68850    -0.72524     0.00000
    -0.72524     0.68850     0.00000
    -0.00000     0.00000    -1.00000
           0           3           2           4
     7.51355    -7.13276    -6.39457
    -0.68850    -0.72524     0.00000
    -0.72524     0.68850     0.00000
    -0.00000     0.00000    -1.00000
           0           3           2           5
     7.51355    -7.13276   -12.76998
    -0.68850    -0.72524     0.00000
    -0.72524     0.68850     0.00000
    -0.00000     0.00000    -1.00000
           0           3           3           1
    11.53584    -5.65644    12.76252
    -0.44025    -0.89788     0.00000
    -0.89788     0.44025     0.00000
    -0.00000     0.00000    -1.00000
           0           3           3           2
    11.53584    -5.65644     6.38713
    -0.44025    -0.89788     0.00000
    -0.89788     0.44025     0.00000
    -0.00000     0.00000    -1.00000
           0           3           3           3
    11.53584    -5.65644     0.01173
    -0.44025    -0.89788     0.00000
    -0.89788     0.44025     0.00000
    -0.00000     0.00000    -1.00000
           0           3           3           4
    11.53584    -5.65644    -6.36367
    -0.44025    -0.89788     0.00000
    -0.89788     0.44025     0.00000
    -0.00000     0.00000    -1.00000
           0           3           3           5
    11.53584    -5.65644   -12.73908
    -0.44025    -0.89788     0.00000
    -0.89788     0.44025     0.00000
    -0.00000     0.00000    -1.00000
           0           3           4           1
    11.58237    -2.06494    12.75402
    -0.17552    -0.98448     0.00000
    -0.98448     0.17552     0.00000
    -0.00000     0.00000    -1.00000
           0           3           4           2
    11.58237    -2.06494     6.37862
    -0.17552    -0.98448     0.00000
    -0.98448     0.17552     0.00000
    -0.00000     0.00000    -1.00000
           0           3           4           3
    11.58237    -2.06494     0.00322
    -0.17552    -0.98448     0.00000
    -0.98448     0.17552     0.00000
    -0.00000     0.00000    -1.00000
           0           3           4           4
    11.58237    -2.06494    -6.37218
    -0.17552    -0.98448     0.00000
    -0.98448     0.17552     0.00000
    -0.00000     0.00000    -1.00000
           0           3           4           5
    11.58237    -2.06494   -12.74758
    -0.17552    -0.98448     0.00000
    -0.98448     0.17552     0.00000
    -0.00000     0.00000    -1.00000
           0           3           5           1
    10.26325     1.41253    12.74124
     0.13634    -0.99066     0.00000
    -0.99066    -0.13634     0.00000
    -0.00000    -0.00000    -1.00000
           0           3           5           2
    10.26325     1.41253     6.36584
     0.13634    -0.99066     0.00000
    -0.99066    -0.13634     0.00000
    -0.00000    -0.00000    -1.00000
           0           3           5           3
    10.26325     1.41253    -0.00956
     0.13634    -0.99066     0.00000
    -0.99066    -0.13634     0.00000
    -0.00000    -0.00000    -1.00000
           0           3           5           4
    10.26325     1.41253    -6.38496
     0.13634    -0.99066     0.00000
    -0.99066    -0.13634     0.00000
    -0.00000    -0.00000    -1.00000
           0           3           5           5
    10.26325     1.41253   -12.76036
     0.13634    -0.99066     0.00000
    -0.99066    -0.13634     0.00000
    -0.00000    -0.00000    -1.00000
           0           3           6           1
    11.64337     5.43167    12.75087
     0.42278    -0.90623     0.00000
    -0.90623    -0.42278     0.00000
    -0.00000    -0.00000    -1.00000
           0           3           6           2
    11.64337     5.43167     6.37547
     0.42278    -0.90623     0.00000
    -0.90623    -0.42278     0.00000
    -0.00000    -0.00000    -1.00000
           0           3           6           3
    11.64337     5.43167     0.00007
     0.42278    -0.90623     0.00000
    -0.90623    -0.42278     0.00000
    -0.00000    -0.00000    -1.00000
           0           3           6           4
    11.64337     5.43167    -6.37533
     0.42278    -0.90623     0.00000
    -0.90623    -0.42278     0.00000
    -0.00000    -0.00000    -1.00000
           0           3           6           5
    11.64337     5.43167   -12.75073
     0.42278    -0.90623     0.00000
    -0.90623    -0.42278     0.00000
    -0.00000    -0.00000    -1.00000
           0           3           7           1
     8.87508     7.72321    12.74402
     0.65646    -0.75436     0.00000
    -0.75436    -0.65646     0.00000
    -0.00000    -0.00000    -1.00000
           0           3           7           2
     8.87508     7.72321     6.36862
     0.65646    -0.75436     0.00000
    -0.75436    -0.65646     0.00000
    -0.00000    -0.00000    -1.00000
           0           3           7           3
     8.87508     7.72321    -0.00678
     0.65646    -0.75436     0.00000
    -0.75436    -0.65646     0.00000
    -0.00000    -0.00000    -1.00000
           0           3           7           4
     8.87508     7.72321    -6.38218
     0.65646    -0.75436     0.00000
    -0.75436    -0.65646     0.00000
    -0.00000    -0.00000    -1.00000
           0           3           7           5
     8.87508     7.72321   -12.75758
     0.65646    -0.75436     0.00000
    -0.75436    -0.65646     0.00000
    -0.00000    -0.00000    -1.00000
           0           3           8           1
     5.32596     8.88616    12.74150
     0.85774    -0.51408     0.00000
    -0.51408    -0.85774     0.00000
    -0.00000    -0.00000    -1.00000
           0           3           8           2
     5.32596     8.88616     6.36610
     0.85774    -0.51408     0.00000
    -0.51408    -0.85774     0.00000
    -0.00000    -0.00000    -1.00000
           0           3           8           3
     5.32596     8.88616    -0.00930
     0.85774    -0.51408     0.00000
    -0.51408    -0.85774     0.00000
    -0.00000    -0.00000    -1.00000
           0           3           8           4
     5.32596     8.88616    -6.38470
     0.85774    -0.51408     0.00000
    -0.51408    -0.85774     0.00000
    -0.00000    -0.00000    -1.00000
           0           3           8           5
     5.32596     8.88616   -12.76010
     0.85774    -0.51408     0.00000
    -0.51408    -0.85774     0.00000
    -0.00000    -0.00000    -1.00000
           0           3           9           1
    -5.30491     8.89874   -12.72038
    -0.85895    -0.51206    -0.00000
     0.51206    -0.85895    -0.00000
     0.00000    -0.00000     1.00000
           0           3           9           2
    -5.30491     8.89874    -6.34498
    -0.85895    -0.51206    -0.00000
     0.51206    -0.85895    -0.00000
     0.00000    -0.00000     1.00000
           0           3           9           3
    -5.30491     8.89874     0.03042
    -0.85895    -0.51206    -0.00000
     0.51206    -0.85895    -0.00000
     0.00000    -0.00000     1.00000
           0           3           9           4
    -5.30491     8.89874     6.40582
    -0.85895    -0.51206    -0.00000
     0.51206    -0.85895    -0.00000
     0.00000    -0.00000     1.00000
           0           3           9           5
    -5.30491     8.89874    12.78122
    -0.85895    -0.51206    -0.00000
     0.51206    -0.85895    -0.00000
     0.00000    -0.00000     1.00000
           0           3          10           1
    -8.85085     7.75097   -12.74130
    -0.65882    -0.75230    -0.00000
     0.75230    -0.65882    -0.00000
     0.00000     0.00000     1.00000
           0           3          10           2
    -8.85085     7.75097    -6.36589
    -0.65882    -0.75230    -0.00000
     0.75230    -0.65882    -0.00000
     0.00000     0.00000     1.00000
           0           3          10           3
    -8.85085     7.75097     0.00950
    -0.65882    -0.75230    -0.00000
     0.75230    -0.65882    -0.00000
     0.00000     0.00000     1.00000
           0           3          10           4
    -8.85085     7.75097     6.38491
    -0.65882    -0.75230    -0.00000
     0.75230    -0.65882    -0.00000
     0.00000     0.00000     1.00000
           0           3          10           5
    -8.85085     7.75097    12.76031
    -0.65882    -0.75230    -0.00000
     0.75230    -0.65882    -0.00000
     0.00000     0.00000     1.00000
           0           3          11           1
   -11.62787     5.46476   -12.73542
    -0.42534    -0.90504    -0.00000
     0.90504    -0.42534    -0.00000
     0.00000     0.00000     1.00000
           0           3          11           2
   -11.62787     5.46476    -6.36002
    -0.42534    -0.90504    -0.00000
     0.90504    -0.42534    -0.00000
     0.00000     0.00000     1.00000
           0           3          11           3
   -11.62787     5.46476     0.01538
    -0.42534    -0.90504    -0.00000
     0.90504    -0.42534    -0.00000
     0.00000     0.00000     1.00000
           0           3          11           4
   -11.62787     5.46476     6.39078
    -0.42534    -0.90504    -0.00000
     0.90504    -0.42534    -0.00000
     0.00000     0.00000     1.00000
           0           3          11           5
   -11.62787     5.46476    12.76618
    -0.42534    -0.90504    -0.00000
     0.90504    -0.42534    -0.00000
     0.00000     0.00000     1.00000
           0           3          12           1
   -10.26489     1.40065   -12.73730
    -0.13519    -0.99082    -0.00000
     0.99082    -0.13519    -0.00000
     0.00000    -0.00000     1.00000
           0           3          12           2
   -10.26489     1.40065    -6.36190
    -0.13519    -0.99082    -0.00000
     0.99082    -0.13519    -0.00000
     0.00000    -0.00000     1.00000
           0           3          12           3
   -10.26489     1.40065     0.01350
    -0.13519    -0.99082    -0.00000
     0.99082    -0.13519    -0.00000
     0.00000    -0.00000     1.00000
           0           3          12           4
   -10.26489     1.40065     6.38890
    -0.13519    -0.99082    -0.00000
     0.99082    -0.13519    -0.00000
     0.00000    -0.00000     1.00000
           0           3          12           5
   -10.26489     1.40065    12.76430
    -0.13519    -0.99082    -0.00000
     0.99082    -0.13519    -0.00000
     0.00000    -0.00000     1.00000
           0           3          13           1
   -11.58112    -2.07201   -12.72631
     0.17612    -0.98437    -0.00000
     0.98437     0.17612    -0.00000
     0.00000     0.00000     1.00000
           0           3          13           2
   -11.58112    -2.07201    -6.35091
     0.17612    -0.98437    -0.00000
     0.98437     0.17612    -0.00000
     0.00000     0.00000     1.00000
           0           3          13           3
   -11.58112    -2.07201     0.02449
     0.17612    -0.98437    -0.00000
     0.98437     0.17612    -0.00000
     0.00000     0.00000     1.00000
           0           3          13           4
   -11.58112    -2.07201     6.39989
     0.17612    -0.98437    -0.00000
     0.98437     0.17612    -0.00000
     0.00000     0.00000     1.00000
           0           3          13           5
   -11.58112    -2.07201    12.77529
     0.17612    -0.98437    -0.00000
     0.98437     0.17612    -0.00000
     0.00000     0.00000     1.00000
           0           3          14           1
   -11.53016    -5.66802   -12.74121
     0.44116    -0.89743    -0.00000
     0.89743     0.44116    -0.00000
     0.00000     0.00000     1.00000
           0           3          14           2
   -11.53016    -5.66802    -6.36581
     0.44116    -0.89743    -0.00000
     0.89743     0.44116    -0.00000
     0.00000     0.00000     1.00000
           0           3          14           3
   -11.53016    -5.66802     0.00959
     0.44116    -0.89743    -0.00000
     0.89743     0.44116    -0.00000
     0.00000     0.00000     1.00000
           0           3          14           4
   -11.53016    -5.66802     6.38499
     0.44116    -0.89743    -0.00000
     0.89743     0.44116    -0.00000
     0.00000     0.00000     1.00000
           0           3          14           5
   -11.53016    -5.66802    12.76039
     0.44116    -0.89743    -0.00000
     0.89743     0.44116    -0.00000
     0.00000     0.00000     1.00000
           0           3          15           1
    -7.52646    -7.11913   -12.74100
     0.68718    -0.72649    -0.00000
     0.72649     0.68718    -0.00000
     0.00000     0.00000     1.00000
           0           3          15           2
    -7.52646    -7.11913    -6.36560
     0.68718    -0.72649    -0.00000
     0.72649     0.68718    -0.00000
     0.00000     0.00000     1.00000
           0           3          15           3
    -7.52646    -7.11913     0.00980
     0.68718    -0.72649    -0.00000
     0.72649     0.68718    -0.00000
     0.00000     0.00000     1.00000
           0           3          15           4
    -7.52646    -7.11913     6.38520
     0.68718    -0.72649    -0.00000
     0.72649     0.68718    -0.00000
     0.00000     0.00000     1.00000
           0           3          15           5
    -7.52646    -7.11913    12.76060
     0.68718    -0.72649    -0.00000
     0.72649     0.68718    -0.00000
     0.00000     0.00000     1.00000
           0           3          16           1
    -5.63544   -10.32751   -12.74586
     0.87781    -0.47900    -0.00000
     0.47900     0.87781    -0.00000
     0.00000     0.00000     1.00000
           0           3          16           2
    -5.63544   -10.32751    -6.37046
     0.87781    -0.47900    -0.00000
     0.47900     0.87781    -0.00000
     0.00000     0.00000     1.00000
           0           3          16           3
    -5.63544   -10.32751     0.00494
     0.87781    -0.47900    -0.00000
     0.47900     0.87781    -0.00000
     0.00000     0.00000     1.00000
           0           3          16           4
    -5.63544   -10.32751     6.38034
     0.87781    -0.47900    -0.00000
     0.47900     0.87781    -0.00000
     0.00000     0.00000     1.00000
           0           3          16           5
    -5.63544   -10.32751    12.75574
     0.87781    -0.47900    -0.00000
     0.47900     0.87781    -0.00000
     0.00000     0.00000     1.00000
           0           4           1           1
     6.49083   -14.04575   -15.93533
     0.90776     0.41950    -0.00000
    -0.41950     0.90776    -0.00000
     0.00000     0.00000     1.00000
           0           4           1           2
     6.49083   -14.04575    -9.55993
     0.90776     0.41950    -0.00000
    -0.41950     0.90776    -0.00000
     0.00000     0.00000     1.00000
           0           4           1           3
     6.49083   -14.04575    -3.18453
     0.90776     0.41950    -0.00000
    -0.41950     0.90776    -0.00000
     0.00000     0.00000     1.00000
           0           4           1           4
     6.49083   -14.04575     3.19087
     0.90776     0.41950    -0.00000
    -0.41950     0.90776    -0.00000
     0.00000     0.00000     1.00000
           0           4           1           5
     6.49083   -14.04575     9.56627
     0.90776     0.41950    -0.00000
    -0.41950     0.90776    -0.00000
     0.00000     0.00000     1.00000
           0           4           1           6
     6.49083   -14.04575    15.94167
     0.90776     0.41950    -0.00000
    -0.41950     0.90776    -0.00000
     0.00000     0.00000     1.00000
           0           4           2           1
    10.08024   -13.29831   -15.94328
     0.79693     0.60407    -0.00000
    -0.60407     0.79693    -0.00000
     0.00000     0.00000     1.00000
           0           4           2           2
    10.08024   -13.29831    -9.56788
     0.79693     0.60407    -0.00000
    -0.60407     0.79693    -0.00000
     0.00000     0.00000     1.00000
           0           4           2           3
    10.08024   -13.29831    -3.19248
     0.79693     0.60407    -0.00000
    -0.60407     0.79693    -0.00000
     0.00000     0.00000     1.00000
           0           4           2           4
    10.08024   -13.29831     3.18292
     0.79693     0.60407    -0.00000
    -0.60407     0.79693    -0.00000
     0.00000     0.00000     1.00000
           0           4           2           5
    10.08024   -13.29831     9.55832
     0.79693     0.60407    -0.00000
    -0.60407     0.79693    -0.00000
     0.00000     0.00000     1.00000
           0           4           2           6
    10.08024   -13.29831    15.93372
     0.79693     0.60407    -0.00000
    -0.60407     0.79693    -0.00000
     0.00000     0.00000     1.00000
           0           4           3           1
    13.48866   -11.76867   -15.97006
     0.65744     0.75351    -0.00000
    -0.75351     0.65744    -0.00000
    -0.00000     0.00000     1.00000
           0           4           3           2
    13.48866   -11.76867    -9.59467
     0.65744     0.75351    -0.00000
    -0.75351     0.65744    -0.00000
    -0.00000     0.00000     1.00000
           0           4           3           3
    13.48866   -11.76867    -3.21926
     0.65744     0.75351    -0.00000
    -0.75351     0.65744    -0.00000
    -0.00000     0.00000     1.00000
           0           4           3           4
    13.48866   -11.76867     3.15613
     0.65744     0.75351    -0.00000
    -0.75351     0.65744    -0.00000
    -0.00000     0.00000     1.00000
           0           4           3           5
    13.48866   -11.76867     9.53154
     0.65744     0.75351    -0.00000
    -0.75351     0.65744    -0.00000
    -0.00000     0.00000     1.00000
           0           4           3           6
    13.48866   -11.76867    15.90693
     0.65744     0.75351    -0.00000
    -0.75351     0.65744    -0.00000
    -0.00000     0.00000     1.00000
           0           4           4           1
    13.54096    -7.48708   -15.91675
     0.48387     0.87514    -0.00000
    -0.87514     0.48387    -0.00000
    -0.00000     0.00000     1.00000
           0           4           4           2
    13.54096    -7.48708    -9.54135
     0.48387     0.87514    -0.00000
    -0.87514     0.48387    -0.00000
    -0.00000     0.00000     1.00000
           0           4           4           3
    13.54096    -7.48708    -3.16595
     0.48387     0.87514    -0.00000
    -0.87514     0.48387    -0.00000
    -0.00000     0.00000     1.00000
           0           4           4           4
    13.54096    -7.48708     3.20945
     0.48387     0.87514    -0.00000
    -0.87514     0.48387    -0.00000
    -0.00000     0.00000     1.00000
           0           4           4           5
    13.54096    -7.48708     9.58485
     0.48387     0.87514    -0.00000
    -0.87514     0.48387    -0.00000
    -0.00000     0.00000     1.00000
           0           4           4           6
    13.54096    -7.48708    15.96025
     0.48387     0.87514    -0.00000
    -0.87514     0.48387    -0.00000
    -0.00000     0.00000     1.00000
           0           4           5           1
    15.99997    -4.73891   -15.92196
     0.28398     0.95883    -0.00000
    -0.95883     0.28398    -0.00000
    -0.00000     0.00000     1.00000
           0           4           5           2
    15.99997    -4.73891    -9.54657
     0.28398     0.95883    -0.00000
    -0.95883     0.28398    -0.00000
    -0.00000     0.00000     1.00000
           0           4           5           3
    15.99997    -4.73891    -3.17116
     0.28398     0.95883    -0.00000
    -0.95883     0.28398    -0.00000
    -0.00000     0.00000     1.00000
           0           4           5           4
    15.99997    -4.73891     3.20424
     0.28398     0.95883    -0.00000
    -0.95883     0.28398    -0.00000
    -0.00000     0.00000     1.00000
           0           4           5           5
    15.99997    -4.73891     9.57964
     0.28398     0.95883    -0.00000
    -0.95883     0.28398    -0.00000
    -0.00000     0.00000     1.00000
           0           4           5           6
    15.99997    -4.73891    15.95504
     0.28398     0.95883    -0.00000
    -0.95883     0.28398    -0.00000
    -0.00000     0.00000     1.00000
           0           4           6           1
    17.83387    -1.54868   -15.91781
     0.08652     0.99625    -0.00000
    -0.99625     0.08652    -0.00000
    -0.00000     0.00000     1.00000
           0           4           6           2
    17.83387    -1.54868    -9.54241
     0.08652     0.99625    -0.00000
    -0.99625     0.08652    -0.00000
    -0.00000     0.00000     1.00000
           0           4           6           3
    17.83387    -1.54868    -3.16701
     0.08652     0.99625    -0.00000
    -0.99625     0.08652    -0.00000
    -0.00000     0.00000     1.00000
           0           4           6           4
    17.83387    -1.54868     3.20839
     0.08652     0.99625    -0.00000
    -0.99625     0.08652    -0.00000
    -0.00000     0.00000     1.00000
           0           4           6           5
    17.83387    -1.54868     9.58379
     0.08652     0.99625    -0.00000
    -0.99625     0.08652    -0.00000
    -0.00000     0.00000     1.00000
           0           4           6           6
    17.83387    -1.54868    15.95919
     0.08652     0.99625    -0.00000
    -0.99625     0.08652    -0.00000
    -0.00000     0.00000     1.00000
           0           4           7           1
    15.35796     1.88326   -15.93310
    -0.12172     0.99256     0.00000
    -0.99256    -0.12172     0.00000
     0.00000     0.00000     1.00000
           0           4           7           2
    15.35796     1.88326    -9.55770
    -0.12172     0.99256     0.00000
    -0.99256    -0.12172     0.00000
     0.00000     0.00000     1.00000
           0           4           7           3
    15.35796     1.88326    -3.18230
    -0.12172     0.99256     0.00000
    -0.99256    -0.12172     0.00000
     0.00000     0.00000     1.00000
           0           4           7           4
    15.35796     1.88326     3.19310
    -0.12172     0.99256     0.00000
    -0.99256    -0.12172     0.00000
     0.00000     0.00000     1.00000
           0           4           7           5
    15.35796     1.88326     9.56850
    -0.12172     0.99256     0.00000
    -0.99256    -0.12172     0.00000
     0.00000     0.00000     1.00000
           0           4           7           6
    15.35796     1.88326    15.94390
    -0.12172     0.99256     0.00000
    -0.99256    -0.12172     0.00000
     0.00000     0.00000     1.00000
           0           4           8           1
    15.73998     5.54158   -15.94022
    -0.33210     0.94324     0.00000
    -0.94324    -0.33210     0.00000
     0.00000     0.00000     1.00000
           0           4           8           2
    15.73998     5.54158    -9.56482
    -0.33210     0.94324     0.00000
    -0.94324    -0.33210     0.00000
     0.00000     0.00000     1.00000
           0           4           8           3
    15.73998     5.54158    -3.18942
    -0.33210     0.94324     0.00000
    -0.94324    -0.33210     0.00000
     0.00000     0.00000     1.00000
           0           4           8           4
    15.73998     5.54158     3.18598
    -0.33210     0.94324     0.00000
    -0.94324    -0.33210     0.00000
     0.00000     0.00000     1.00000
           0           4           8           5
    15.73998     5.54158     9.56138
    -0.33210     0.94324     0.00000
    -0.94324    -0.33210     0.00000
     0.00000     0.00000     1.00000
           0           4           8           6
    15.73998     5.54158    15.93677
    -0.33210     0.94324     0.00000
    -0.94324    -0.33210     0.00000
     0.00000     0.00000     1.00000
           0           4           9           1
    15.34339     9.22097   -15.93651
    -0.51512     0.85712     0.00000
    -0.85712    -0.51512     0.00000
     0.00000     0.00000     1.00000
           0           4           9           2
    15.34339     9.22097    -9.56112
    -0.51512     0.85712     0.00000
    -0.85712    -0.51512     0.00000
     0.00000     0.00000     1.00000
           0           4           9           3
    15.34339     9.22097    -3.18572
    -0.51512     0.85712     0.00000
    -0.85712    -0.51512     0.00000
     0.00000     0.00000     1.00000
           0           4           9           4
    15.34339     9.22097     3.18968
    -0.51512     0.85712     0.00000
    -0.85712    -0.51512     0.00000
     0.00000     0.00000     1.00000
           0           4           9           5
    15.34339     9.22097     9.56507
    -0.51512     0.85712     0.00000
    -0.85712    -0.51512     0.00000
     0.00000     0.00000     1.00000
           0           4           9           6
    15.34339     9.22097    15.94048
    -0.51512     0.85712     0.00000
    -0.85712    -0.51512     0.00000
     0.00000     0.00000     1.00000
           0           4          10           1
    11.32418    10.54404   -15.96320
    -0.68145     0.73187     0.00000
    -0.73187    -0.68145     0.00000
     0.00000     0.00000     1.00000
           0           4          10           2
    11.32418    10.54404    -9.58780
    -0.68145     0.73187     0.00000
    -0.73187    -0.68145     0.00000
     0.00000     0.00000     1.00000
           0           4          10           3
    11.32418    10.54404    -3.21240
    -0.68145     0.73187     0.00000
    -0.73187    -0.68145     0.00000
     0.00000     0.00000     1.00000
           0           4          10           4
    11.32418    10.54404     3.16300
    -0.68145     0.73187     0.00000
    -0.73187    -0.68145     0.00000
     0.00000     0.00000     1.00000
           0           4          10           5
    11.32418    10.54404     9.53840
    -0.68145     0.73187     0.00000
    -0.73187    -0.68145     0.00000
     0.00000     0.00000     1.00000
           0           4          10           6
    11.32418    10.54404    15.91380
    -0.68145     0.73187     0.00000
    -0.73187    -0.68145     0.00000
     0.00000     0.00000     1.00000
           0           4          11           1
     9.46122    13.74559   -15.93850
    -0.82373     0.56698     0.00000
    -0.56698    -0.82373     0.00000
     0.00000     0.00000     1.00000
           0           4          11           2
     9.46122    13.74559    -9.56310
    -0.82373     0.56698     0.00000
    -0.56698    -0.82373     0.00000
     0.00000     0.00000     1.00000
           0           4          11           3
     9.46122    13.74559    -3.18770
    -0.82373     0.56698     0.00000
    -0.56698    -0.82373     0.00000
     0.00000     0.00000     1.00000
           0           4          11           4
     9.46122    13.74559     3.18770
    -0.82373     0.56698     0.00000
    -0.56698    -0.82373     0.00000
     0.00000     0.00000     1.00000
           0           4          11           5
     9.46122    13.74559     9.56310
    -0.82373     0.56698     0.00000
    -0.56698    -0.82373     0.00000
     0.00000     0.00000     1.00000
           0           4          11           6
     9.46122    13.74559    15.93850
    -0.82373     0.56698     0.00000
    -0.56698    -0.82373     0.00000
     0.00000     0.00000     1.00000
           0           4          12           1
     7.00146    16.47500   -15.93191
    -0.92034     0.39112     0.00000
    -0.39112    -0.92034     0.00000
     0.00000     0.00000     1.00000
           0           4          12           2
     7.00146    16.47500    -9.55649
    -0.92034     0.39112     0.00000
    -0.39112    -0.92034     0.00000
     0.00000     0.00000     1.00000
           0           4          12           3
     7.00146    16.47500    -3.18111
    -0.92034     0.39112     0.00000
    -0.39112    -0.92034     0.00000
     0.00000     0.00000     1.00000
           0           4          12           4
     7.00146    16.47500     3.19429
    -0.92034     0.39112     0.00000
    -0.39112    -0.92034     0.00000
     0.00000     0.00000     1.00000
           0           4          12           5
     7.00146    16.47500     9.56970
    -0.92034     0.39112     0.00000
    -0.39112    -0.92034     0.00000
     0.00000     0.00000     1.00000
           0           4          12           6
     7.00146    16.47500    15.94509
    -0.92034     0.39112     0.00000
    -0.39112    -0.92034     0.00000
     0.00000     0.00000     1.00000
           0           4          13           1
    -6.99281    16.47868    15.92284
     0.92055     0.39062     0.00000
     0.39062    -0.92055     0.00000
     0.00000    -0.00000    -1.00000
           0           4          13           2
    -6.99281    16.47868     9.54744
     0.92055     0.39062     0.00000
     0.39062    -0.92055     0.00000
     0.00000    -0.00000    -1.00000
           0           4          13           3
    -6.99281    16.47868     3.17204
     0.92055     0.39062     0.00000
     0.39062    -0.92055     0.00000
     0.00000    -0.00000    -1.00000
           0           4          13           4
    -6.99281    16.47868    -3.20336
     0.92055     0.39062     0.00000
     0.39062    -0.92055     0.00000
     0.00000    -0.00000    -1.00000
           0           4          13           5
    -6.99281    16.47868    -9.57876
     0.92055     0.39062     0.00000
     0.39062    -0.92055     0.00000
     0.00000    -0.00000    -1.00000
           0           4          13           6
    -6.99281    16.47868   -15.95416
     0.92055     0.39062     0.00000
     0.39062    -0.92055     0.00000
     0.00000    -0.00000    -1.00000
           0           4          14           1
    -9.46049    13.74609    15.93805
     0.82377     0.56692     0.00000
     0.56692    -0.82377     0.00000
     0.00000    -0.00000    -1.00000
           0           4          14           2
    -9.46049    13.74609     9.56265
     0.82377     0.56692     0.00000
     0.56692    -0.82377     0.00000
     0.00000    -0.00000    -1.00000
           0           4          14           3
    -9.46049    13.74609     3.18725
     0.82377     0.56692     0.00000
     0.56692    -0.82377     0.00000
     0.00000    -0.00000    -1.00000
           0           4          14           4
    -9.46049    13.74609    -3.18815
     0.82377     0.56692     0.00000
     0.56692    -0.82377     0.00000
     0.00000    -0.00000    -1.00000
           0           4          14           5
    -9.46049    13.74609    -9.56355
     0.82377     0.56692     0.00000
     0.56692    -0.82377     0.00000
     0.00000    -0.00000    -1.00000
           0           4          14           6
    -9.46049    13.74609   -15.93894
     0.82377     0.56692     0.00000
     0.56692    -0.82377     0.00000
     0.00000    -0.00000    -1.00000
           0           4          15           1
   -11.31131    10.55784    15.94567
     0.68233     0.73104    -0.00000
     0.73104    -0.68233    -0.00000
    -0.00000     0.00000    -1.00000
           0           4          15           2
   -11.31131    10.55784     9.57027
     0.68233     0.73104    -0.00000
     0.73104    -0.68233    -0.00000
    -0.00000     0.00000    -1.00000
           0           4          15           3
   -11.31131    10.55784     3.19487
     0.68233     0.73104    -0.00000
     0.73104    -0.68233    -0.00000
    -0.00000     0.00000    -1.00000
           0           4          15           4
   -11.31131    10.55784    -3.18053
     0.68233     0.73104    -0.00000
     0.73104    -0.68233    -0.00000
    -0.00000     0.00000    -1.00000
           0           4          15           5
   -11.31131    10.55784    -9.55593
     0.68233     0.73104    -0.00000
     0.73104    -0.68233    -0.00000
    -0.00000     0.00000    -1.00000
           0           4          15           6
   -11.31131    10.55784   -15.93133
     0.68233     0.73104    -0.00000
     0.73104    -0.68233    -0.00000
    -0.00000     0.00000    -1.00000
           0           4          16           1
   -15.33804     9.22986    15.93959
     0.51559     0.85683    -0.00000
     0.85683    -0.51559    -0.00000
    -0.00000     0.00000    -1.00000
           0           4          16           2
   -15.33804     9.22986     9.56419
     0.51559     0.85683    -0.00000
     0.85683    -0.51559    -0.00000
    -0.00000     0.00000    -1.00000
           0           4          16           3
   -15.33804     9.22986     3.18879
     0.51559     0.85683    -0.00000
     0.85683    -0.51559    -0.00000
    -0.00000     0.00000    -1.00000
           0           4          16           4
   -15.33804     9.22986    -3.18661
     0.51559     0.85683    -0.00000
     0.85683    -0.51559    -0.00000
    -0.00000     0.00000    -1.00000
           0           4          16           5
   -15.33804     9.22986    -9.56201
     0.51559     0.85683    -0.00000
     0.85683    -0.51559    -0.00000
    -0.00000     0.00000    -1.00000
           0           4          16           6
   -15.33804     9.22986   -15.93741
     0.51559     0.85683    -0.00000
     0.85683    -0.51559    -0.00000
    -0.00000     0.00000    -1.00000
           0           4          17           1
   -15.73859     5.54552    15.93850
     0.33233     0.94316    -0.00000
     0.94316    -0.33233    -0.00000
    -0.00000     0.00000    -1.00000
           0           4          17           2
   -15.73859     5.54552     9.56310
     0.33233     0.94316    -0.00000
     0.94316    -0.33233    -0.00000
    -0.00000     0.00000    -1.00000
           0           4          17           3
   -15.73859     5.54552     3.18770
     0.33233     0.94316    -0.00000
     0.94316    -0.33233    -0.00000
    -0.00000     0.00000    -1.00000
           0           4          17           4
   -15.73859     5.54552    -3.18770
     0.33233     0.94316    -0.00000
     0.94316    -0.33233    -0.00000
    -0.00000     0.00000    -1.00000
           0           4          17           5
   -15.73859     5.54552    -9.56310
     0.33233     0.94316    -0.00000
     0.94316    -0.33233    -0.00000
    -0.00000     0.00000    -1.00000
           0           4          17           6
   -15.73859     5.54552   -15.93850
     0.33233     0.94316    -0.00000
     0.94316    -0.33233    -0.00000
    -0.00000     0.00000    -1.00000
           0           4          18           1
   -15.36415     1.83220    15.90796
     0.11842     0.99296    -0.00000
     0.99296    -0.11842    -0.00000
    -0.00000     0.00000    -1.00000
           0           4          18           2
   -15.36415     1.83220     9.53256
     0.11842     0.99296    -0.00000
     0.99296    -0.11842    -0.00000
    -0.00000     0.00000    -1.00000
           0           4          18           3
   -15.36415     1.83220     3.15716
     0.11842     0.99296    -0.00000
     0.99296    -0.11842    -0.00000
    -0.00000     0.00000    -1.00000
           0           4          18           4
   -15.36415     1.83220    -3.21824
     0.11842     0.99296    -0.00000
     0.99296    -0.11842    -0.00000
    -0.00000     0.00000    -1.00000
           0           4          18           5
   -15.36415     1.83220    -9.59364
     0.11842     0.99296    -0.00000
     0.99296    -0.11842    -0.00000
    -0.00000     0.00000    -1.00000
           0           4          18           6
   -15.36415     1.83220   -15.96904
     0.11842     0.99296    -0.00000
     0.99296    -0.11842    -0.00000
    -0.00000     0.00000    -1.00000
           0           4          19           1
   -17.82906    -1.60320    15.93344
    -0.08957     0.99598    -0.00000
     0.99598     0.08957    -0.00000
    -0.00000    -0.00000    -1.00000
           0           4          19           2
   -17.82906    -1.60320     9.55804
    -0.08957     0.99598    -0.00000
     0.99598     0.08957    -0.00000
    -0.00000    -0.00000    -1.00000
           0           4          19           3
   -17.82906    -1.60320     3.18264
    -0.08957     0.99598    -0.00000
     0.99598     0.08957    -0.00000
    -0.00000    -0.00000    -1.00000
           0           4          19           4
   -17.82906    -1.60320    -3.19276
    -0.08957     0.99598    -0.00000
     0.99598     0.08957    -0.00000
    -0.00000    -0.00000    -1.00000
           0           4          19           5
   -17.82906    -1.60320    -9.56816
    -0.08957     0.99598    -0.00000
     0.99598     0.08957    -0.00000
    -0.00000    -0.00000    -1.00000
           0           4          19           6
   -17.82906    -1.60320   -15.94357
    -0.08957     0.99598    -0.00000
     0.99598     0.08957    -0.00000
    -0.00000    -0.00000    -1.00000
           0           4          20           1
   -15.98578    -4.78647    15.93667
    -0.28684     0.95798    -0.00000
     0.95798     0.28684    -0.00000
    -0.00000    -0.00000    -1.00000
           0           4          20           2
   -15.98578    -4.78647     9.56126
    -0.28684     0.95798    -0.00000
     0.95798     0.28684    -0.00000
    -0.00000    -0.00000    -1.00000
           0           4          20           3
   -15.98578    -4.78647     3.18586
    -0.28684     0.95798    -0.00000
     0.95798     0.28684    -0.00000
    -0.00000    -0.00000    -1.00000
           0           4          20           4
   -15.98578    -4.78647    -3.18954
    -0.28684     0.95798    -0.00000
     0.95798     0.28684    -0.00000
    -0.00000    -0.00000    -1.00000
           0           4          20           5
   -15.98578    -4.78647    -9.56494
    -0.28684     0.95798    -0.00000
     0.95798     0.28684    -0.00000
    -0.00000    -0.00000    -1.00000
           0           4          20           6
   -15.98578    -4.78647   -15.94034
    -0.28684     0.95798    -0.00000
     0.95798     0.28684    -0.00000
    -0.00000    -0.00000    -1.00000
           0           4          21           1
   -13.51769    -7.52896    15.94209
    -0.48659     0.87363    -0.00000
     0.87363     0.48659    -0.00000
    -0.00000    -0.00000    -1.00000
           0           4          21           2
   -13.51769    -7.52896     9.56669
    -0.48659     0.87363    -0.00000
     0.87363     0.48659    -0.00000
    -0.00000    -0.00000    -1.00000
           0           4          21           3
   -13.51769    -7.52896     3.19129
    -0.48659     0.87363    -0.00000
     0.87363     0.48659    -0.00000
    -0.00000    -0.00000    -1.00000
           0           4          21           4
   -13.51769    -7.52896    -3.18411
    -0.48659     0.87363    -0.00000
     0.87363     0.48659    -0.00000
    -0.00000    -0.00000    -1.00000
           0           4          21           5
   -13.51769    -7.52896    -9.55951
    -0.48659     0.87363    -0.00000
     0.87363     0.48659    -0.00000
    -0.00000    -0.00000    -1.00000
           0           4          21           6
   -13.51769    -7.52896   -15.93491
    -0.48659     0.87363    -0.00000
     0.87363     0.48659    -0.00000
    -0.00000    -0.00000    -1.00000
           0           4          22           1
   -13.49572   -11.76059    15.91761
    -0.65698     0.75391    -0.00000
     0.75391     0.65698    -0.00000
    -0.00000    -0.00000    -1.00000
           0           4          22           2
   -13.49572   -11.76059     9.54221
    -0.65698     0.75391    -0.00000
     0.75391     0.65698    -0.00000
    -0.00000    -0.00000    -1.00000
           0           4          22           3
   -13.49572   -11.76059     3.16681
    -0.65698     0.75391    -0.00000
     0.75391     0.65698    -0.00000
    -0.00000    -0.00000    -1.00000
           0           4          22           4
   -13.49572   -11.76059    -3.20859
    -0.65698     0.75391    -0.00000
     0.75391     0.65698    -0.00000
    -0.00000    -0.00000    -1.00000
           0           4          22           5
   -13.49572   -11.76059    -9.58399
    -0.65698     0.75391    -0.00000
     0.75391     0.65698    -0.00000
    -0.00000    -0.00000    -1.00000
           0           4          22           6
   -13.49572   -11.76059   -15.95939
    -0.65698     0.75391    -0.00000
     0.75391     0.65698    -0.00000
    -0.00000    -0.00000    -1.00000
           0           4          23           1
   -10.13099   -13.25967    15.93379
    -0.79461     0.60712    -0.00000
     0.60712     0.79461    -0.00000
    -0.00000    -0.00000    -1.00000
           0           4          23           2
   -10.13099   -13.25967     9.55840
    -0.79461     0.60712    -0.00000
     0.60712     0.79461    -0.00000
    -0.00000    -0.00000    -1.00000
           0           4          23           3
   -10.13099   -13.25967     3.18300
    -0.79461     0.60712    -0.00000
     0.60712     0.79461    -0.00000
    -0.00000    -0.00000    -1.00000
           0           4          23           4
   -10.13099   -13.25967    -3.19240
    -0.79461     0.60712    -0.00000
     0.60712     0.79461    -0.00000
    -0.00000    -0.00000    -1.00000
           0           4          23           5
   -10.13099   -13.25967    -9.56780
    -0.79461     0.60712    -0.00000
     0.60712     0.79461    -0.00000
    -0.00000    -0.00000    -1.00000
           0           4          23           6
   -10.13099   -13.25967   -15.94320
    -0.79461     0.60712    -0.00000
     0.60712     0.79461    -0.00000
    -0.00000    -0.00000    -1.00000
           0           4          24           1
    -6.50734   -14.03810    15.93850
    -0.90726     0.42056    -0.00000
     0.42056     0.90726    -0.00000
    -0.00000    -0.00000    -1.00000
           0           4          24           2
    -6.50734   -14.03810     9.56310
    -0.90726     0.42056    -0.00000
     0.42056     0.90726    -0.00000
    -0.00000    -0.00000    -1.00000
           0           4          24           3
    -6.50734   -14.03810     3.18770
    -0.90726     0.42056    -0.00000
     0.42056     0.90726    -0.00000
    -0.00000    -0.00000    -1.00000
           0           4          24           4
    -6.50734   -14.03810    -3.18770
    -0.90726     0.42056    -0.00000
     0.42056     0.90726    -0.00000
    -0.00000    -0.00000    -1.00000
           0           4          24           5
    -6.50734   -14.03810    -9.56310
    -0.90726     0.42056    -0.00000
     0.42056     0.90726    -0.00000
    -0.00000    -0.00000    -1.00000
           0           4          24           6
    -6.50734   -14.03810   -15.93850
    -0.90726     0.42056    -0.00000
     0.42056     0.90726    -0.00000
    -0.00000    -0.00000    -1.00000
