 SVX cage parameters:
     2.20000
     0.50000     0.20000
     0.00000
           6
   -40.00000   -26.50000   -26.50000    26.50000    26.50000    40.00000
    53.00000    53.00000    22.00000    22.00000    53.00000    53.00000
     0.00000     0.00000     0.00000
 SVX barrel parameters:
           4
     2.63000     5.13000    11.76500    16.68700     1.21400
     0.00000     0.00000     0.00000     0.00000
           4           4           5           6
     0.69600     0.69600     1.74500     1.74500
     0.01000     0.01000     0.03125     0.03125
     2.83600     2.83600     3.18770     3.18770
     0.01900     0.01900     0.00000     0.00000
     0.02000     0.02000     0.00000     0.00000
    26.70000    13.60000    17.00000    12.00000
   -13.00000   -13.02000     0.00000     0.00000
           2
           5           5
     0.00000   180.00000
           2
          10          10
     0.00000   180.00000
           2
           8           8
     0.00000   180.00000
           2
          12          12
     0.00000   180.00000
 SVX barrel sensor rotation matrices and translation vectors:
           0           1           1           1
     1.56892    -2.11078     8.53800
     0.64686     0.76261    -0.00000
    -0.76261     0.64686    -0.00000
     0.00000     0.00000     1.00000
           0           1           1           2
     1.56892    -2.11078     2.84600
     0.64686     0.76261    -0.00000
    -0.76261     0.64686    -0.00000
     0.00000     0.00000     1.00000
           0           1           1           3
     1.56892    -2.11078    -2.84600
     0.64686     0.76261    -0.00000
    -0.76261     0.64686    -0.00000
     0.00000     0.00000     1.00000
           0           1           1           4
     1.56892    -2.11078    -8.53800
     0.64686     0.76261    -0.00000
    -0.76261     0.64686    -0.00000
     0.00000     0.00000     1.00000
           0           1           2           1
     2.35323    -1.17438     8.54078
     0.23259     0.97258    -0.00000
    -0.97258     0.23259    -0.00000
    -0.00000     0.00000     1.00000
           0           1           2           2
     2.35323    -1.17438     2.84878
     0.23259     0.97258    -0.00000
    -0.97258     0.23259    -0.00000
    -0.00000     0.00000     1.00000
           0           1           2           3
     2.35323    -1.17438    -2.84322
     0.23259     0.97258    -0.00000
    -0.97258     0.23259    -0.00000
    -0.00000     0.00000     1.00000
           0           1           2           4
     2.35323    -1.17438    -8.53522
     0.23259     0.97258    -0.00000
    -0.97258     0.23259    -0.00000
    -0.00000     0.00000     1.00000
           0           1           3           1
     2.63000     0.00465     8.53940
    -0.22789     0.97369     0.00000
    -0.97369    -0.22789     0.00000
     0.00000     0.00000     1.00000
           0           1           3           2
     2.63000     0.00465     2.84741
    -0.22789     0.97369     0.00000
    -0.97369    -0.22789     0.00000
     0.00000     0.00000     1.00000
           0           1           3           3
     2.63000     0.00465    -2.84459
    -0.22789     0.97369     0.00000
    -0.97369    -0.22789     0.00000
     0.00000     0.00000     1.00000
           0           1           3           4
     2.63000     0.00465    -8.53659
    -0.22789     0.97369     0.00000
    -0.97369    -0.22789     0.00000
     0.00000     0.00000     1.00000
           0           1           4           1
     2.34544     1.18988     8.53875
    -0.64241     0.76636     0.00000
    -0.76636    -0.64241     0.00000
     0.00000     0.00000     1.00000
           0           1           4           2
     2.34544     1.18988     2.84675
    -0.64241     0.76636     0.00000
    -0.76636    -0.64241     0.00000
     0.00000     0.00000     1.00000
           0           1           4           3
     2.34544     1.18988    -2.84525
    -0.64241     0.76636     0.00000
    -0.76636    -0.64241     0.00000
     0.00000     0.00000     1.00000
           0           1           4           4
     2.34544     1.18988    -8.53725
    -0.64241     0.76636     0.00000
    -0.76636    -0.64241     0.00000
     0.00000     0.00000     1.00000
           0           1           5           1
     1.55496     2.12108     8.54034
    -0.91932     0.39351     0.00000
    -0.39351    -0.91932     0.00000
     0.00000     0.00000     1.00000
           0           1           5           2
     1.55496     2.12108     2.84834
    -0.91932     0.39351     0.00000
    -0.39351    -0.91932     0.00000
     0.00000     0.00000     1.00000
           0           1           5           3
     1.55496     2.12108    -2.84366
    -0.91932     0.39351     0.00000
    -0.39351    -0.91932     0.00000
     0.00000     0.00000     1.00000
           0           1           5           4
     1.55496     2.12108    -8.53566
    -0.91932     0.39351     0.00000
    -0.39351    -0.91932     0.00000
     0.00000     0.00000     1.00000
           0           1           6           1
    -1.56827     2.11127    -8.54887
     0.91683     0.39928     0.00000
     0.39928    -0.91683     0.00000
     0.00000    -0.00000    -1.00000
           0           1           6           2
    -1.56827     2.11127    -2.85687
     0.91683     0.39928     0.00000
     0.39928    -0.91683     0.00000
     0.00000    -0.00000    -1.00000
           0           1           6           3
    -1.56827     2.11127     2.83513
     0.91683     0.39928     0.00000
     0.39928    -0.91683     0.00000
     0.00000    -0.00000    -1.00000
           0           1           6           4
    -1.56827     2.11127     8.52713
     0.91683     0.39928     0.00000
     0.39928    -0.91683     0.00000
     0.00000    -0.00000    -1.00000
           0           1           7           1
    -2.35052     1.17982    -8.54543
     0.63912     0.76911    -0.00000
     0.76911    -0.63912    -0.00000
    -0.00000     0.00000    -1.00000
           0           1           7           2
    -2.35052     1.17982    -2.85343
     0.63912     0.76911    -0.00000
     0.76911    -0.63912    -0.00000
    -0.00000     0.00000    -1.00000
           0           1           7           3
    -2.35052     1.17982     2.83857
     0.63912     0.76911    -0.00000
     0.76911    -0.63912    -0.00000
    -0.00000     0.00000    -1.00000
           0           1           7           4
    -2.35052     1.17982     8.53057
     0.63912     0.76911    -0.00000
     0.76911    -0.63912    -0.00000
    -0.00000     0.00000    -1.00000
           0           1           8           1
    -2.63000     0.00513    -8.54084
     0.22808     0.97364    -0.00000
     0.97364    -0.22808    -0.00000
    -0.00000     0.00000    -1.00000
           0           1           8           2
    -2.62999     0.00513    -2.84884
     0.22808     0.97364    -0.00000
     0.97364    -0.22808    -0.00000
    -0.00000     0.00000    -1.00000
           0           1           8           3
    -2.62999     0.00513     2.84316
     0.22808     0.97364    -0.00000
     0.97364    -0.22808    -0.00000
    -0.00000     0.00000    -1.00000
           0           1           8           4
    -2.62999     0.00513     8.53516
     0.22808     0.97364    -0.00000
     0.97364    -0.22808    -0.00000
    -0.00000     0.00000    -1.00000
           0           1           9           1
    -2.34992    -1.18100    -8.53885
    -0.23533     0.97192    -0.00000
     0.97192     0.23533    -0.00000
    -0.00000    -0.00000    -1.00000
           0           1           9           2
    -2.34992    -1.18100    -2.84685
    -0.23533     0.97192    -0.00000
     0.97192     0.23533    -0.00000
    -0.00000    -0.00000    -1.00000
           0           1           9           3
    -2.34992    -1.18100     2.84514
    -0.23533     0.97192    -0.00000
     0.97192     0.23533    -0.00000
    -0.00000    -0.00000    -1.00000
           0           1           9           4
    -2.34992    -1.18100     8.53715
    -0.23533     0.97192    -0.00000
     0.97192     0.23533    -0.00000
    -0.00000    -0.00000    -1.00000
           0           1          10           1
    -1.56592    -2.11301    -8.54178
    -0.64794     0.76169    -0.00000
     0.76169     0.64794    -0.00000
    -0.00000    -0.00000    -1.00000
           0           1          10           2
    -1.56592    -2.11301    -2.84978
    -0.64794     0.76169    -0.00000
     0.76169     0.64794    -0.00000
    -0.00000    -0.00000    -1.00000
           0           1          10           3
    -1.56592    -2.11301     2.84222
    -0.64794     0.76169    -0.00000
     0.76169     0.64794    -0.00000
    -0.00000    -0.00000    -1.00000
           0           1          10           4
    -1.56592    -2.11301     8.53422
    -0.64794     0.76169    -0.00000
     0.76169     0.64794    -0.00000
    -0.00000    -0.00000    -1.00000
           0           2           1           1
     2.47098    -4.49569     8.53427
     0.74487     0.66720    -0.00000
    -0.66720     0.74487    -0.00000
     0.00000     0.00000     1.00000
           0           2           1           2
     2.47098    -4.49569     2.84226
     0.74487     0.66720    -0.00000
    -0.66720     0.74487    -0.00000
     0.00000     0.00000     1.00000
           0           2           1           3
     2.47098    -4.49569    -2.84974
     0.74487     0.66720    -0.00000
    -0.66720     0.74487    -0.00000
     0.00000     0.00000     1.00000
           0           2           1           4
     2.47098    -4.49569    -8.54173
     0.74487     0.66720    -0.00000
    -0.66720     0.74487    -0.00000
     0.00000     0.00000     1.00000
           0           2           2           1
     3.45565    -3.79149     8.53768
     0.56780     0.82317    -0.00000
    -0.82317     0.56780    -0.00000
     0.00000     0.00000     1.00000
           0           2           2           2
     3.45565    -3.79149     2.84568
     0.56780     0.82317    -0.00000
    -0.82317     0.56780    -0.00000
     0.00000     0.00000     1.00000
           0           2           2           3
     3.45565    -3.79149    -2.84632
     0.56780     0.82317    -0.00000
    -0.82317     0.56780    -0.00000
     0.00000     0.00000     1.00000
           0           2           2           4
     3.45565    -3.79149    -8.53832
     0.56780     0.82317    -0.00000
    -0.82317     0.56780    -0.00000
     0.00000     0.00000     1.00000
           0           2           3           1
     4.25436    -2.86660     8.53960
     0.35698     0.93411    -0.00000
    -0.93411     0.35698    -0.00000
    -0.00000     0.00000     1.00000
           0           2           3           2
     4.25436    -2.86660     2.84760
     0.35698     0.93411    -0.00000
    -0.93411     0.35698    -0.00000
    -0.00000     0.00000     1.00000
           0           2           3           3
     4.25436    -2.86660    -2.84440
     0.35698     0.93411    -0.00000
    -0.93411     0.35698    -0.00000
    -0.00000     0.00000     1.00000
           0           2           3           4
     4.25436    -2.86660    -8.53640
     0.35698     0.93411    -0.00000
    -0.93411     0.35698    -0.00000
    -0.00000     0.00000     1.00000
           0           2           4           1
     4.80921    -1.78561     8.54172
     0.12727     0.99187    -0.00000
    -0.99187     0.12727    -0.00000
     0.00000     0.00000     1.00000
           0           2           4           2
     4.80921    -1.78561     2.84972
     0.12727     0.99187    -0.00000
    -0.99187     0.12727    -0.00000
     0.00000     0.00000     1.00000
           0           2           4           3
     4.80921    -1.78561    -2.84228
     0.12727     0.99187    -0.00000
    -0.99187     0.12727    -0.00000
     0.00000     0.00000     1.00000
           0           2           4           4
     4.80921    -1.78561    -8.53428
     0.12727     0.99187    -0.00000
    -0.99187     0.12727    -0.00000
     0.00000     0.00000     1.00000
           0           2           5           1
     5.09386    -0.60782     8.54021
    -0.10891     0.99405     0.00000
    -0.99405    -0.10891     0.00000
     0.00000     0.00000     1.00000
           0           2           5           2
     5.09386    -0.60782     2.84821
    -0.10891     0.99405     0.00000
    -0.99405    -0.10891     0.00000
     0.00000     0.00000     1.00000
           0           2           5           3
     5.09386    -0.60782    -2.84379
    -0.10891     0.99405     0.00000
    -0.99405    -0.10891     0.00000
     0.00000     0.00000     1.00000
           0           2           5           4
     5.09386    -0.60782    -8.53579
    -0.10891     0.99405     0.00000
    -0.99405    -0.10891     0.00000
     0.00000     0.00000     1.00000
           0           2           6           1
     5.09504     0.59789     8.53986
    -0.33791     0.94118     0.00000
    -0.94118    -0.33791     0.00000
     0.00000     0.00000     1.00000
           0           2           6           2
     5.09504     0.59789     2.84786
    -0.33791     0.94118     0.00000
    -0.94118    -0.33791     0.00000
     0.00000     0.00000     1.00000
           0           2           6           3
     5.09504     0.59789    -2.84414
    -0.33791     0.94118     0.00000
    -0.94118    -0.33791     0.00000
     0.00000     0.00000     1.00000
           0           2           6           4
     5.09504     0.59789    -8.53614
    -0.33791     0.94118     0.00000
    -0.94118    -0.33791     0.00000
     0.00000     0.00000     1.00000
           0           2           7           1
     4.80940     1.78509     8.54067
    -0.55077     0.83465     0.00000
    -0.83465    -0.55077     0.00000
     0.00000     0.00000     1.00000
           0           2           7           2
     4.80940     1.78509     2.84867
    -0.55077     0.83465     0.00000
    -0.83465    -0.55077     0.00000
     0.00000     0.00000     1.00000
           0           2           7           3
     4.80940     1.78509    -2.84333
    -0.55077     0.83465     0.00000
    -0.83465    -0.55077     0.00000
     0.00000     0.00000     1.00000
           0           2           7           4
     4.80940     1.78509    -8.53533
    -0.55077     0.83465     0.00000
    -0.83465    -0.55077     0.00000
     0.00000     0.00000     1.00000
           0           2           8           1
     4.25823     2.86082     8.53995
    -0.73077     0.68262     0.00000
    -0.68262    -0.73077     0.00000
     0.00000     0.00000     1.00000
           0           2           8           2
     4.25823     2.86082     2.84795
    -0.73077     0.68262     0.00000
    -0.68262    -0.73077     0.00000
     0.00000     0.00000     1.00000
           0           2           8           3
     4.25823     2.86082    -2.84405
    -0.73077     0.68262     0.00000
    -0.68262    -0.73077     0.00000
     0.00000     0.00000     1.00000
           0           2           8           4
     4.25823     2.86082    -8.53605
    -0.73077     0.68262     0.00000
    -0.68262    -0.73077     0.00000
     0.00000     0.00000     1.00000
           0           2           9           1
     3.46153     3.78613     8.53740
    -0.87140     0.49058     0.00000
    -0.49058    -0.87140     0.00000
     0.00000     0.00000     1.00000
           0           2           9           2
     3.46153     3.78613     2.84540
    -0.87140     0.49058     0.00000
    -0.49058    -0.87140     0.00000
     0.00000     0.00000     1.00000
           0           2           9           3
     3.46153     3.78613    -2.84660
    -0.87140     0.49058     0.00000
    -0.49058    -0.87140     0.00000
     0.00000     0.00000     1.00000
           0           2           9           4
     3.46153     3.78613    -8.53860
    -0.87140     0.49058     0.00000
    -0.49058    -0.87140     0.00000
     0.00000     0.00000     1.00000
           0           2          10           1
     2.47795     4.49184     8.53467
    -0.96209     0.27273     0.00000
    -0.27273    -0.96209     0.00000
     0.00000     0.00000     1.00000
           0           2          10           2
     2.47795     4.49184     2.84267
    -0.96209     0.27273     0.00000
    -0.27273    -0.96209     0.00000
     0.00000     0.00000     1.00000
           0           2          10           3
     2.47795     4.49184    -2.84933
    -0.96209     0.27273     0.00000
    -0.27273    -0.96209     0.00000
     0.00000     0.00000     1.00000
           0           2          10           4
     2.47795     4.49184    -8.54133
    -0.96209     0.27273     0.00000
    -0.27273    -0.96209     0.00000
     0.00000     0.00000     1.00000
           0           2          11           1
    -2.46635     4.49823    -8.53334
     0.96279     0.27024     0.00000
     0.27024    -0.96279     0.00000
     0.00000    -0.00000    -1.00000
           0           2          11           2
    -2.46635     4.49823    -2.84134
     0.96279     0.27024     0.00000
     0.27024    -0.96279     0.00000
     0.00000    -0.00000    -1.00000
           0           2          11           3
    -2.46635     4.49823     2.85066
     0.96279     0.27024     0.00000
     0.27024    -0.96279     0.00000
     0.00000    -0.00000    -1.00000
           0           2          11           4
    -2.46635     4.49823     8.54266
     0.96279     0.27024     0.00000
     0.27024    -0.96279     0.00000
     0.00000    -0.00000    -1.00000
           0           2          12           1
    -3.45918     3.78827    -8.53800
     0.87170     0.49004     0.00000
     0.49004    -0.87170     0.00000
     0.00000    -0.00000    -1.00000
           0           2          12           2
    -3.45918     3.78827    -2.84600
     0.87170     0.49004     0.00000
     0.49004    -0.87170     0.00000
     0.00000    -0.00000    -1.00000
           0           2          12           3
    -3.45918     3.78827     2.84600
     0.87170     0.49004     0.00000
     0.49004    -0.87170     0.00000
     0.00000    -0.00000    -1.00000
           0           2          12           4
    -3.45918     3.78827     8.53800
     0.87170     0.49004     0.00000
     0.49004    -0.87170     0.00000
     0.00000    -0.00000    -1.00000
           0           2          13           1
    -4.25130     2.87113    -8.54072
     0.73243     0.68084     0.00000
     0.68084    -0.73243     0.00000
     0.00000    -0.00000    -1.00000
           0           2          13           2
    -4.25130     2.87113    -2.84872
     0.73243     0.68084     0.00000
     0.68084    -0.73243     0.00000
     0.00000    -0.00000    -1.00000
           0           2          13           3
    -4.25130     2.87113     2.84328
     0.73243     0.68084     0.00000
     0.68084    -0.73243     0.00000
     0.00000    -0.00000    -1.00000
           0           2          13           4
    -4.25130     2.87113     8.53528
     0.73243     0.68084     0.00000
     0.68084    -0.73243     0.00000
     0.00000    -0.00000    -1.00000
           0           2          14           1
    -4.80767     1.78975    -8.53956
     0.55158     0.83412    -0.00000
     0.83412    -0.55158    -0.00000
    -0.00000     0.00000    -1.00000
           0           2          14           2
    -4.80767     1.78975    -2.84756
     0.55158     0.83412    -0.00000
     0.83412    -0.55158    -0.00000
    -0.00000     0.00000    -1.00000
           0           2          14           3
    -4.80767     1.78975     2.84444
     0.55158     0.83412    -0.00000
     0.83412    -0.55158    -0.00000
    -0.00000     0.00000    -1.00000
           0           2          14           4
    -4.80767     1.78975     8.53644
     0.55158     0.83412    -0.00000
     0.83412    -0.55158    -0.00000
    -0.00000     0.00000    -1.00000
           0           2          15           1
    -5.09427     0.60447    -8.54206
     0.33913     0.94074    -0.00000
     0.94074    -0.33913    -0.00000
    -0.00000     0.00000    -1.00000
           0           2          15           2
    -5.09427     0.60447    -2.85006
     0.33913     0.94074    -0.00000
     0.94074    -0.33913    -0.00000
    -0.00000     0.00000    -1.00000
           0           2          15           3
    -5.09427     0.60447     2.84194
     0.33913     0.94074    -0.00000
     0.94074    -0.33913    -0.00000
    -0.00000     0.00000    -1.00000
           0           2          15           4
    -5.09427     0.60447     8.53394
     0.33913     0.94074    -0.00000
     0.94074    -0.33913    -0.00000
    -0.00000     0.00000    -1.00000
           0           2          16           1
    -5.09395    -0.60711    -8.53750
     0.10905     0.99404    -0.00000
     0.99404    -0.10905    -0.00000
    -0.00000     0.00000    -1.00000
           0           2          16           2
    -5.09395    -0.60711    -2.84551
     0.10905     0.99404    -0.00000
     0.99404    -0.10905    -0.00000
    -0.00000     0.00000    -1.00000
           0           2          16           3
    -5.09395    -0.60711     2.84649
     0.10905     0.99404    -0.00000
     0.99404    -0.10905    -0.00000
    -0.00000     0.00000    -1.00000
           0           2          16           4
    -5.09395    -0.60711     8.53850
     0.10905     0.99404    -0.00000
     0.99404    -0.10905    -0.00000
    -0.00000     0.00000    -1.00000
           0           2          17           1
    -4.80863    -1.78717    -8.53735
    -0.12760     0.99183    -0.00000
     0.99183     0.12760    -0.00000
    -0.00000    -0.00000    -1.00000
           0           2          17           2
    -4.80863    -1.78717    -2.84535
    -0.12760     0.99183    -0.00000
     0.99183     0.12760    -0.00000
    -0.00000    -0.00000    -1.00000
           0           2          17           3
    -4.80863    -1.78717     2.84665
    -0.12760     0.99183    -0.00000
     0.99183     0.12760    -0.00000
    -0.00000    -0.00000    -1.00000
           0           2          17           4
    -4.80863    -1.78717     8.53865
    -0.12760     0.99183    -0.00000
     0.99183     0.12760    -0.00000
    -0.00000    -0.00000    -1.00000
           0           2          18           1
    -4.25226    -2.86969    -8.54150
    -0.35766     0.93385    -0.00000
     0.93385     0.35766    -0.00000
    -0.00000    -0.00000    -1.00000
           0           2          18           2
    -4.25226    -2.86969    -2.84950
    -0.35766     0.93385    -0.00000
     0.93385     0.35766    -0.00000
    -0.00000    -0.00000    -1.00000
           0           2          18           3
    -4.25226    -2.86969     2.84250
    -0.35766     0.93385    -0.00000
     0.93385     0.35766    -0.00000
    -0.00000    -0.00000    -1.00000
           0           2          18           4
    -4.25226    -2.86969     8.53450
    -0.35766     0.93385    -0.00000
     0.93385     0.35766    -0.00000
    -0.00000    -0.00000    -1.00000
           0           2          19           1
    -3.45564    -3.79150    -8.54531
    -0.56779     0.82317    -0.00000
     0.82317     0.56779    -0.00000
    -0.00000    -0.00000    -1.00000
           0           2          19           2
    -3.45564    -3.79150    -2.85331
    -0.56779     0.82317    -0.00000
     0.82317     0.56779    -0.00000
    -0.00000    -0.00000    -1.00000
           0           2          19           3
    -3.45564    -3.79150     2.83869
    -0.56779     0.82317    -0.00000
     0.82317     0.56779    -0.00000
    -0.00000    -0.00000    -1.00000
           0           2          19           4
    -3.45564    -3.79150     8.53069
    -0.56779     0.82317    -0.00000
     0.82317     0.56779    -0.00000
    -0.00000    -0.00000    -1.00000
           0           2          20           1
    -2.46497    -4.49898    -8.54605
    -0.74576     0.66621    -0.00000
     0.66621     0.74576    -0.00000
    -0.00000    -0.00000    -1.00000
           0           2          20           2
    -2.46497    -4.49898    -2.85406
    -0.74576     0.66621    -0.00000
     0.66621     0.74576    -0.00000
    -0.00000    -0.00000    -1.00000
           0           2          20           3
    -2.46497    -4.49898     2.83794
    -0.74576     0.66621    -0.00000
     0.66621     0.74576    -0.00000
    -0.00000    -0.00000    -1.00000
           0           2          20           4
    -2.46497    -4.49898     8.52994
    -0.74576     0.66621    -0.00000
     0.66621     0.74576    -0.00000
    -0.00000    -0.00000    -1.00000
           0           3           1           1
     5.62429   -10.33356    12.75300
    -0.87833    -0.47806    -0.00000
    -0.47806     0.87833    -0.00000
     0.00000    -0.00000    -1.00000
           0           3           1           2
     5.62429   -10.33356     6.37760
    -0.87833    -0.47806    -0.00000
    -0.47806     0.87833    -0.00000
     0.00000    -0.00000    -1.00000
           0           3           1           3
     5.62429   -10.33356     0.00220
    -0.87833    -0.47806    -0.00000
    -0.47806     0.87833    -0.00000
     0.00000    -0.00000    -1.00000
           0           3           1           4
     5.62429   -10.33356    -6.37320
    -0.87833    -0.47806    -0.00000
    -0.47806     0.87833    -0.00000
     0.00000    -0.00000    -1.00000
           0           3           1           5
     5.62429   -10.33356   -12.74860
    -0.87833    -0.47806    -0.00000
    -0.47806     0.87833    -0.00000
     0.00000    -0.00000    -1.00000
           0           3           2           1
     7.51918    -7.12681    12.74073
    -0.68792    -0.72579     0.00000
    -0.72579     0.68792     0.00000
    -0.00000     0.00000    -1.00000
           0           3           2           2
     7.51918    -7.12681     6.36533
    -0.68792    -0.72579     0.00000
    -0.72579     0.68792     0.00000
    -0.00000     0.00000    -1.00000
           0           3           2           3
     7.51918    -7.12681    -0.01007
    -0.68792    -0.72579     0.00000
    -0.72579     0.68792     0.00000
    -0.00000     0.00000    -1.00000
           0           3           2           4
     7.51918    -7.12681    -6.38547
    -0.68792    -0.72579     0.00000
    -0.72579     0.68792     0.00000
    -0.00000     0.00000    -1.00000
           0           3           2           5
     7.51918    -7.12681   -12.76087
    -0.68792    -0.72579     0.00000
    -0.72579     0.68792     0.00000
    -0.00000     0.00000    -1.00000
           0           3           3           1
    11.53255    -5.66317    12.75451
    -0.44078    -0.89761     0.00000
    -0.89761     0.44078     0.00000
    -0.00000     0.00000    -1.00000
           0           3           3           2
    11.53255    -5.66317     6.37912
    -0.44078    -0.89761     0.00000
    -0.89761     0.44078     0.00000
    -0.00000     0.00000    -1.00000
           0           3           3           3
    11.53255    -5.66317     0.00372
    -0.44078    -0.89761     0.00000
    -0.89761     0.44078     0.00000
    -0.00000     0.00000    -1.00000
           0           3           3           4
    11.53255    -5.66317    -6.37169
    -0.44078    -0.89761     0.00000
    -0.89761     0.44078     0.00000
    -0.00000     0.00000    -1.00000
           0           3           3           5
    11.53255    -5.66317   -12.74708
    -0.44078    -0.89761     0.00000
    -0.89761     0.44078     0.00000
    -0.00000     0.00000    -1.00000
           0           3           4           1
    11.58127    -2.07113    12.74895
    -0.17605    -0.98438     0.00000
    -0.98438     0.17605     0.00000
    -0.00000     0.00000    -1.00000
           0           3           4           2
    11.58127    -2.07113     6.37355
    -0.17605    -0.98438     0.00000
    -0.98438     0.17605     0.00000
    -0.00000     0.00000    -1.00000
           0           3           4           3
    11.58127    -2.07113    -0.00185
    -0.17605    -0.98438     0.00000
    -0.98438     0.17605     0.00000
    -0.00000     0.00000    -1.00000
           0           3           4           4
    11.58127    -2.07113    -6.37725
    -0.17605    -0.98438     0.00000
    -0.98438     0.17605     0.00000
    -0.00000     0.00000    -1.00000
           0           3           4           5
    11.58127    -2.07113   -12.75265
    -0.17605    -0.98438     0.00000
    -0.98438     0.17605     0.00000
    -0.00000     0.00000    -1.00000
           0           3           5           1
    10.26266     1.41689    12.74341
     0.13676    -0.99060     0.00000
    -0.99060    -0.13676     0.00000
    -0.00000    -0.00000    -1.00000
           0           3           5           2
    10.26266     1.41689     6.36801
     0.13676    -0.99060     0.00000
    -0.99060    -0.13676     0.00000
    -0.00000    -0.00000    -1.00000
           0           3           5           3
    10.26266     1.41689    -0.00739
     0.13676    -0.99060     0.00000
    -0.99060    -0.13676     0.00000
    -0.00000    -0.00000    -1.00000
           0           3           5           4
    10.26266     1.41689    -6.38279
     0.13676    -0.99060     0.00000
    -0.99060    -0.13676     0.00000
    -0.00000    -0.00000    -1.00000
           0           3           5           5
    10.26266     1.41689   -12.75819
     0.13676    -0.99060     0.00000
    -0.99060    -0.13676     0.00000
    -0.00000    -0.00000    -1.00000
           0           3           6           1
    11.64105     5.43665    12.75440
     0.42314    -0.90606     0.00000
    -0.90606    -0.42314     0.00000
    -0.00000    -0.00000    -1.00000
           0           3           6           2
    11.64105     5.43665     6.37900
     0.42314    -0.90606     0.00000
    -0.90606    -0.42314     0.00000
    -0.00000    -0.00000    -1.00000
           0           3           6           3
    11.64105     5.43665     0.00360
     0.42314    -0.90606     0.00000
    -0.90606    -0.42314     0.00000
    -0.00000    -0.00000    -1.00000
           0           3           6           4
    11.64105     5.43665    -6.37180
     0.42314    -0.90606     0.00000
    -0.90606    -0.42314     0.00000
    -0.00000    -0.00000    -1.00000
           0           3           6           5
    11.64105     5.43665   -12.74720
     0.42314    -0.90606     0.00000
    -0.90606    -0.42314     0.00000
    -0.00000    -0.00000    -1.00000
           0           3           7           1
     8.87118     7.72770    12.74590
     0.65684    -0.75403     0.00000
    -0.75403    -0.65684     0.00000
    -0.00000    -0.00000    -1.00000
           0           3           7           2
     8.87118     7.72770     6.37050
     0.65684    -0.75403     0.00000
    -0.75403    -0.65684     0.00000
    -0.00000    -0.00000    -1.00000
           0           3           7           3
     8.87118     7.72770    -0.00490
     0.65684    -0.75403     0.00000
    -0.75403    -0.65684     0.00000
    -0.00000    -0.00000    -1.00000
           0           3           7           4
     8.87118     7.72770    -6.38030
     0.65684    -0.75403     0.00000
    -0.75403    -0.65684     0.00000
    -0.00000    -0.00000    -1.00000
           0           3           7           5
     8.87118     7.72770   -12.75570
     0.65684    -0.75403     0.00000
    -0.75403    -0.65684     0.00000
    -0.00000    -0.00000    -1.00000
           0           3           8           1
     5.31266     8.89411    12.74784
     0.85850    -0.51281     0.00000
    -0.51281    -0.85850     0.00000
    -0.00000    -0.00000    -1.00000
           0           3           8           2
     5.31266     8.89411     6.37244
     0.85850    -0.51281     0.00000
    -0.51281    -0.85850     0.00000
    -0.00000    -0.00000    -1.00000
           0           3           8           3
     5.31266     8.89411    -0.00297
     0.85850    -0.51281     0.00000
    -0.51281    -0.85850     0.00000
    -0.00000    -0.00000    -1.00000
           0           3           8           4
     5.31266     8.89411    -6.37837
     0.85850    -0.51281     0.00000
    -0.51281    -0.85850     0.00000
    -0.00000    -0.00000    -1.00000
           0           3           8           5
     5.31266     8.89411   -12.75377
     0.85850    -0.51281     0.00000
    -0.51281    -0.85850     0.00000
    -0.00000    -0.00000    -1.00000
           0           3           9           1
    -5.30612     8.89802   -12.72129
    -0.85888    -0.51218    -0.00000
     0.51218    -0.85888    -0.00000
     0.00000    -0.00000     1.00000
           0           3           9           2
    -5.30612     8.89802    -6.34589
    -0.85888    -0.51218    -0.00000
     0.51218    -0.85888    -0.00000
     0.00000    -0.00000     1.00000
           0           3           9           3
    -5.30612     8.89802     0.02951
    -0.85888    -0.51218    -0.00000
     0.51218    -0.85888    -0.00000
     0.00000    -0.00000     1.00000
           0           3           9           4
    -5.30612     8.89802     6.40491
    -0.85888    -0.51218    -0.00000
     0.51218    -0.85888    -0.00000
     0.00000    -0.00000     1.00000
           0           3           9           5
    -5.30612     8.89802    12.78031
    -0.85888    -0.51218    -0.00000
     0.51218    -0.85888    -0.00000
     0.00000    -0.00000     1.00000
           0           3          10           1
    -8.85017     7.75175   -12.74226
    -0.65889    -0.75224    -0.00000
     0.75224    -0.65889    -0.00000
     0.00000    -0.00000     1.00000
           0           3          10           2
    -8.85017     7.75175    -6.36687
    -0.65889    -0.75224    -0.00000
     0.75224    -0.65889    -0.00000
     0.00000    -0.00000     1.00000
           0           3          10           3
    -8.85017     7.75175     0.00853
    -0.65889    -0.75224    -0.00000
     0.75224    -0.65889    -0.00000
     0.00000    -0.00000     1.00000
           0           3          10           4
    -8.85017     7.75175     6.38393
    -0.65889    -0.75224    -0.00000
     0.75224    -0.65889    -0.00000
     0.00000    -0.00000     1.00000
           0           3          10           5
    -8.85017     7.75175    12.75933
    -0.65889    -0.75224    -0.00000
     0.75224    -0.65889    -0.00000
     0.00000    -0.00000     1.00000
           0           3          11           1
   -11.62675     5.46715   -12.73668
    -0.42552    -0.90495    -0.00000
     0.90495    -0.42552    -0.00000
     0.00000    -0.00000     1.00000
           0           3          11           2
   -11.62675     5.46715    -6.36128
    -0.42552    -0.90495    -0.00000
     0.90495    -0.42552    -0.00000
     0.00000    -0.00000     1.00000
           0           3          11           3
   -11.62675     5.46715     0.01412
    -0.42552    -0.90495    -0.00000
     0.90495    -0.42552    -0.00000
     0.00000    -0.00000     1.00000
           0           3          11           4
   -11.62675     5.46715     6.38952
    -0.42552    -0.90495    -0.00000
     0.90495    -0.42552    -0.00000
     0.00000    -0.00000     1.00000
           0           3          11           5
   -11.62675     5.46715    12.76492
    -0.42552    -0.90495    -0.00000
     0.90495    -0.42552    -0.00000
     0.00000    -0.00000     1.00000
           0           3          12           1
   -10.26507     1.39932   -12.73823
    -0.13507    -0.99084    -0.00000
     0.99084    -0.13507    -0.00000
     0.00000     0.00000     1.00000
           0           3          12           2
   -10.26507     1.39932    -6.36283
    -0.13507    -0.99084    -0.00000
     0.99084    -0.13507    -0.00000
     0.00000     0.00000     1.00000
           0           3          12           3
   -10.26507     1.39932     0.01257
    -0.13507    -0.99084    -0.00000
     0.99084    -0.13507    -0.00000
     0.00000     0.00000     1.00000
           0           3          12           4
   -10.26507     1.39932     6.38797
    -0.13507    -0.99084    -0.00000
     0.99084    -0.13507    -0.00000
     0.00000     0.00000     1.00000
           0           3          12           5
   -10.26507     1.39932    12.76337
    -0.13507    -0.99084    -0.00000
     0.99084    -0.13507    -0.00000
     0.00000     0.00000     1.00000
           0           3          13           1
   -11.58132    -2.07082   -12.72884
     0.17602    -0.98439    -0.00000
     0.98439     0.17602    -0.00000
     0.00000     0.00000     1.00000
           0           3          13           2
   -11.58132    -2.07082    -6.35344
     0.17602    -0.98439    -0.00000
     0.98439     0.17602    -0.00000
     0.00000     0.00000     1.00000
           0           3          13           3
   -11.58132    -2.07082     0.02196
     0.17602    -0.98439    -0.00000
     0.98439     0.17602    -0.00000
     0.00000     0.00000     1.00000
           0           3          13           4
   -11.58132    -2.07082     6.39736
     0.17602    -0.98439    -0.00000
     0.98439     0.17602    -0.00000
     0.00000     0.00000     1.00000
           0           3          13           5
   -11.58132    -2.07082    12.77276
     0.17602    -0.98439    -0.00000
     0.98439     0.17602    -0.00000
     0.00000     0.00000     1.00000
           0           3          14           1
   -11.53079    -5.66674   -12.74225
     0.44106    -0.89748    -0.00000
     0.89748     0.44106    -0.00000
     0.00000     0.00000     1.00000
           0           3          14           2
   -11.53079    -5.66674    -6.36685
     0.44106    -0.89748    -0.00000
     0.89748     0.44106    -0.00000
     0.00000     0.00000     1.00000
           0           3          14           3
   -11.53079    -5.66674     0.00855
     0.44106    -0.89748    -0.00000
     0.89748     0.44106    -0.00000
     0.00000     0.00000     1.00000
           0           3          14           4
   -11.53079    -5.66674     6.38395
     0.44106    -0.89748    -0.00000
     0.89748     0.44106    -0.00000
     0.00000     0.00000     1.00000
           0           3          14           5
   -11.53079    -5.66674    12.75935
     0.44106    -0.89748    -0.00000
     0.89748     0.44106    -0.00000
     0.00000     0.00000     1.00000
           0           3          15           1
    -7.52578    -7.11985   -12.74085
     0.68725    -0.72642    -0.00000
     0.72642     0.68725    -0.00000
     0.00000     0.00000     1.00000
           0           3          15           2
    -7.52578    -7.11985    -6.36545
     0.68725    -0.72642    -0.00000
     0.72642     0.68725    -0.00000
     0.00000     0.00000     1.00000
           0           3          15           3
    -7.52578    -7.11985     0.00995
     0.68725    -0.72642    -0.00000
     0.72642     0.68725    -0.00000
     0.00000     0.00000     1.00000
           0           3          15           4
    -7.52578    -7.11985     6.38535
     0.68725    -0.72642    -0.00000
     0.72642     0.68725    -0.00000
     0.00000     0.00000     1.00000
           0           3          15           5
    -7.52578    -7.11985    12.76075
     0.68725    -0.72642    -0.00000
     0.72642     0.68725    -0.00000
     0.00000     0.00000     1.00000
           0           3          16           1
    -5.63334   -10.32864   -12.74643
     0.87791    -0.47882    -0.00000
     0.47882     0.87791    -0.00000
     0.00000     0.00000     1.00000
           0           3          16           2
    -5.63334   -10.32864    -6.37104
     0.87791    -0.47882    -0.00000
     0.47882     0.87791    -0.00000
     0.00000     0.00000     1.00000
           0           3          16           3
    -5.63334   -10.32864     0.00437
     0.87791    -0.47882    -0.00000
     0.47882     0.87791    -0.00000
     0.00000     0.00000     1.00000
           0           3          16           4
    -5.63334   -10.32864     6.37977
     0.87791    -0.47882    -0.00000
     0.47882     0.87791    -0.00000
     0.00000     0.00000     1.00000
           0           3          16           5
    -5.63334   -10.32864    12.75516
     0.87791    -0.47882    -0.00000
     0.47882     0.87791    -0.00000
     0.00000     0.00000     1.00000
           0           4           1           1
     6.51181   -14.03603   -15.93849
     0.90713     0.42085    -0.00000
    -0.42085     0.90713    -0.00000
    -0.00000     0.00000     1.00000
           0           4           1           2
     6.51181   -14.03603    -9.56309
     0.90713     0.42085    -0.00000
    -0.42085     0.90713    -0.00000
    -0.00000     0.00000     1.00000
           0           4           1           3
     6.51181   -14.03603    -3.18769
     0.90713     0.42085    -0.00000
    -0.42085     0.90713    -0.00000
    -0.00000     0.00000     1.00000
           0           4           1           4
     6.51181   -14.03603     3.18771
     0.90713     0.42085    -0.00000
    -0.42085     0.90713    -0.00000
    -0.00000     0.00000     1.00000
           0           4           1           5
     6.51181   -14.03603     9.56311
     0.90713     0.42085    -0.00000
    -0.42085     0.90713    -0.00000
    -0.00000     0.00000     1.00000
           0           4           1           6
     6.51181   -14.03603    15.93851
     0.90713     0.42085    -0.00000
    -0.42085     0.90713    -0.00000
    -0.00000     0.00000     1.00000
           0           4           2           1
    10.10769   -13.27745   -15.93882
     0.79567     0.60573    -0.00000
    -0.60573     0.79567    -0.00000
     0.00000     0.00000     1.00000
           0           4           2           2
    10.10769   -13.27745    -9.56342
     0.79567     0.60573    -0.00000
    -0.60573     0.79567    -0.00000
     0.00000     0.00000     1.00000
           0           4           2           3
    10.10769   -13.27745    -3.18802
     0.79567     0.60573    -0.00000
    -0.60573     0.79567    -0.00000
     0.00000     0.00000     1.00000
           0           4           2           4
    10.10769   -13.27745     3.18738
     0.79567     0.60573    -0.00000
    -0.60573     0.79567    -0.00000
     0.00000     0.00000     1.00000
           0           4           2           5
    10.10769   -13.27745     9.56278
     0.79567     0.60573    -0.00000
    -0.60573     0.79567    -0.00000
     0.00000     0.00000     1.00000
           0           4           2           6
    10.10769   -13.27745    15.93818
     0.79567     0.60573    -0.00000
    -0.60573     0.79567    -0.00000
     0.00000     0.00000     1.00000
           0           4           3           1
    13.47033   -11.78966   -15.95396
     0.65861     0.75249    -0.00000
    -0.75249     0.65861    -0.00000
     0.00000     0.00000     1.00000
           0           4           3           2
    13.47033   -11.78966    -9.57856
     0.65861     0.75249    -0.00000
    -0.75249     0.65861    -0.00000
     0.00000     0.00000     1.00000
           0           4           3           3
    13.47033   -11.78966    -3.20315
     0.65861     0.75249    -0.00000
    -0.75249     0.65861    -0.00000
     0.00000     0.00000     1.00000
           0           4           3           4
    13.47033   -11.78966     3.17224
     0.65861     0.75249    -0.00000
    -0.75249     0.65861    -0.00000
     0.00000     0.00000     1.00000
           0           4           3           5
    13.47033   -11.78966     9.54764
     0.65861     0.75249    -0.00000
    -0.75249     0.65861    -0.00000
     0.00000     0.00000     1.00000
           0           4           3           6
    13.47033   -11.78966    15.92304
     0.65861     0.75249    -0.00000
    -0.75249     0.65861    -0.00000
     0.00000     0.00000     1.00000
           0           4           4           1
    13.53244    -7.50246   -15.92815
     0.48488     0.87458    -0.00000
    -0.87458     0.48488    -0.00000
    -0.00000     0.00000     1.00000
           0           4           4           2
    13.53244    -7.50246    -9.55275
     0.48488     0.87458    -0.00000
    -0.87458     0.48488    -0.00000
    -0.00000     0.00000     1.00000
           0           4           4           3
    13.53244    -7.50246    -3.17735
     0.48488     0.87458    -0.00000
    -0.87458     0.48488    -0.00000
    -0.00000     0.00000     1.00000
           0           4           4           4
    13.53244    -7.50246     3.19805
     0.48488     0.87458    -0.00000
    -0.87458     0.48488    -0.00000
    -0.00000     0.00000     1.00000
           0           4           4           5
    13.53244    -7.50246     9.57345
     0.48488     0.87458    -0.00000
    -0.87458     0.48488    -0.00000
    -0.00000     0.00000     1.00000
           0           4           4           6
    13.53244    -7.50246    15.94885
     0.48488     0.87458    -0.00000
    -0.87458     0.48488    -0.00000
    -0.00000     0.00000     1.00000
           0           4           5           1
    15.99328    -4.76142   -15.93469
     0.28534     0.95843    -0.00000
    -0.95843     0.28534    -0.00000
    -0.00000     0.00000     1.00000
           0           4           5           2
    15.99328    -4.76142    -9.55929
     0.28534     0.95843    -0.00000
    -0.95843     0.28534    -0.00000
    -0.00000     0.00000     1.00000
           0           4           5           3
    15.99328    -4.76142    -3.18389
     0.28534     0.95843    -0.00000
    -0.95843     0.28534    -0.00000
    -0.00000     0.00000     1.00000
           0           4           5           4
    15.99328    -4.76142     3.19151
     0.28534     0.95843    -0.00000
    -0.95843     0.28534    -0.00000
    -0.00000     0.00000     1.00000
           0           4           5           5
    15.99328    -4.76142     9.56691
     0.28534     0.95843    -0.00000
    -0.95843     0.28534    -0.00000
    -0.00000     0.00000     1.00000
           0           4           5           6
    15.99328    -4.76142    15.94231
     0.28534     0.95843    -0.00000
    -0.95843     0.28534    -0.00000
    -0.00000     0.00000     1.00000
           0           4           6           1
    17.83190    -1.57134   -15.93010
     0.08777     0.99614    -0.00000
    -0.99614     0.08777    -0.00000
    -0.00000     0.00000     1.00000
           0           4           6           2
    17.83190    -1.57134    -9.55470
     0.08777     0.99614    -0.00000
    -0.99614     0.08777    -0.00000
    -0.00000     0.00000     1.00000
           0           4           6           3
    17.83190    -1.57134    -3.17930
     0.08777     0.99614    -0.00000
    -0.99614     0.08777    -0.00000
    -0.00000     0.00000     1.00000
           0           4           6           4
    17.83190    -1.57134     3.19610
     0.08777     0.99614    -0.00000
    -0.99614     0.08777    -0.00000
    -0.00000     0.00000     1.00000
           0           4           6           5
    17.83190    -1.57134     9.57150
     0.08777     0.99614    -0.00000
    -0.99614     0.08777    -0.00000
    -0.00000     0.00000     1.00000
           0           4           6           6
    17.83190    -1.57134    15.94690
     0.08777     0.99614    -0.00000
    -0.99614     0.08777    -0.00000
    -0.00000     0.00000     1.00000
           0           4           7           1
    15.35853     1.87860   -15.93400
    -0.12141     0.99260     0.00000
    -0.99260    -0.12141     0.00000
     0.00000     0.00000     1.00000
           0           4           7           2
    15.35853     1.87860    -9.55859
    -0.12141     0.99260     0.00000
    -0.99260    -0.12141     0.00000
     0.00000     0.00000     1.00000
           0           4           7           3
    15.35853     1.87860    -3.18319
    -0.12141     0.99260     0.00000
    -0.99260    -0.12141     0.00000
     0.00000     0.00000     1.00000
           0           4           7           4
    15.35853     1.87860     3.19221
    -0.12141     0.99260     0.00000
    -0.99260    -0.12141     0.00000
     0.00000     0.00000     1.00000
           0           4           7           5
    15.35853     1.87860     9.56760
    -0.12141     0.99260     0.00000
    -0.99260    -0.12141     0.00000
     0.00000     0.00000     1.00000
           0           4           7           6
    15.35853     1.87860    15.94301
    -0.12141     0.99260     0.00000
    -0.99260    -0.12141     0.00000
     0.00000     0.00000     1.00000
           0           4           8           1
    15.73788     5.54753   -15.93323
    -0.33245     0.94312     0.00000
    -0.94312    -0.33245     0.00000
     0.00000     0.00000     1.00000
           0           4           8           2
    15.73788     5.54753    -9.55783
    -0.33245     0.94312     0.00000
    -0.94312    -0.33245     0.00000
     0.00000     0.00000     1.00000
           0           4           8           3
    15.73788     5.54753    -3.18243
    -0.33245     0.94312     0.00000
    -0.94312    -0.33245     0.00000
     0.00000     0.00000     1.00000
           0           4           8           4
    15.73788     5.54753     3.19297
    -0.33245     0.94312     0.00000
    -0.94312    -0.33245     0.00000
     0.00000     0.00000     1.00000
           0           4           8           5
    15.73788     5.54753     9.56837
    -0.33245     0.94312     0.00000
    -0.94312    -0.33245     0.00000
     0.00000     0.00000     1.00000
           0           4           8           6
    15.73788     5.54753    15.94377
    -0.33245     0.94312     0.00000
    -0.94312    -0.33245     0.00000
     0.00000     0.00000     1.00000
           0           4           9           1
    15.34086     9.22519   -15.92973
    -0.51535     0.85698     0.00000
    -0.85698    -0.51535     0.00000
     0.00000     0.00000     1.00000
           0           4           9           2
    15.34086     9.22519    -9.55433
    -0.51535     0.85698     0.00000
    -0.85698    -0.51535     0.00000
     0.00000     0.00000     1.00000
           0           4           9           3
    15.34086     9.22519    -3.17893
    -0.51535     0.85698     0.00000
    -0.85698    -0.51535     0.00000
     0.00000     0.00000     1.00000
           0           4           9           4
    15.34086     9.22519     3.19647
    -0.51535     0.85698     0.00000
    -0.85698    -0.51535     0.00000
     0.00000     0.00000     1.00000
           0           4           9           5
    15.34086     9.22519     9.57187
    -0.51535     0.85698     0.00000
    -0.85698    -0.51535     0.00000
     0.00000     0.00000     1.00000
           0           4           9           6
    15.34086     9.22519    15.94727
    -0.51535     0.85698     0.00000
    -0.85698    -0.51535     0.00000
     0.00000     0.00000     1.00000
           0           4          10           1
    11.32316    10.54513   -15.95922
    -0.68152     0.73180     0.00000
    -0.73180    -0.68152     0.00000
     0.00000     0.00000     1.00000
           0           4          10           2
    11.32316    10.54513    -9.58383
    -0.68152     0.73180     0.00000
    -0.73180    -0.68152     0.00000
     0.00000     0.00000     1.00000
           0           4          10           3
    11.32316    10.54513    -3.20843
    -0.68152     0.73180     0.00000
    -0.73180    -0.68152     0.00000
     0.00000     0.00000     1.00000
           0           4          10           4
    11.32316    10.54513     3.16698
    -0.68152     0.73180     0.00000
    -0.73180    -0.68152     0.00000
     0.00000     0.00000     1.00000
           0           4          10           5
    11.32316    10.54513     9.54238
    -0.68152     0.73180     0.00000
    -0.73180    -0.68152     0.00000
     0.00000     0.00000     1.00000
           0           4          10           6
    11.32316    10.54513    15.91778
    -0.68152     0.73180     0.00000
    -0.73180    -0.68152     0.00000
     0.00000     0.00000     1.00000
           0           4          11           1
     9.46122    13.74559   -15.93850
    -0.82373     0.56698     0.00000
    -0.56698    -0.82373     0.00000
     0.00000     0.00000     1.00000
           0           4          11           2
     9.46122    13.74559    -9.56310
    -0.82373     0.56698     0.00000
    -0.56698    -0.82373     0.00000
     0.00000     0.00000     1.00000
           0           4          11           3
     9.46122    13.74559    -3.18770
    -0.82373     0.56698     0.00000
    -0.56698    -0.82373     0.00000
     0.00000     0.00000     1.00000
           0           4          11           4
     9.46122    13.74559     3.18770
    -0.82373     0.56698     0.00000
    -0.56698    -0.82373     0.00000
     0.00000     0.00000     1.00000
           0           4          11           5
     9.46122    13.74559     9.56310
    -0.82373     0.56698     0.00000
    -0.56698    -0.82373     0.00000
     0.00000     0.00000     1.00000
           0           4          11           6
     9.46122    13.74559    15.93850
    -0.82373     0.56698     0.00000
    -0.56698    -0.82373     0.00000
     0.00000     0.00000     1.00000
           0           4          12           1
     6.98601    16.48155   -15.93618
    -0.92070     0.39026     0.00000
    -0.39026    -0.92070     0.00000
     0.00000     0.00000     1.00000
           0           4          12           2
     6.98601    16.48155    -9.56077
    -0.92070     0.39026     0.00000
    -0.39026    -0.92070     0.00000
     0.00000     0.00000     1.00000
           0           4          12           3
     6.98601    16.48155    -3.18537
    -0.92070     0.39026     0.00000
    -0.39026    -0.92070     0.00000
     0.00000     0.00000     1.00000
           0           4          12           4
     6.98601    16.48155     3.19002
    -0.92070     0.39026     0.00000
    -0.39026    -0.92070     0.00000
     0.00000     0.00000     1.00000
           0           4          12           5
     6.98601    16.48155     9.56542
    -0.92070     0.39026     0.00000
    -0.39026    -0.92070     0.00000
     0.00000     0.00000     1.00000
           0           4          12           6
     6.98601    16.48155    15.94082
    -0.92070     0.39026     0.00000
    -0.39026    -0.92070     0.00000
     0.00000     0.00000     1.00000
           0           4          13           1
    -6.99131    16.47931    15.92169
     0.92058     0.39056     0.00000
     0.39056    -0.92058     0.00000
     0.00000    -0.00000    -1.00000
           0           4          13           2
    -6.99131    16.47931     9.54629
     0.92058     0.39056     0.00000
     0.39056    -0.92058     0.00000
     0.00000    -0.00000    -1.00000
           0           4          13           3
    -6.99131    16.47931     3.17089
     0.92058     0.39056     0.00000
     0.39056    -0.92058     0.00000
     0.00000    -0.00000    -1.00000
           0           4          13           4
    -6.99131    16.47931    -3.20451
     0.92058     0.39056     0.00000
     0.39056    -0.92058     0.00000
     0.00000    -0.00000    -1.00000
           0           4          13           5
    -6.99131    16.47931    -9.57991
     0.92058     0.39056     0.00000
     0.39056    -0.92058     0.00000
     0.00000    -0.00000    -1.00000
           0           4          13           6
    -6.99131    16.47931   -15.95531
     0.92058     0.39056     0.00000
     0.39056    -0.92058     0.00000
     0.00000    -0.00000    -1.00000
           0           4          14           1
    -9.46044    13.74612    15.93789
     0.82376     0.56693     0.00000
     0.56693    -0.82376     0.00000
     0.00000    -0.00000    -1.00000
           0           4          14           2
    -9.46044    13.74612     9.56249
     0.82376     0.56693     0.00000
     0.56693    -0.82376     0.00000
     0.00000    -0.00000    -1.00000
           0           4          14           3
    -9.46044    13.74612     3.18709
     0.82376     0.56693     0.00000
     0.56693    -0.82376     0.00000
     0.00000    -0.00000    -1.00000
           0           4          14           4
    -9.46044    13.74612    -3.18831
     0.82376     0.56693     0.00000
     0.56693    -0.82376     0.00000
     0.00000    -0.00000    -1.00000
           0           4          14           5
    -9.46044    13.74612    -9.56371
     0.82376     0.56693     0.00000
     0.56693    -0.82376     0.00000
     0.00000    -0.00000    -1.00000
           0           4          14           6
    -9.46044    13.74612   -15.93911
     0.82376     0.56693     0.00000
     0.56693    -0.82376     0.00000
     0.00000    -0.00000    -1.00000
           0           4          15           1
   -11.30659    10.56290    15.94321
     0.68266     0.73074    -0.00000
     0.73074    -0.68266    -0.00000
    -0.00000     0.00000    -1.00000
           0           4          15           2
   -11.30659    10.56290     9.56781
     0.68266     0.73074    -0.00000
     0.73074    -0.68266    -0.00000
    -0.00000     0.00000    -1.00000
           0           4          15           3
   -11.30659    10.56290     3.19241
     0.68266     0.73074    -0.00000
     0.73074    -0.68266    -0.00000
    -0.00000     0.00000    -1.00000
           0           4          15           4
   -11.30659    10.56290    -3.18299
     0.68266     0.73074    -0.00000
     0.73074    -0.68266    -0.00000
    -0.00000     0.00000    -1.00000
           0           4          15           5
   -11.30659    10.56290    -9.55839
     0.68266     0.73074    -0.00000
     0.73074    -0.68266    -0.00000
    -0.00000     0.00000    -1.00000
           0           4          15           6
   -11.30659    10.56290   -15.93379
     0.68266     0.73074    -0.00000
     0.73074    -0.68266    -0.00000
    -0.00000     0.00000    -1.00000
           0           4          16           1
   -15.33168     9.24043    15.94095
     0.51619     0.85647    -0.00000
     0.85647    -0.51619    -0.00000
    -0.00000     0.00000    -1.00000
           0           4          16           2
   -15.33168     9.24043     9.56555
     0.51619     0.85647    -0.00000
     0.85647    -0.51619    -0.00000
    -0.00000     0.00000    -1.00000
           0           4          16           3
   -15.33168     9.24043     3.19015
     0.51619     0.85647    -0.00000
     0.85647    -0.51619    -0.00000
    -0.00000     0.00000    -1.00000
           0           4          16           4
   -15.33168     9.24043    -3.18525
     0.51619     0.85647    -0.00000
     0.85647    -0.51619    -0.00000
    -0.00000     0.00000    -1.00000
           0           4          16           5
   -15.33168     9.24043    -9.56065
     0.51619     0.85647    -0.00000
     0.85647    -0.51619    -0.00000
    -0.00000     0.00000    -1.00000
           0           4          16           6
   -15.33168     9.24043   -15.93605
     0.51619     0.85647    -0.00000
     0.85647    -0.51619    -0.00000
    -0.00000     0.00000    -1.00000
           0           4          17           1
   -15.73859     5.54552    15.93850
     0.33233     0.94316    -0.00000
     0.94316    -0.33233    -0.00000
    -0.00000     0.00000    -1.00000
           0           4          17           2
   -15.73859     5.54552     9.56310
     0.33233     0.94316    -0.00000
     0.94316    -0.33233    -0.00000
    -0.00000     0.00000    -1.00000
           0           4          17           3
   -15.73859     5.54552     3.18770
     0.33233     0.94316    -0.00000
     0.94316    -0.33233    -0.00000
    -0.00000     0.00000    -1.00000
           0           4          17           4
   -15.73859     5.54552    -3.18770
     0.33233     0.94316    -0.00000
     0.94316    -0.33233    -0.00000
    -0.00000     0.00000    -1.00000
           0           4          17           5
   -15.73859     5.54552    -9.56310
     0.33233     0.94316    -0.00000
     0.94316    -0.33233    -0.00000
    -0.00000     0.00000    -1.00000
           0           4          17           6
   -15.73859     5.54552   -15.93850
     0.33233     0.94316    -0.00000
     0.94316    -0.33233    -0.00000
    -0.00000     0.00000    -1.00000
           0           4          18           1
   -15.36667     1.81083    15.91147
     0.11703     0.99313    -0.00000
     0.99313    -0.11703    -0.00000
    -0.00000     0.00000    -1.00000
           0           4          18           2
   -15.36667     1.81083     9.53606
     0.11703     0.99313    -0.00000
     0.99313    -0.11703    -0.00000
    -0.00000     0.00000    -1.00000
           0           4          18           3
   -15.36667     1.81083     3.16067
     0.11703     0.99313    -0.00000
     0.99313    -0.11703    -0.00000
    -0.00000     0.00000    -1.00000
           0           4          18           4
   -15.36667     1.81083    -3.21473
     0.11703     0.99313    -0.00000
     0.99313    -0.11703    -0.00000
    -0.00000     0.00000    -1.00000
           0           4          18           5
   -15.36667     1.81083    -9.59014
     0.11703     0.99313    -0.00000
     0.99313    -0.11703    -0.00000
    -0.00000     0.00000    -1.00000
           0           4          18           6
   -15.36667     1.81083   -15.96554
     0.11703     0.99313    -0.00000
     0.99313    -0.11703    -0.00000
    -0.00000     0.00000    -1.00000
           0           4          19           1
   -17.82891    -1.60486    15.93182
    -0.08965     0.99597    -0.00000
     0.99597     0.08965    -0.00000
    -0.00000    -0.00000    -1.00000
           0           4          19           2
   -17.82891    -1.60486     9.55642
    -0.08965     0.99597    -0.00000
     0.99597     0.08965    -0.00000
    -0.00000    -0.00000    -1.00000
           0           4          19           3
   -17.82891    -1.60486     3.18102
    -0.08965     0.99597    -0.00000
     0.99597     0.08965    -0.00000
    -0.00000    -0.00000    -1.00000
           0           4          19           4
   -17.82891    -1.60486    -3.19438
    -0.08965     0.99597    -0.00000
     0.99597     0.08965    -0.00000
    -0.00000    -0.00000    -1.00000
           0           4          19           5
   -17.82891    -1.60486    -9.56978
    -0.08965     0.99597    -0.00000
     0.99597     0.08965    -0.00000
    -0.00000    -0.00000    -1.00000
           0           4          19           6
   -17.82891    -1.60486   -15.94518
    -0.08965     0.99597    -0.00000
     0.99597     0.08965    -0.00000
    -0.00000    -0.00000    -1.00000
           0           4          20           1
   -15.98597    -4.78586    15.93791
    -0.28681     0.95799    -0.00000
     0.95799     0.28681    -0.00000
    -0.00000    -0.00000    -1.00000
           0           4          20           2
   -15.98597    -4.78586     9.56251
    -0.28681     0.95799    -0.00000
     0.95799     0.28681    -0.00000
    -0.00000    -0.00000    -1.00000
           0           4          20           3
   -15.98597    -4.78586     3.18711
    -0.28681     0.95799    -0.00000
     0.95799     0.28681    -0.00000
    -0.00000    -0.00000    -1.00000
           0           4          20           4
   -15.98597    -4.78586    -3.18829
    -0.28681     0.95799    -0.00000
     0.95799     0.28681    -0.00000
    -0.00000    -0.00000    -1.00000
           0           4          20           5
   -15.98597    -4.78586    -9.56369
    -0.28681     0.95799    -0.00000
     0.95799     0.28681    -0.00000
    -0.00000    -0.00000    -1.00000
           0           4          20           6
   -15.98597    -4.78586   -15.93909
    -0.28681     0.95799    -0.00000
     0.95799     0.28681    -0.00000
    -0.00000    -0.00000    -1.00000
           0           4          21           1
   -13.51818    -7.52810    15.94206
    -0.48653     0.87367    -0.00000
     0.87367     0.48653    -0.00000
    -0.00000    -0.00000    -1.00000
           0           4          21           2
   -13.51818    -7.52810     9.56666
    -0.48653     0.87367    -0.00000
     0.87367     0.48653    -0.00000
    -0.00000    -0.00000    -1.00000
           0           4          21           3
   -13.51818    -7.52810     3.19126
    -0.48653     0.87367    -0.00000
     0.87367     0.48653    -0.00000
    -0.00000    -0.00000    -1.00000
           0           4          21           4
   -13.51818    -7.52810    -3.18414
    -0.48653     0.87367    -0.00000
     0.87367     0.48653    -0.00000
    -0.00000    -0.00000    -1.00000
           0           4          21           5
   -13.51818    -7.52810    -9.55954
    -0.48653     0.87367    -0.00000
     0.87367     0.48653    -0.00000
    -0.00000    -0.00000    -1.00000
           0           4          21           6
   -13.51818    -7.52810   -15.93494
    -0.48653     0.87367    -0.00000
     0.87367     0.48653    -0.00000
    -0.00000    -0.00000    -1.00000
           0           4          22           1
   -13.49465   -11.76181    15.92303
    -0.65705     0.75385    -0.00000
     0.75385     0.65705    -0.00000
    -0.00000    -0.00000    -1.00000
           0           4          22           2
   -13.49465   -11.76181     9.54763
    -0.65705     0.75385    -0.00000
     0.75385     0.65705    -0.00000
    -0.00000    -0.00000    -1.00000
           0           4          22           3
   -13.49465   -11.76181     3.17223
    -0.65705     0.75385    -0.00000
     0.75385     0.65705    -0.00000
    -0.00000    -0.00000    -1.00000
           0           4          22           4
   -13.49465   -11.76181    -3.20317
    -0.65705     0.75385    -0.00000
     0.75385     0.65705    -0.00000
    -0.00000    -0.00000    -1.00000
           0           4          22           5
   -13.49465   -11.76181    -9.57857
    -0.65705     0.75385    -0.00000
     0.75385     0.65705    -0.00000
    -0.00000    -0.00000    -1.00000
           0           4          22           6
   -13.49465   -11.76181   -15.95397
    -0.65705     0.75385    -0.00000
     0.75385     0.65705    -0.00000
    -0.00000    -0.00000    -1.00000
           0           4          23           1
   -10.13023   -13.26025    15.93196
    -0.79465     0.60707    -0.00000
     0.60707     0.79465    -0.00000
    -0.00000    -0.00000    -1.00000
           0           4          23           2
   -10.13023   -13.26025     9.55655
    -0.79465     0.60707    -0.00000
     0.60707     0.79465    -0.00000
    -0.00000    -0.00000    -1.00000
           0           4          23           3
   -10.13023   -13.26025     3.18115
    -0.79465     0.60707    -0.00000
     0.60707     0.79465    -0.00000
    -0.00000    -0.00000    -1.00000
           0           4          23           4
   -10.13023   -13.26025    -3.19425
    -0.79465     0.60707    -0.00000
     0.60707     0.79465    -0.00000
    -0.00000    -0.00000    -1.00000
           0           4          23           5
   -10.13023   -13.26025    -9.56964
    -0.79465     0.60707    -0.00000
     0.60707     0.79465    -0.00000
    -0.00000    -0.00000    -1.00000
           0           4          23           6
   -10.13023   -13.26025   -15.94504
    -0.79465     0.60707    -0.00000
     0.60707     0.79465    -0.00000
    -0.00000    -0.00000    -1.00000
           0           4          24           1
    -6.50734   -14.03810    15.93850
    -0.90726     0.42056    -0.00000
     0.42056     0.90726    -0.00000
    -0.00000    -0.00000    -1.00000
           0           4          24           2
    -6.50734   -14.03810     9.56310
    -0.90726     0.42056    -0.00000
     0.42056     0.90726    -0.00000
    -0.00000    -0.00000    -1.00000
           0           4          24           3
    -6.50734   -14.03810     3.18770
    -0.90726     0.42056    -0.00000
     0.42056     0.90726    -0.00000
    -0.00000    -0.00000    -1.00000
           0           4          24           4
    -6.50734   -14.03810    -3.18770
    -0.90726     0.42056    -0.00000
     0.42056     0.90726    -0.00000
    -0.00000    -0.00000    -1.00000
           0           4          24           5
    -6.50734   -14.03810    -9.56310
    -0.90726     0.42056    -0.00000
     0.42056     0.90726    -0.00000
    -0.00000    -0.00000    -1.00000
           0           4          24           6
    -6.50734   -14.03810   -15.93850
    -0.90726     0.42056    -0.00000
     0.42056     0.90726    -0.00000
    -0.00000    -0.00000    -1.00000
