 SVX cage parameters:
     2.20000
     0.50000     0.20000
     0.00000
           6
   -40.00000   -26.50000   -26.50000    26.50000    26.50000    40.00000
    53.00000    53.00000    22.00000    22.00000    53.00000    53.00000
     0.00000     0.00000     0.00000
 SVX barrel parameters:
           4
     2.63000     5.13000    11.76500    16.68700     1.21400
     0.00000     0.00000     0.00000     0.00000
           4           4           5           6
     0.69600     0.69600     1.74500     1.74500
     0.01000     0.01000     0.03125     0.03125
     2.83600     2.83600     3.18770     3.18770
     0.01900     0.01900     0.00000     0.00000
     0.02000     0.02000     0.00000     0.00000
    26.70000    13.60000    17.00000    12.00000
   -13.00000   -13.02000     0.00000     0.00000
           2
           5           5
     0.00000   180.00000
           2
          10          10
     0.00000   180.00000
           2
           8           8
     0.00000   180.00000
           2
          12          12
     0.00000   180.00000
 SVX barrel sensor rotation matrices and translation vectors:
           0           1           1           1
     1.70475    -2.00266     8.53800
     0.59514     0.80362    -0.00000
    -0.80362     0.59514    -0.00000
    -0.00000     0.00000     1.00000
           0           1           1           2
     1.70475    -2.00266     2.84600
     0.59514     0.80362    -0.00000
    -0.80362     0.59514    -0.00000
    -0.00000     0.00000     1.00000
           0           1           1           3
     1.70475    -2.00266    -2.84600
     0.59514     0.80362    -0.00000
    -0.80362     0.59514    -0.00000
    -0.00000     0.00000     1.00000
           0           1           1           4
     1.70475    -2.00266    -8.53800
     0.59514     0.80362    -0.00000
    -0.80362     0.59514    -0.00000
    -0.00000     0.00000     1.00000
           0           1           2           1
     2.33342    -1.21327     8.53673
     0.24868     0.96859    -0.00000
    -0.96859     0.24868    -0.00000
     0.00000     0.00000     1.00000
           0           1           2           2
     2.33342    -1.21327     2.84473
     0.24868     0.96859    -0.00000
    -0.96859     0.24868    -0.00000
     0.00000     0.00000     1.00000
           0           1           2           3
     2.33342    -1.21327    -2.84727
     0.24868     0.96859    -0.00000
    -0.96859     0.24868    -0.00000
     0.00000     0.00000     1.00000
           0           1           2           4
     2.33342    -1.21327    -8.53927
     0.24868     0.96859    -0.00000
    -0.96859     0.24868    -0.00000
     0.00000     0.00000     1.00000
           0           1           3           1
     2.62992    -0.02282     8.53602
    -0.21773     0.97601     0.00000
    -0.97601    -0.21773     0.00000
     0.00000     0.00000     1.00000
           0           1           3           2
     2.62992    -0.02282     2.84403
    -0.21773     0.97601     0.00000
    -0.97601    -0.21773     0.00000
     0.00000     0.00000     1.00000
           0           1           3           3
     2.62992    -0.02282    -2.84798
    -0.21773     0.97601     0.00000
    -0.97601    -0.21773     0.00000
     0.00000     0.00000     1.00000
           0           1           3           4
     2.62992    -0.02282    -8.53998
    -0.21773     0.97601     0.00000
    -0.97601    -0.21773     0.00000
     0.00000     0.00000     1.00000
           0           1           4           1
     2.35242     1.17601     8.54015
    -0.63787     0.77014     0.00000
    -0.77014    -0.63787     0.00000
     0.00000     0.00000     1.00000
           0           1           4           2
     2.35242     1.17601     2.84815
    -0.63787     0.77014     0.00000
    -0.77014    -0.63787     0.00000
     0.00000     0.00000     1.00000
           0           1           4           3
     2.35242     1.17601    -2.84385
    -0.63787     0.77014     0.00000
    -0.77014    -0.63787     0.00000
     0.00000     0.00000     1.00000
           0           1           4           4
     2.35242     1.17601    -8.53585
    -0.63787     0.77014     0.00000
    -0.77014    -0.63787     0.00000
     0.00000     0.00000     1.00000
           0           1           5           1
     1.57479     2.10641     8.53804
    -0.91559     0.40212     0.00000
    -0.40212    -0.91559     0.00000
     0.00000     0.00000     1.00000
           0           1           5           2
     1.57479     2.10641     2.84602
    -0.91559     0.40212     0.00000
    -0.40212    -0.91559     0.00000
     0.00000     0.00000     1.00000
           0           1           5           3
     1.57479     2.10641    -2.84598
    -0.91559     0.40212     0.00000
    -0.40212    -0.91559     0.00000
     0.00000     0.00000     1.00000
           0           1           5           4
     1.57479     2.10641    -8.53797
    -0.91559     0.40212     0.00000
    -0.40212    -0.91559     0.00000
     0.00000     0.00000     1.00000
           0           1           6           1
    -1.56621     2.11280    -8.55202
     0.91722     0.39839     0.00000
     0.39839    -0.91722     0.00000
     0.00000    -0.00000    -1.00000
           0           1           6           2
    -1.56621     2.11280    -2.86002
     0.91722     0.39839     0.00000
     0.39839    -0.91722     0.00000
     0.00000    -0.00000    -1.00000
           0           1           6           3
    -1.56621     2.11280     2.83198
     0.91722     0.39839     0.00000
     0.39839    -0.91722     0.00000
     0.00000    -0.00000    -1.00000
           0           1           6           4
    -1.56621     2.11280     8.52398
     0.91722     0.39839     0.00000
     0.39839    -0.91722     0.00000
     0.00000    -0.00000    -1.00000
           0           1           7           1
    -2.34969     1.18148    -8.54196
     0.63965     0.76867    -0.00000
     0.76867    -0.63965    -0.00000
    -0.00000     0.00000    -1.00000
           0           1           7           2
    -2.34969     1.18148    -2.84996
     0.63965     0.76867    -0.00000
     0.76867    -0.63965    -0.00000
    -0.00000     0.00000    -1.00000
           0           1           7           3
    -2.34969     1.18148     2.84204
     0.63965     0.76867    -0.00000
     0.76867    -0.63965    -0.00000
    -0.00000     0.00000    -1.00000
           0           1           7           4
    -2.34969     1.18148     8.53404
     0.63965     0.76867    -0.00000
     0.76867    -0.63965    -0.00000
    -0.00000     0.00000    -1.00000
           0           1           8           1
    -2.63001     0.00491    -8.54399
     0.22799     0.97366    -0.00000
     0.97366    -0.22799    -0.00000
    -0.00000     0.00000    -1.00000
           0           1           8           2
    -2.63000     0.00491    -2.85199
     0.22799     0.97366    -0.00000
     0.97366    -0.22799    -0.00000
    -0.00000     0.00000    -1.00000
           0           1           8           3
    -2.63000     0.00491     2.84001
     0.22799     0.97366    -0.00000
     0.97366    -0.22799    -0.00000
    -0.00000     0.00000    -1.00000
           0           1           8           4
    -2.63000     0.00491     8.53201
     0.22799     0.97366    -0.00000
     0.97366    -0.22799    -0.00000
    -0.00000     0.00000    -1.00000
           0           1           9           1
    -2.34933    -1.18218    -8.53658
    -0.23581     0.97180    -0.00000
     0.97180     0.23581    -0.00000
    -0.00000    -0.00000    -1.00000
           0           1           9           2
    -2.34933    -1.18218    -2.84458
    -0.23581     0.97180    -0.00000
     0.97180     0.23581    -0.00000
    -0.00000    -0.00000    -1.00000
           0           1           9           3
    -2.34933    -1.18218     2.84742
    -0.23581     0.97180    -0.00000
     0.97180     0.23581    -0.00000
    -0.00000    -0.00000    -1.00000
           0           1           9           4
    -2.34933    -1.18218     8.53942
    -0.23581     0.97180    -0.00000
     0.97180     0.23581    -0.00000
    -0.00000    -0.00000    -1.00000
           0           1          10           1
    -1.56323    -2.11502    -8.54262
    -0.64890     0.76087    -0.00000
     0.76087     0.64890    -0.00000
    -0.00000    -0.00000    -1.00000
           0           1          10           2
    -1.56323    -2.11502    -2.85062
    -0.64890     0.76087    -0.00000
     0.76087     0.64890    -0.00000
    -0.00000    -0.00000    -1.00000
           0           1          10           3
    -1.56323    -2.11502     2.84138
    -0.64890     0.76087    -0.00000
     0.76087     0.64890    -0.00000
    -0.00000    -0.00000    -1.00000
           0           1          10           4
    -1.56323    -2.11502     8.53338
    -0.64890     0.76087    -0.00000
     0.76087     0.64890    -0.00000
    -0.00000    -0.00000    -1.00000
           0           2           1           1
     2.46179    -4.50073     8.53913
     0.74624     0.66568    -0.00000
    -0.66568     0.74624    -0.00000
     0.00000     0.00000     1.00000
           0           2           1           2
     2.46179    -4.50073     2.84712
     0.74624     0.66568    -0.00000
    -0.66568     0.74624    -0.00000
     0.00000     0.00000     1.00000
           0           2           1           3
     2.46179    -4.50073    -2.84488
     0.74624     0.66568    -0.00000
    -0.66568     0.74624    -0.00000
     0.00000     0.00000     1.00000
           0           2           1           4
     2.46179    -4.50073    -8.53688
     0.74624     0.66568    -0.00000
    -0.66568     0.74624    -0.00000
     0.00000     0.00000     1.00000
           0           2           2           1
     3.42703    -3.81740     8.53695
     0.57396     0.81888    -0.00000
    -0.81888     0.57396    -0.00000
     0.00000     0.00000     1.00000
           0           2           2           2
     3.42703    -3.81740     2.84496
     0.57396     0.81888    -0.00000
    -0.81888     0.57396    -0.00000
     0.00000     0.00000     1.00000
           0           2           2           3
     3.42703    -3.81740    -2.84704
     0.57396     0.81888    -0.00000
    -0.81888     0.57396    -0.00000
     0.00000     0.00000     1.00000
           0           2           2           4
     3.42703    -3.81740    -8.53905
     0.57396     0.81888    -0.00000
    -0.81888     0.57396    -0.00000
     0.00000     0.00000     1.00000
           0           2           3           1
     4.23557    -2.89428     8.53696
     0.36306     0.93176    -0.00000
    -0.93176     0.36306    -0.00000
     0.00000     0.00000     1.00000
           0           2           3           2
     4.23557    -2.89428     2.84496
     0.36306     0.93176    -0.00000
    -0.93176     0.36306    -0.00000
     0.00000     0.00000     1.00000
           0           2           3           3
     4.23557    -2.89428    -2.84704
     0.36306     0.93176    -0.00000
    -0.93176     0.36306    -0.00000
     0.00000     0.00000     1.00000
           0           2           3           4
     4.23557    -2.89428    -8.53904
     0.36306     0.93176    -0.00000
    -0.93176     0.36306    -0.00000
     0.00000     0.00000     1.00000
           0           2           4           1
     4.79866    -1.81380     8.54331
     0.13310     0.99110    -0.00000
    -0.99110     0.13310    -0.00000
     0.00000     0.00000     1.00000
           0           2           4           2
     4.79866    -1.81380     2.85131
     0.13310     0.99110    -0.00000
    -0.99110     0.13310    -0.00000
     0.00000     0.00000     1.00000
           0           2           4           3
     4.79866    -1.81380    -2.84069
     0.13310     0.99110    -0.00000
    -0.99110     0.13310    -0.00000
     0.00000     0.00000     1.00000
           0           2           4           4
     4.79866    -1.81380    -8.53269
     0.13310     0.99110    -0.00000
    -0.99110     0.13310    -0.00000
     0.00000     0.00000     1.00000
           0           2           5           1
     5.09150    -0.62724     8.54420
    -0.10511     0.99446     0.00000
    -0.99446    -0.10511     0.00000
     0.00000     0.00000     1.00000
           0           2           5           2
     5.09150    -0.62724     2.85220
    -0.10511     0.99446     0.00000
    -0.99446    -0.10511     0.00000
     0.00000     0.00000     1.00000
           0           2           5           3
     5.09150    -0.62724    -2.83980
    -0.10511     0.99446     0.00000
    -0.99446    -0.10511     0.00000
     0.00000     0.00000     1.00000
           0           2           5           4
     5.09150    -0.62724    -8.53180
    -0.10511     0.99446     0.00000
    -0.99446    -0.10511     0.00000
     0.00000     0.00000     1.00000
           0           2           6           1
     5.09739     0.57736     8.54140
    -0.33412     0.94253     0.00000
    -0.94253    -0.33412     0.00000
     0.00000     0.00000     1.00000
           0           2           6           2
     5.09739     0.57736     2.84940
    -0.33412     0.94253     0.00000
    -0.94253    -0.33412     0.00000
     0.00000     0.00000     1.00000
           0           2           6           3
     5.09739     0.57736    -2.84260
    -0.33412     0.94253     0.00000
    -0.94253    -0.33412     0.00000
     0.00000     0.00000     1.00000
           0           2           6           4
     5.09739     0.57736    -8.53460
    -0.33412     0.94253     0.00000
    -0.94253    -0.33412     0.00000
     0.00000     0.00000     1.00000
           0           2           7           1
     4.81474     1.77068     8.54541
    -0.54826     0.83631     0.00000
    -0.83631    -0.54826     0.00000
     0.00000     0.00000     1.00000
           0           2           7           2
     4.81474     1.77068     2.85341
    -0.54826     0.83631     0.00000
    -0.83631    -0.54826     0.00000
     0.00000     0.00000     1.00000
           0           2           7           3
     4.81474     1.77068    -2.83859
    -0.54826     0.83631     0.00000
    -0.83631    -0.54826     0.00000
     0.00000     0.00000     1.00000
           0           2           7           4
     4.81474     1.77068    -8.53059
    -0.54826     0.83631     0.00000
    -0.83631    -0.54826     0.00000
     0.00000     0.00000     1.00000
           0           2           8           1
     4.26618     2.84896     8.54395
    -0.72889     0.68463     0.00000
    -0.68463    -0.72889     0.00000
     0.00000     0.00000     1.00000
           0           2           8           2
     4.26618     2.84896     2.85195
    -0.72889     0.68463     0.00000
    -0.68463    -0.72889     0.00000
     0.00000     0.00000     1.00000
           0           2           8           3
     4.26618     2.84896    -2.84004
    -0.72889     0.68463     0.00000
    -0.68463    -0.72889     0.00000
     0.00000     0.00000     1.00000
           0           2           8           4
     4.26618     2.84896    -8.53205
    -0.72889     0.68463     0.00000
    -0.68463    -0.72889     0.00000
     0.00000     0.00000     1.00000
           0           2           9           1
     3.47123     3.77723     8.53944
    -0.87013     0.49282     0.00000
    -0.49282    -0.87013     0.00000
     0.00000     0.00000     1.00000
           0           2           9           2
     3.47123     3.77723     2.84744
    -0.87013     0.49282     0.00000
    -0.49282    -0.87013     0.00000
     0.00000     0.00000     1.00000
           0           2           9           3
     3.47123     3.77723    -2.84456
    -0.87013     0.49282     0.00000
    -0.49282    -0.87013     0.00000
     0.00000     0.00000     1.00000
           0           2           9           4
     3.47123     3.77723    -8.53656
    -0.87013     0.49282     0.00000
    -0.49282    -0.87013     0.00000
     0.00000     0.00000     1.00000
           0           2          10           1
     2.35081     4.55968     8.53561
    -0.96938     0.24558     0.00000
    -0.24558    -0.96938     0.00000
     0.00000     0.00000     1.00000
           0           2          10           2
     2.35081     4.55968     2.84361
    -0.96938     0.24558     0.00000
    -0.24558    -0.96938     0.00000
     0.00000     0.00000     1.00000
           0           2          10           3
     2.35081     4.55968    -2.84839
    -0.96938     0.24558     0.00000
    -0.24558    -0.96938     0.00000
     0.00000     0.00000     1.00000
           0           2          10           4
     2.35081     4.55968    -8.54039
    -0.96938     0.24558     0.00000
    -0.24558    -0.96938     0.00000
     0.00000     0.00000     1.00000
           0           2          11           1
    -2.46428     4.49937    -8.53753
     0.96292     0.26979     0.00000
     0.26979    -0.96292     0.00000
     0.00000    -0.00000    -1.00000
           0           2          11           2
    -2.46428     4.49937    -2.84553
     0.96292     0.26979     0.00000
     0.26979    -0.96292     0.00000
     0.00000    -0.00000    -1.00000
           0           2          11           3
    -2.46428     4.49937     2.84647
     0.96292     0.26979     0.00000
     0.26979    -0.96292     0.00000
     0.00000    -0.00000    -1.00000
           0           2          11           4
    -2.46428     4.49937     8.53847
     0.96292     0.26979     0.00000
     0.26979    -0.96292     0.00000
     0.00000    -0.00000    -1.00000
           0           2          12           1
    -3.45918     3.78827    -8.53800
     0.87170     0.49004     0.00000
     0.49004    -0.87170     0.00000
     0.00000    -0.00000    -1.00000
           0           2          12           2
    -3.45918     3.78827    -2.84600
     0.87170     0.49004     0.00000
     0.49004    -0.87170     0.00000
     0.00000    -0.00000    -1.00000
           0           2          12           3
    -3.45918     3.78827     2.84600
     0.87170     0.49004     0.00000
     0.49004    -0.87170     0.00000
     0.00000    -0.00000    -1.00000
           0           2          12           4
    -3.45918     3.78827     8.53800
     0.87170     0.49004     0.00000
     0.49004    -0.87170     0.00000
     0.00000    -0.00000    -1.00000
           0           2          13           1
    -4.25069     2.87202    -8.54476
     0.73258     0.68068     0.00000
     0.68068    -0.73258     0.00000
     0.00000    -0.00000    -1.00000
           0           2          13           2
    -4.25069     2.87202    -2.85276
     0.73258     0.68068     0.00000
     0.68068    -0.73258     0.00000
     0.00000    -0.00000    -1.00000
           0           2          13           3
    -4.25069     2.87202     2.83924
     0.73258     0.68068     0.00000
     0.68068    -0.73258     0.00000
     0.00000    -0.00000    -1.00000
           0           2          13           4
    -4.25069     2.87202     8.53124
     0.73258     0.68068     0.00000
     0.68068    -0.73258     0.00000
     0.00000    -0.00000    -1.00000
           0           2          14           1
    -4.80724     1.79094    -8.53822
     0.55179     0.83398    -0.00000
     0.83398    -0.55179    -0.00000
    -0.00000     0.00000    -1.00000
           0           2          14           2
    -4.80724     1.79094    -2.84622
     0.55179     0.83398    -0.00000
     0.83398    -0.55179    -0.00000
    -0.00000     0.00000    -1.00000
           0           2          14           3
    -4.80724     1.79094     2.84578
     0.55179     0.83398    -0.00000
     0.83398    -0.55179    -0.00000
    -0.00000     0.00000    -1.00000
           0           2          14           4
    -4.80724     1.79094     8.53778
     0.55179     0.83398    -0.00000
     0.83398    -0.55179    -0.00000
    -0.00000     0.00000    -1.00000
           0           2          15           1
    -5.09446     0.60268    -8.54194
     0.33879     0.94086    -0.00000
     0.94086    -0.33879    -0.00000
    -0.00000     0.00000    -1.00000
           0           2          15           2
    -5.09446     0.60268    -2.84994
     0.33879     0.94086    -0.00000
     0.94086    -0.33879    -0.00000
    -0.00000     0.00000    -1.00000
           0           2          15           3
    -5.09446     0.60268     2.84206
     0.33879     0.94086    -0.00000
     0.94086    -0.33879    -0.00000
    -0.00000     0.00000    -1.00000
           0           2          15           4
    -5.09446     0.60268     8.53406
     0.33879     0.94086    -0.00000
     0.94086    -0.33879    -0.00000
    -0.00000     0.00000    -1.00000
           0           2          16           1
    -5.09378    -0.60859    -8.53604
     0.10877     0.99407    -0.00000
     0.99407    -0.10877    -0.00000
    -0.00000     0.00000    -1.00000
           0           2          16           2
    -5.09378    -0.60859    -2.84404
     0.10877     0.99407    -0.00000
     0.99407    -0.10877    -0.00000
    -0.00000     0.00000    -1.00000
           0           2          16           3
    -5.09378    -0.60859     2.84796
     0.10877     0.99407    -0.00000
     0.99407    -0.10877    -0.00000
    -0.00000     0.00000    -1.00000
           0           2          16           4
    -5.09378    -0.60859     8.53996
     0.10877     0.99407    -0.00000
     0.99407    -0.10877    -0.00000
    -0.00000     0.00000    -1.00000
           0           2          17           1
    -4.80805    -1.78871    -8.53580
    -0.12792     0.99178    -0.00000
     0.99178     0.12792    -0.00000
    -0.00000    -0.00000    -1.00000
           0           2          17           2
    -4.80805    -1.78871    -2.84381
    -0.12792     0.99178    -0.00000
     0.99178     0.12792    -0.00000
    -0.00000    -0.00000    -1.00000
           0           2          17           3
    -4.80805    -1.78871     2.84819
    -0.12792     0.99178    -0.00000
     0.99178     0.12792    -0.00000
    -0.00000    -0.00000    -1.00000
           0           2          17           4
    -4.80805    -1.78871     8.54018
    -0.12792     0.99178    -0.00000
     0.99178     0.12792    -0.00000
    -0.00000    -0.00000    -1.00000
           0           2          18           1
    -4.25139    -2.87100    -8.53997
    -0.35795     0.93374    -0.00000
     0.93374     0.35795    -0.00000
    -0.00000    -0.00000    -1.00000
           0           2          18           2
    -4.25139    -2.87100    -2.84798
    -0.35795     0.93374    -0.00000
     0.93374     0.35795    -0.00000
    -0.00000    -0.00000    -1.00000
           0           2          18           3
    -4.25139    -2.87100     2.84402
    -0.35795     0.93374    -0.00000
     0.93374     0.35795    -0.00000
    -0.00000    -0.00000    -1.00000
           0           2          18           4
    -4.25139    -2.87100     8.53603
    -0.35795     0.93374    -0.00000
     0.93374     0.35795    -0.00000
    -0.00000    -0.00000    -1.00000
           0           2          19           1
    -3.45419    -3.79282    -8.54463
    -0.56811     0.82295    -0.00000
     0.82295     0.56811    -0.00000
    -0.00000    -0.00000    -1.00000
           0           2          19           2
    -3.45419    -3.79282    -2.85263
    -0.56811     0.82295    -0.00000
     0.82295     0.56811    -0.00000
    -0.00000    -0.00000    -1.00000
           0           2          19           3
    -3.45419    -3.79282     2.83937
    -0.56811     0.82295    -0.00000
     0.82295     0.56811    -0.00000
    -0.00000    -0.00000    -1.00000
           0           2          19           4
    -3.45419    -3.79282     8.53136
    -0.56811     0.82295    -0.00000
     0.82295     0.56811    -0.00000
    -0.00000    -0.00000    -1.00000
           0           2          20           1
    -2.46373    -4.49967    -8.54918
    -0.74595     0.66600    -0.00000
     0.66600     0.74595    -0.00000
    -0.00000    -0.00000    -1.00000
           0           2          20           2
    -2.46373    -4.49967    -2.85720
    -0.74595     0.66600    -0.00000
     0.66600     0.74595    -0.00000
    -0.00000    -0.00000    -1.00000
           0           2          20           3
    -2.46373    -4.49967     2.83481
    -0.74595     0.66600    -0.00000
     0.66600     0.74595    -0.00000
    -0.00000    -0.00000    -1.00000
           0           2          20           4
    -2.46373    -4.49967     8.52682
    -0.74595     0.66600    -0.00000
     0.66600     0.74595    -0.00000
    -0.00000    -0.00000    -1.00000
           0           3           1           1
     5.62364   -10.33391    12.74836
    -0.87836    -0.47800    -0.00000
    -0.47800     0.87836    -0.00000
     0.00000    -0.00000    -1.00000
           0           3           1           2
     5.62364   -10.33391     6.37296
    -0.87836    -0.47800    -0.00000
    -0.47800     0.87836    -0.00000
     0.00000    -0.00000    -1.00000
           0           3           1           3
     5.62364   -10.33391    -0.00244
    -0.87836    -0.47800    -0.00000
    -0.47800     0.87836    -0.00000
     0.00000    -0.00000    -1.00000
           0           3           1           4
     5.62364   -10.33391    -6.37784
    -0.87836    -0.47800    -0.00000
    -0.47800     0.87836    -0.00000
     0.00000    -0.00000    -1.00000
           0           3           1           5
     5.62364   -10.33391   -12.75325
    -0.87836    -0.47800    -0.00000
    -0.47800     0.87836    -0.00000
     0.00000    -0.00000    -1.00000
           0           3           2           1
     7.51149    -7.13493    12.72751
    -0.68871    -0.72504     0.00000
    -0.72504     0.68871     0.00000
    -0.00000     0.00000    -1.00000
           0           3           2           2
     7.51149    -7.13493     6.35211
    -0.68871    -0.72504     0.00000
    -0.72504     0.68871     0.00000
    -0.00000     0.00000    -1.00000
           0           3           2           3
     7.51149    -7.13493    -0.02329
    -0.68871    -0.72504     0.00000
    -0.72504     0.68871     0.00000
    -0.00000     0.00000    -1.00000
           0           3           2           4
     7.51149    -7.13493    -6.39868
    -0.68871    -0.72504     0.00000
    -0.72504     0.68871     0.00000
    -0.00000     0.00000    -1.00000
           0           3           2           5
     7.51149    -7.13493   -12.77409
    -0.68871    -0.72504     0.00000
    -0.72504     0.68871     0.00000
    -0.00000     0.00000    -1.00000
           0           3           3           1
    11.53641    -5.65530    12.75632
    -0.44016    -0.89792     0.00000
    -0.89792     0.44016     0.00000
    -0.00000     0.00000    -1.00000
           0           3           3           2
    11.53641    -5.65530     6.38092
    -0.44016    -0.89792     0.00000
    -0.89792     0.44016     0.00000
    -0.00000     0.00000    -1.00000
           0           3           3           3
    11.53641    -5.65530     0.00552
    -0.44016    -0.89792     0.00000
    -0.89792     0.44016     0.00000
    -0.00000     0.00000    -1.00000
           0           3           3           4
    11.53641    -5.65530    -6.36988
    -0.44016    -0.89792     0.00000
    -0.89792     0.44016     0.00000
    -0.00000     0.00000    -1.00000
           0           3           3           5
    11.53641    -5.65530   -12.74528
    -0.44016    -0.89792     0.00000
    -0.89792     0.44016     0.00000
    -0.00000     0.00000    -1.00000
           0           3           4           1
    11.58219    -2.06593    12.75060
    -0.17560    -0.98446     0.00000
    -0.98446     0.17560     0.00000
    -0.00000     0.00000    -1.00000
           0           3           4           2
    11.58219    -2.06593     6.37520
    -0.17560    -0.98446     0.00000
    -0.98446     0.17560     0.00000
    -0.00000     0.00000    -1.00000
           0           3           4           3
    11.58219    -2.06593    -0.00020
    -0.17560    -0.98446     0.00000
    -0.98446     0.17560     0.00000
    -0.00000     0.00000    -1.00000
           0           3           4           4
    11.58219    -2.06593    -6.37560
    -0.17560    -0.98446     0.00000
    -0.98446     0.17560     0.00000
    -0.00000     0.00000    -1.00000
           0           3           4           5
    11.58219    -2.06593   -12.75100
    -0.17560    -0.98446     0.00000
    -0.98446     0.17560     0.00000
    -0.00000     0.00000    -1.00000
           0           3           5           1
    10.26403     1.40694    12.73834
     0.13580    -0.99074     0.00000
    -0.99074    -0.13580     0.00000
    -0.00000    -0.00000    -1.00000
           0           3           5           2
    10.26403     1.40694     6.36294
     0.13580    -0.99074     0.00000
    -0.99074    -0.13580     0.00000
    -0.00000    -0.00000    -1.00000
           0           3           5           3
    10.26403     1.40694    -0.01246
     0.13580    -0.99074     0.00000
    -0.99074    -0.13580     0.00000
    -0.00000    -0.00000    -1.00000
           0           3           5           4
    10.26403     1.40694    -6.38786
     0.13580    -0.99074     0.00000
    -0.99074    -0.13580     0.00000
    -0.00000    -0.00000    -1.00000
           0           3           5           5
    10.26403     1.40694   -12.76326
     0.13580    -0.99074     0.00000
    -0.99074    -0.13580     0.00000
    -0.00000    -0.00000    -1.00000
           0           3           6           1
    11.64423     5.42982    12.75189
     0.42263    -0.90630     0.00000
    -0.90630    -0.42263     0.00000
    -0.00000    -0.00000    -1.00000
           0           3           6           2
    11.64423     5.42982     6.37649
     0.42263    -0.90630     0.00000
    -0.90630    -0.42263     0.00000
    -0.00000    -0.00000    -1.00000
           0           3           6           3
    11.64423     5.42982     0.00109
     0.42263    -0.90630     0.00000
    -0.90630    -0.42263     0.00000
    -0.00000    -0.00000    -1.00000
           0           3           6           4
    11.64423     5.42982    -6.37431
     0.42263    -0.90630     0.00000
    -0.90630    -0.42263     0.00000
    -0.00000    -0.00000    -1.00000
           0           3           6           5
    11.64423     5.42982   -12.74971
     0.42263    -0.90630     0.00000
    -0.90630    -0.42263     0.00000
    -0.00000    -0.00000    -1.00000
           0           3           7           1
     8.87646     7.72161    12.74380
     0.65633    -0.75448     0.00000
    -0.75448    -0.65633     0.00000
    -0.00000    -0.00000    -1.00000
           0           3           7           2
     8.87646     7.72161     6.36840
     0.65633    -0.75448     0.00000
    -0.75448    -0.65633     0.00000
    -0.00000    -0.00000    -1.00000
           0           3           7           3
     8.87646     7.72161    -0.00700
     0.65633    -0.75448     0.00000
    -0.75448    -0.65633     0.00000
    -0.00000    -0.00000    -1.00000
           0           3           7           4
     8.87646     7.72161    -6.38240
     0.65633    -0.75448     0.00000
    -0.75448    -0.65633     0.00000
    -0.00000    -0.00000    -1.00000
           0           3           7           5
     8.87646     7.72161   -12.75780
     0.65633    -0.75448     0.00000
    -0.75448    -0.65633     0.00000
    -0.00000    -0.00000    -1.00000
           0           3           8           1
     5.32425     8.88719    12.74082
     0.85784    -0.51391     0.00000
    -0.51391    -0.85784     0.00000
    -0.00000    -0.00000    -1.00000
           0           3           8           2
     5.32425     8.88719     6.36542
     0.85784    -0.51391     0.00000
    -0.51391    -0.85784     0.00000
    -0.00000    -0.00000    -1.00000
           0           3           8           3
     5.32425     8.88719    -0.00998
     0.85784    -0.51391     0.00000
    -0.51391    -0.85784     0.00000
    -0.00000    -0.00000    -1.00000
           0           3           8           4
     5.32425     8.88719    -6.38538
     0.85784    -0.51391     0.00000
    -0.51391    -0.85784     0.00000
    -0.00000    -0.00000    -1.00000
           0           3           8           5
     5.32425     8.88719   -12.76078
     0.85784    -0.51391     0.00000
    -0.51391    -0.85784     0.00000
    -0.00000    -0.00000    -1.00000
           0           3           9           1
    -5.30237     8.90024   -12.71698
    -0.85910    -0.51182    -0.00000
     0.51182    -0.85910    -0.00000
     0.00000    -0.00000     1.00000
           0           3           9           2
    -5.30237     8.90024    -6.34158
    -0.85910    -0.51182    -0.00000
     0.51182    -0.85910    -0.00000
     0.00000    -0.00000     1.00000
           0           3           9           3
    -5.30237     8.90024     0.03382
    -0.85910    -0.51182    -0.00000
     0.51182    -0.85910    -0.00000
     0.00000    -0.00000     1.00000
           0           3           9           4
    -5.30237     8.90024     6.40922
    -0.85910    -0.51182    -0.00000
     0.51182    -0.85910    -0.00000
     0.00000    -0.00000     1.00000
           0           3           9           5
    -5.30237     8.90024    12.78463
    -0.85910    -0.51182    -0.00000
     0.51182    -0.85910    -0.00000
     0.00000    -0.00000     1.00000
           0           3          10           1
    -8.85195     7.74972   -12.74444
    -0.65871    -0.75240    -0.00000
     0.75240    -0.65871    -0.00000
     0.00000     0.00000     1.00000
           0           3          10           2
    -8.85195     7.74972    -6.36903
    -0.65871    -0.75240    -0.00000
     0.75240    -0.65871    -0.00000
     0.00000     0.00000     1.00000
           0           3          10           3
    -8.85195     7.74972     0.00636
    -0.65871    -0.75240    -0.00000
     0.75240    -0.65871    -0.00000
     0.00000     0.00000     1.00000
           0           3          10           4
    -8.85195     7.74972     6.38177
    -0.65871    -0.75240    -0.00000
     0.75240    -0.65871    -0.00000
     0.00000     0.00000     1.00000
           0           3          10           5
    -8.85195     7.74972    12.75717
    -0.65871    -0.75240    -0.00000
     0.75240    -0.65871    -0.00000
     0.00000     0.00000     1.00000
           0           3          11           1
   -11.62847     5.46348   -12.74136
    -0.42524    -0.90508    -0.00000
     0.90508    -0.42524    -0.00000
     0.00000     0.00000     1.00000
           0           3          11           2
   -11.62847     5.46348    -6.36596
    -0.42524    -0.90508    -0.00000
     0.90508    -0.42524    -0.00000
     0.00000     0.00000     1.00000
           0           3          11           3
   -11.62847     5.46348     0.00944
    -0.42524    -0.90508    -0.00000
     0.90508    -0.42524    -0.00000
     0.00000     0.00000     1.00000
           0           3          11           4
   -11.62847     5.46348     6.38484
    -0.42524    -0.90508    -0.00000
     0.90508    -0.42524    -0.00000
     0.00000     0.00000     1.00000
           0           3          11           5
   -11.62847     5.46348    12.76023
    -0.42524    -0.90508    -0.00000
     0.90508    -0.42524    -0.00000
     0.00000     0.00000     1.00000
           0           3          12           1
   -10.26461     1.40270   -12.72875
    -0.13538    -0.99079    -0.00000
     0.99079    -0.13538    -0.00000
     0.00000    -0.00000     1.00000
           0           3          12           2
   -10.26461     1.40270    -6.35334
    -0.13538    -0.99079    -0.00000
     0.99079    -0.13538    -0.00000
     0.00000    -0.00000     1.00000
           0           3          12           3
   -10.26461     1.40270     0.02206
    -0.13538    -0.99079    -0.00000
     0.99079    -0.13538    -0.00000
     0.00000    -0.00000     1.00000
           0           3          12           4
   -10.26461     1.40270     6.39745
    -0.13538    -0.99079    -0.00000
     0.99079    -0.13538    -0.00000
     0.00000    -0.00000     1.00000
           0           3          12           5
   -10.26461     1.40270    12.77286
    -0.13538    -0.99079    -0.00000
     0.99079    -0.13538    -0.00000
     0.00000    -0.00000     1.00000
           0           3          13           1
   -11.58160    -2.06932   -12.73429
     0.17589    -0.98441    -0.00000
     0.98441     0.17589    -0.00000
     0.00000     0.00000     1.00000
           0           3          13           2
   -11.58160    -2.06932    -6.35889
     0.17589    -0.98441    -0.00000
     0.98441     0.17589    -0.00000
     0.00000     0.00000     1.00000
           0           3          13           3
   -11.58160    -2.06932     0.01651
     0.17589    -0.98441    -0.00000
     0.98441     0.17589    -0.00000
     0.00000     0.00000     1.00000
           0           3          13           4
   -11.58160    -2.06932     6.39191
     0.17589    -0.98441    -0.00000
     0.98441     0.17589    -0.00000
     0.00000     0.00000     1.00000
           0           3          13           5
   -11.58160    -2.06932    12.76731
     0.17589    -0.98441    -0.00000
     0.98441     0.17589    -0.00000
     0.00000     0.00000     1.00000
           0           3          14           1
   -11.53088    -5.66655   -12.74368
     0.44105    -0.89748    -0.00000
     0.89748     0.44105    -0.00000
     0.00000     0.00000     1.00000
           0           3          14           2
   -11.53088    -5.66655    -6.36828
     0.44105    -0.89748    -0.00000
     0.89748     0.44105    -0.00000
     0.00000     0.00000     1.00000
           0           3          14           3
   -11.53088    -5.66655     0.00712
     0.44105    -0.89748    -0.00000
     0.89748     0.44105    -0.00000
     0.00000     0.00000     1.00000
           0           3          14           4
   -11.53088    -5.66655     6.38252
     0.44105    -0.89748    -0.00000
     0.89748     0.44105    -0.00000
     0.00000     0.00000     1.00000
           0           3          14           5
   -11.53088    -5.66655    12.75792
     0.44105    -0.89748    -0.00000
     0.89748     0.44105    -0.00000
     0.00000     0.00000     1.00000
           0           3          15           1
    -7.52512    -7.12054   -12.73578
     0.68731    -0.72636    -0.00000
     0.72636     0.68731    -0.00000
     0.00000     0.00000     1.00000
           0           3          15           2
    -7.52512    -7.12054    -6.36038
     0.68731    -0.72636    -0.00000
     0.72636     0.68731    -0.00000
     0.00000     0.00000     1.00000
           0           3          15           3
    -7.52512    -7.12054     0.01502
     0.68731    -0.72636    -0.00000
     0.72636     0.68731    -0.00000
     0.00000     0.00000     1.00000
           0           3          15           4
    -7.52512    -7.12054     6.39042
     0.68731    -0.72636    -0.00000
     0.72636     0.68731    -0.00000
     0.00000     0.00000     1.00000
           0           3          15           5
    -7.52512    -7.12054    12.76582
     0.68731    -0.72636    -0.00000
     0.72636     0.68731    -0.00000
     0.00000     0.00000     1.00000
           0           3          16           1
    -5.63455   -10.32799   -12.74490
     0.87786    -0.47892    -0.00000
     0.47892     0.87786    -0.00000
     0.00000     0.00000     1.00000
           0           3          16           2
    -5.63455   -10.32799    -6.36950
     0.87786    -0.47892    -0.00000
     0.47892     0.87786    -0.00000
     0.00000     0.00000     1.00000
           0           3          16           3
    -5.63455   -10.32799     0.00590
     0.87786    -0.47892    -0.00000
     0.47892     0.87786    -0.00000
     0.00000     0.00000     1.00000
           0           3          16           4
    -5.63455   -10.32799     6.38130
     0.87786    -0.47892    -0.00000
     0.47892     0.87786    -0.00000
     0.00000     0.00000     1.00000
           0           3          16           5
    -5.63455   -10.32799    12.75670
     0.87786    -0.47892    -0.00000
     0.47892     0.87786    -0.00000
     0.00000     0.00000     1.00000
           0           4           1           1
     6.48867   -14.04675   -15.93762
     0.90782     0.41936    -0.00000
    -0.41936     0.90782    -0.00000
     0.00000     0.00000     1.00000
           0           4           1           2
     6.48867   -14.04675    -9.56222
     0.90782     0.41936    -0.00000
    -0.41936     0.90782    -0.00000
     0.00000     0.00000     1.00000
           0           4           1           3
     6.48867   -14.04675    -3.18682
     0.90782     0.41936    -0.00000
    -0.41936     0.90782    -0.00000
     0.00000     0.00000     1.00000
           0           4           1           4
     6.48867   -14.04675     3.18858
     0.90782     0.41936    -0.00000
    -0.41936     0.90782    -0.00000
     0.00000     0.00000     1.00000
           0           4           1           5
     6.48867   -14.04675     9.56398
     0.90782     0.41936    -0.00000
    -0.41936     0.90782    -0.00000
     0.00000     0.00000     1.00000
           0           4           1           6
     6.48867   -14.04675    15.93938
     0.90782     0.41936    -0.00000
    -0.41936     0.90782    -0.00000
     0.00000     0.00000     1.00000
           0           4           2           1
    10.07112   -13.30521   -15.94343
     0.79735     0.60352    -0.00000
    -0.60352     0.79735    -0.00000
     0.00000     0.00000     1.00000
           0           4           2           2
    10.07112   -13.30521    -9.56803
     0.79735     0.60352    -0.00000
    -0.60352     0.79735    -0.00000
     0.00000     0.00000     1.00000
           0           4           2           3
    10.07112   -13.30521    -3.19263
     0.79735     0.60352    -0.00000
    -0.60352     0.79735    -0.00000
     0.00000     0.00000     1.00000
           0           4           2           4
    10.07112   -13.30521     3.18277
     0.79735     0.60352    -0.00000
    -0.60352     0.79735    -0.00000
     0.00000     0.00000     1.00000
           0           4           2           5
    10.07112   -13.30521     9.55817
     0.79735     0.60352    -0.00000
    -0.60352     0.79735    -0.00000
     0.00000     0.00000     1.00000
           0           4           2           6
    10.07112   -13.30521    15.93357
     0.79735     0.60352    -0.00000
    -0.60352     0.79735    -0.00000
     0.00000     0.00000     1.00000
           0           4           3           1
    13.49669   -11.75947   -15.93912
     0.65692     0.75396    -0.00000
    -0.75396     0.65692    -0.00000
    -0.00000     0.00000     1.00000
           0           4           3           2
    13.49669   -11.75947    -9.56373
     0.65692     0.75396    -0.00000
    -0.75396     0.65692    -0.00000
    -0.00000     0.00000     1.00000
           0           4           3           3
    13.49669   -11.75947    -3.18832
     0.65692     0.75396    -0.00000
    -0.75396     0.65692    -0.00000
    -0.00000     0.00000     1.00000
           0           4           3           4
    13.49669   -11.75947     3.18707
     0.65692     0.75396    -0.00000
    -0.75396     0.65692    -0.00000
    -0.00000     0.00000     1.00000
           0           4           3           5
    13.49669   -11.75947     9.56248
     0.65692     0.75396    -0.00000
    -0.75396     0.65692    -0.00000
    -0.00000     0.00000     1.00000
           0           4           3           6
    13.49669   -11.75947    15.93787
     0.65692     0.75396    -0.00000
    -0.75396     0.65692    -0.00000
    -0.00000     0.00000     1.00000
           0           4           4           1
    13.54379    -7.48196   -15.93008
     0.48354     0.87532    -0.00000
    -0.87532     0.48354    -0.00000
    -0.00000     0.00000     1.00000
           0           4           4           2
    13.54379    -7.48196    -9.55468
     0.48354     0.87532    -0.00000
    -0.87532     0.48354    -0.00000
    -0.00000     0.00000     1.00000
           0           4           4           3
    13.54379    -7.48196    -3.17928
     0.48354     0.87532    -0.00000
    -0.87532     0.48354    -0.00000
    -0.00000     0.00000     1.00000
           0           4           4           4
    13.54379    -7.48196     3.19612
     0.48354     0.87532    -0.00000
    -0.87532     0.48354    -0.00000
    -0.00000     0.00000     1.00000
           0           4           4           5
    13.54379    -7.48196     9.57152
     0.48354     0.87532    -0.00000
    -0.87532     0.48354    -0.00000
    -0.00000     0.00000     1.00000
           0           4           4           6
    13.54379    -7.48196    15.94692
     0.48354     0.87532    -0.00000
    -0.87532     0.48354    -0.00000
    -0.00000     0.00000     1.00000
           0           4           5           1
    16.00189    -4.73243   -15.93327
     0.28359     0.95895    -0.00000
    -0.95895     0.28359    -0.00000
    -0.00000     0.00000     1.00000
           0           4           5           2
    16.00189    -4.73243    -9.55788
     0.28359     0.95895    -0.00000
    -0.95895     0.28359    -0.00000
    -0.00000     0.00000     1.00000
           0           4           5           3
    16.00189    -4.73243    -3.18247
     0.28359     0.95895    -0.00000
    -0.95895     0.28359    -0.00000
    -0.00000     0.00000     1.00000
           0           4           5           4
    16.00189    -4.73243     3.19293
     0.28359     0.95895    -0.00000
    -0.95895     0.28359    -0.00000
    -0.00000     0.00000     1.00000
           0           4           5           5
    16.00189    -4.73243     9.56833
     0.28359     0.95895    -0.00000
    -0.95895     0.28359    -0.00000
    -0.00000     0.00000     1.00000
           0           4           5           6
    16.00189    -4.73243    15.94373
     0.28359     0.95895    -0.00000
    -0.95895     0.28359    -0.00000
    -0.00000     0.00000     1.00000
           0           4           6           1
    17.83447    -1.54173   -15.92679
     0.08613     0.99628    -0.00000
    -0.99628     0.08613    -0.00000
    -0.00000     0.00000     1.00000
           0           4           6           2
    17.83447    -1.54173    -9.55139
     0.08613     0.99628    -0.00000
    -0.99628     0.08613    -0.00000
    -0.00000     0.00000     1.00000
           0           4           6           3
    17.83447    -1.54173    -3.17599
     0.08613     0.99628    -0.00000
    -0.99628     0.08613    -0.00000
    -0.00000     0.00000     1.00000
           0           4           6           4
    17.83447    -1.54173     3.19941
     0.08613     0.99628    -0.00000
    -0.99628     0.08613    -0.00000
    -0.00000     0.00000     1.00000
           0           4           6           5
    17.83447    -1.54173     9.57481
     0.08613     0.99628    -0.00000
    -0.99628     0.08613    -0.00000
    -0.00000     0.00000     1.00000
           0           4           6           6
    17.83447    -1.54173    15.95021
     0.08613     0.99628    -0.00000
    -0.99628     0.08613    -0.00000
    -0.00000     0.00000     1.00000
           0           4           7           1
    15.35790     1.88370   -15.93699
    -0.12174     0.99256     0.00000
    -0.99256    -0.12174     0.00000
     0.00000     0.00000     1.00000
           0           4           7           2
    15.35790     1.88370    -9.56159
    -0.12174     0.99256     0.00000
    -0.99256    -0.12174     0.00000
     0.00000     0.00000     1.00000
           0           4           7           3
    15.35790     1.88370    -3.18619
    -0.12174     0.99256     0.00000
    -0.99256    -0.12174     0.00000
     0.00000     0.00000     1.00000
           0           4           7           4
    15.35790     1.88370     3.18921
    -0.12174     0.99256     0.00000
    -0.99256    -0.12174     0.00000
     0.00000     0.00000     1.00000
           0           4           7           5
    15.35790     1.88370     9.56461
    -0.12174     0.99256     0.00000
    -0.99256    -0.12174     0.00000
     0.00000     0.00000     1.00000
           0           4           7           6
    15.35790     1.88370    15.94001
    -0.12174     0.99256     0.00000
    -0.99256    -0.12174     0.00000
     0.00000     0.00000     1.00000
           0           4           8           1
    15.73808     5.54699   -15.93688
    -0.33243     0.94313     0.00000
    -0.94313    -0.33243     0.00000
     0.00000     0.00000     1.00000
           0           4           8           2
    15.73808     5.54699    -9.56148
    -0.33243     0.94313     0.00000
    -0.94313    -0.33243     0.00000
     0.00000     0.00000     1.00000
           0           4           8           3
    15.73808     5.54699    -3.18608
    -0.33243     0.94313     0.00000
    -0.94313    -0.33243     0.00000
     0.00000     0.00000     1.00000
           0           4           8           4
    15.73808     5.54699     3.18932
    -0.33243     0.94313     0.00000
    -0.94313    -0.33243     0.00000
     0.00000     0.00000     1.00000
           0           4           8           5
    15.73808     5.54699     9.56472
    -0.33243     0.94313     0.00000
    -0.94313    -0.33243     0.00000
     0.00000     0.00000     1.00000
           0           4           8           6
    15.73808     5.54699    15.94011
    -0.33243     0.94313     0.00000
    -0.94313    -0.33243     0.00000
     0.00000     0.00000     1.00000
           0           4           9           1
    15.34013     9.22639   -15.93550
    -0.51543     0.85693     0.00000
    -0.85693    -0.51543     0.00000
     0.00000     0.00000     1.00000
           0           4           9           2
    15.34013     9.22639    -9.56011
    -0.51543     0.85693     0.00000
    -0.85693    -0.51543     0.00000
     0.00000     0.00000     1.00000
           0           4           9           3
    15.34013     9.22639    -3.18471
    -0.51543     0.85693     0.00000
    -0.85693    -0.51543     0.00000
     0.00000     0.00000     1.00000
           0           4           9           4
    15.34013     9.22639     3.19069
    -0.51543     0.85693     0.00000
    -0.85693    -0.51543     0.00000
     0.00000     0.00000     1.00000
           0           4           9           5
    15.34013     9.22639     9.56608
    -0.51543     0.85693     0.00000
    -0.85693    -0.51543     0.00000
     0.00000     0.00000     1.00000
           0           4           9           6
    15.34013     9.22639    15.94149
    -0.51543     0.85693     0.00000
    -0.85693    -0.51543     0.00000
     0.00000     0.00000     1.00000
           0           4          10           1
    11.32452    10.54368   -15.95186
    -0.68142     0.73189     0.00000
    -0.73189    -0.68142     0.00000
     0.00000     0.00000     1.00000
           0           4          10           2
    11.32452    10.54368    -9.57647
    -0.68142     0.73189     0.00000
    -0.73189    -0.68142     0.00000
     0.00000     0.00000     1.00000
           0           4          10           3
    11.32452    10.54368    -3.20106
    -0.68142     0.73189     0.00000
    -0.73189    -0.68142     0.00000
     0.00000     0.00000     1.00000
           0           4          10           4
    11.32452    10.54368     3.17434
    -0.68142     0.73189     0.00000
    -0.73189    -0.68142     0.00000
     0.00000     0.00000     1.00000
           0           4          10           5
    11.32452    10.54368     9.54974
    -0.68142     0.73189     0.00000
    -0.73189    -0.68142     0.00000
     0.00000     0.00000     1.00000
           0           4          10           6
    11.32452    10.54368    15.92515
    -0.68142     0.73189     0.00000
    -0.73189    -0.68142     0.00000
     0.00000     0.00000     1.00000
           0           4          11           1
     9.46122    13.74559   -15.93850
    -0.82373     0.56698     0.00000
    -0.56698    -0.82373     0.00000
     0.00000     0.00000     1.00000
           0           4          11           2
     9.46122    13.74559    -9.56310
    -0.82373     0.56698     0.00000
    -0.56698    -0.82373     0.00000
     0.00000     0.00000     1.00000
           0           4          11           3
     9.46122    13.74559    -3.18770
    -0.82373     0.56698     0.00000
    -0.56698    -0.82373     0.00000
     0.00000     0.00000     1.00000
           0           4          11           4
     9.46122    13.74559     3.18770
    -0.82373     0.56698     0.00000
    -0.56698    -0.82373     0.00000
     0.00000     0.00000     1.00000
           0           4          11           5
     9.46122    13.74559     9.56310
    -0.82373     0.56698     0.00000
    -0.56698    -0.82373     0.00000
     0.00000     0.00000     1.00000
           0           4          11           6
     9.46122    13.74559    15.93850
    -0.82373     0.56698     0.00000
    -0.56698    -0.82373     0.00000
     0.00000     0.00000     1.00000
           0           4          12           1
     7.01349    16.46989   -15.93203
    -0.92005     0.39179     0.00000
    -0.39179    -0.92005     0.00000
     0.00000     0.00000     1.00000
           0           4          12           2
     7.01349    16.46989    -9.55661
    -0.92005     0.39179     0.00000
    -0.39179    -0.92005     0.00000
     0.00000     0.00000     1.00000
           0           4          12           3
     7.01349    16.46989    -3.18123
    -0.92005     0.39179     0.00000
    -0.39179    -0.92005     0.00000
     0.00000     0.00000     1.00000
           0           4          12           4
     7.01349    16.46989     3.19417
    -0.92005     0.39179     0.00000
    -0.39179    -0.92005     0.00000
     0.00000     0.00000     1.00000
           0           4          12           5
     7.01349    16.46989     9.56958
    -0.92005     0.39179     0.00000
    -0.39179    -0.92005     0.00000
     0.00000     0.00000     1.00000
           0           4          12           6
     7.01349    16.46989    15.94497
    -0.92005     0.39179     0.00000
    -0.39179    -0.92005     0.00000
     0.00000     0.00000     1.00000
           0           4          13           1
    -6.99461    16.47791    15.92085
     0.92051     0.39072     0.00000
     0.39072    -0.92051     0.00000
     0.00000    -0.00000    -1.00000
           0           4          13           2
    -6.99461    16.47791     9.54545
     0.92051     0.39072     0.00000
     0.39072    -0.92051     0.00000
     0.00000    -0.00000    -1.00000
           0           4          13           3
    -6.99461    16.47791     3.17005
     0.92051     0.39072     0.00000
     0.39072    -0.92051     0.00000
     0.00000    -0.00000    -1.00000
           0           4          13           4
    -6.99461    16.47791    -3.20535
     0.92051     0.39072     0.00000
     0.39072    -0.92051     0.00000
     0.00000    -0.00000    -1.00000
           0           4          13           5
    -6.99461    16.47791    -9.58075
     0.92051     0.39072     0.00000
     0.39072    -0.92051     0.00000
     0.00000    -0.00000    -1.00000
           0           4          13           6
    -6.99461    16.47791   -15.95615
     0.92051     0.39072     0.00000
     0.39072    -0.92051     0.00000
     0.00000    -0.00000    -1.00000
           0           4          14           1
    -9.45313    13.75116    15.93790
     0.82407     0.56648     0.00000
     0.56648    -0.82407     0.00000
     0.00000    -0.00000    -1.00000
           0           4          14           2
    -9.45313    13.75116     9.56250
     0.82407     0.56648     0.00000
     0.56648    -0.82407     0.00000
     0.00000    -0.00000    -1.00000
           0           4          14           3
    -9.45313    13.75116     3.18710
     0.82407     0.56648     0.00000
     0.56648    -0.82407     0.00000
     0.00000    -0.00000    -1.00000
           0           4          14           4
    -9.45313    13.75116    -3.18830
     0.82407     0.56648     0.00000
     0.56648    -0.82407     0.00000
     0.00000    -0.00000    -1.00000
           0           4          14           5
    -9.45313    13.75116    -9.56370
     0.82407     0.56648     0.00000
     0.56648    -0.82407     0.00000
     0.00000    -0.00000    -1.00000
           0           4          14           6
    -9.45313    13.75116   -15.93909
     0.82407     0.56648     0.00000
     0.56648    -0.82407     0.00000
     0.00000    -0.00000    -1.00000
           0           4          15           1
   -11.30858    10.56077    15.93806
     0.68252     0.73087    -0.00000
     0.73087    -0.68252    -0.00000
    -0.00000     0.00000    -1.00000
           0           4          15           2
   -11.30858    10.56077     9.56266
     0.68252     0.73087    -0.00000
     0.73087    -0.68252    -0.00000
    -0.00000     0.00000    -1.00000
           0           4          15           3
   -11.30858    10.56077     3.18726
     0.68252     0.73087    -0.00000
     0.73087    -0.68252    -0.00000
    -0.00000     0.00000    -1.00000
           0           4          15           4
   -11.30858    10.56077    -3.18814
     0.68252     0.73087    -0.00000
     0.73087    -0.68252    -0.00000
    -0.00000     0.00000    -1.00000
           0           4          15           5
   -11.30858    10.56077    -9.56354
     0.68252     0.73087    -0.00000
     0.73087    -0.68252    -0.00000
    -0.00000     0.00000    -1.00000
           0           4          15           6
   -11.30858    10.56077   -15.93894
     0.68252     0.73087    -0.00000
     0.73087    -0.68252    -0.00000
    -0.00000     0.00000    -1.00000
           0           4          16           1
   -15.33821     9.22958    15.92595
     0.51558     0.85684    -0.00000
     0.85684    -0.51558    -0.00000
    -0.00000     0.00000    -1.00000
           0           4          16           2
   -15.33821     9.22958     9.55055
     0.51558     0.85684    -0.00000
     0.85684    -0.51558    -0.00000
    -0.00000     0.00000    -1.00000
           0           4          16           3
   -15.33821     9.22958     3.17515
     0.51558     0.85684    -0.00000
     0.85684    -0.51558    -0.00000
    -0.00000     0.00000    -1.00000
           0           4          16           4
   -15.33821     9.22958    -3.20025
     0.51558     0.85684    -0.00000
     0.85684    -0.51558    -0.00000
    -0.00000     0.00000    -1.00000
           0           4          16           5
   -15.33821     9.22958    -9.57565
     0.51558     0.85684    -0.00000
     0.85684    -0.51558    -0.00000
    -0.00000     0.00000    -1.00000
           0           4          16           6
   -15.33821     9.22958   -15.95105
     0.51558     0.85684    -0.00000
     0.85684    -0.51558    -0.00000
    -0.00000     0.00000    -1.00000
           0           4          17           1
   -15.73859     5.54552    15.93850
     0.33233     0.94316    -0.00000
     0.94316    -0.33233    -0.00000
    -0.00000     0.00000    -1.00000
           0           4          17           2
   -15.73859     5.54552     9.56310
     0.33233     0.94316    -0.00000
     0.94316    -0.33233    -0.00000
    -0.00000     0.00000    -1.00000
           0           4          17           3
   -15.73859     5.54552     3.18770
     0.33233     0.94316    -0.00000
     0.94316    -0.33233    -0.00000
    -0.00000     0.00000    -1.00000
           0           4          17           4
   -15.73859     5.54552    -3.18770
     0.33233     0.94316    -0.00000
     0.94316    -0.33233    -0.00000
    -0.00000     0.00000    -1.00000
           0           4          17           5
   -15.73859     5.54552    -9.56310
     0.33233     0.94316    -0.00000
     0.94316    -0.33233    -0.00000
    -0.00000     0.00000    -1.00000
           0           4          17           6
   -15.73859     5.54552   -15.93850
     0.33233     0.94316    -0.00000
     0.94316    -0.33233    -0.00000
    -0.00000     0.00000    -1.00000
           0           4          18           1
   -15.36416     1.83212    15.92731
     0.11841     0.99296    -0.00000
     0.99296    -0.11841    -0.00000
    -0.00000     0.00000    -1.00000
           0           4          18           2
   -15.36416     1.83212     9.55190
     0.11841     0.99296    -0.00000
     0.99296    -0.11841    -0.00000
    -0.00000     0.00000    -1.00000
           0           4          18           3
   -15.36416     1.83212     3.17650
     0.11841     0.99296    -0.00000
     0.99296    -0.11841    -0.00000
    -0.00000     0.00000    -1.00000
           0           4          18           4
   -15.36416     1.83212    -3.19890
     0.11841     0.99296    -0.00000
     0.99296    -0.11841    -0.00000
    -0.00000     0.00000    -1.00000
           0           4          18           5
   -15.36416     1.83212    -9.57430
     0.11841     0.99296    -0.00000
     0.99296    -0.11841    -0.00000
    -0.00000     0.00000    -1.00000
           0           4          18           6
   -15.36416     1.83212   -15.94969
     0.11841     0.99296    -0.00000
     0.99296    -0.11841    -0.00000
    -0.00000     0.00000    -1.00000
           0           4          19           1
   -17.82974    -1.59561    15.91620
    -0.08915     0.99602    -0.00000
     0.99602     0.08915    -0.00000
    -0.00000    -0.00000    -1.00000
           0           4          19           2
   -17.82974    -1.59561     9.54080
    -0.08915     0.99602    -0.00000
     0.99602     0.08915    -0.00000
    -0.00000    -0.00000    -1.00000
           0           4          19           3
   -17.82974    -1.59561     3.16540
    -0.08915     0.99602    -0.00000
     0.99602     0.08915    -0.00000
    -0.00000    -0.00000    -1.00000
           0           4          19           4
   -17.82974    -1.59561    -3.21000
    -0.08915     0.99602    -0.00000
     0.99602     0.08915    -0.00000
    -0.00000    -0.00000    -1.00000
           0           4          19           5
   -17.82974    -1.59561    -9.58540
    -0.08915     0.99602    -0.00000
     0.99602     0.08915    -0.00000
    -0.00000    -0.00000    -1.00000
           0           4          19           6
   -17.82974    -1.59561   -15.96081
    -0.08915     0.99602    -0.00000
     0.99602     0.08915    -0.00000
    -0.00000    -0.00000    -1.00000
           0           4          20           1
   -15.98680    -4.78309    15.92565
    -0.28664     0.95804    -0.00000
     0.95804     0.28664    -0.00000
    -0.00000    -0.00000    -1.00000
           0           4          20           2
   -15.98680    -4.78309     9.55024
    -0.28664     0.95804    -0.00000
     0.95804     0.28664    -0.00000
    -0.00000    -0.00000    -1.00000
           0           4          20           3
   -15.98680    -4.78309     3.17484
    -0.28664     0.95804    -0.00000
     0.95804     0.28664    -0.00000
    -0.00000    -0.00000    -1.00000
           0           4          20           4
   -15.98680    -4.78309    -3.20056
    -0.28664     0.95804    -0.00000
     0.95804     0.28664    -0.00000
    -0.00000    -0.00000    -1.00000
           0           4          20           5
   -15.98680    -4.78309    -9.57596
    -0.28664     0.95804    -0.00000
     0.95804     0.28664    -0.00000
    -0.00000    -0.00000    -1.00000
           0           4          20           6
   -15.98680    -4.78309   -15.95136
    -0.28664     0.95804    -0.00000
     0.95804     0.28664    -0.00000
    -0.00000    -0.00000    -1.00000
           0           4          21           1
   -13.51736    -7.52955    15.93721
    -0.48663     0.87361    -0.00000
     0.87361     0.48663    -0.00000
    -0.00000    -0.00000    -1.00000
           0           4          21           2
   -13.51736    -7.52955     9.56181
    -0.48663     0.87361    -0.00000
     0.87361     0.48663    -0.00000
    -0.00000    -0.00000    -1.00000
           0           4          21           3
   -13.51736    -7.52955     3.18641
    -0.48663     0.87361    -0.00000
     0.87361     0.48663    -0.00000
    -0.00000    -0.00000    -1.00000
           0           4          21           4
   -13.51736    -7.52955    -3.18899
    -0.48663     0.87361    -0.00000
     0.87361     0.48663    -0.00000
    -0.00000    -0.00000    -1.00000
           0           4          21           5
   -13.51736    -7.52955    -9.56439
    -0.48663     0.87361    -0.00000
     0.87361     0.48663    -0.00000
    -0.00000    -0.00000    -1.00000
           0           4          21           6
   -13.51736    -7.52955   -15.93979
    -0.48663     0.87361    -0.00000
     0.87361     0.48663    -0.00000
    -0.00000    -0.00000    -1.00000
           0           4          22           1
   -13.49044   -11.76665    15.95356
    -0.65731     0.75362    -0.00000
     0.75362     0.65731    -0.00000
    -0.00000    -0.00000    -1.00000
           0           4          22           2
   -13.49044   -11.76665     9.57816
    -0.65731     0.75362    -0.00000
     0.75362     0.65731    -0.00000
    -0.00000    -0.00000    -1.00000
           0           4          22           3
   -13.49044   -11.76665     3.20276
    -0.65731     0.75362    -0.00000
     0.75362     0.65731    -0.00000
    -0.00000    -0.00000    -1.00000
           0           4          22           4
   -13.49044   -11.76665    -3.17264
    -0.65731     0.75362    -0.00000
     0.75362     0.65731    -0.00000
    -0.00000    -0.00000    -1.00000
           0           4          22           5
   -13.49044   -11.76665    -9.54804
    -0.65731     0.75362    -0.00000
     0.75362     0.65731    -0.00000
    -0.00000    -0.00000    -1.00000
           0           4          22           6
   -13.49044   -11.76665   -15.92343
    -0.65731     0.75362    -0.00000
     0.75362     0.65731    -0.00000
    -0.00000    -0.00000    -1.00000
           0           4          23           1
   -10.12713   -13.26263    15.93872
    -0.79479     0.60688    -0.00000
     0.60688     0.79479    -0.00000
    -0.00000    -0.00000    -1.00000
           0           4          23           2
   -10.12713   -13.26263     9.56333
    -0.79479     0.60688    -0.00000
     0.60688     0.79479    -0.00000
    -0.00000    -0.00000    -1.00000
           0           4          23           3
   -10.12713   -13.26263     3.18793
    -0.79479     0.60688    -0.00000
     0.60688     0.79479    -0.00000
    -0.00000    -0.00000    -1.00000
           0           4          23           4
   -10.12713   -13.26263    -3.18747
    -0.79479     0.60688    -0.00000
     0.60688     0.79479    -0.00000
    -0.00000    -0.00000    -1.00000
           0           4          23           5
   -10.12713   -13.26263    -9.56287
    -0.79479     0.60688    -0.00000
     0.60688     0.79479    -0.00000
    -0.00000    -0.00000    -1.00000
           0           4          23           6
   -10.12713   -13.26263   -15.93827
    -0.79479     0.60688    -0.00000
     0.60688     0.79479    -0.00000
    -0.00000    -0.00000    -1.00000
           0           4          24           1
    -6.50734   -14.03810    15.93850
    -0.90726     0.42056    -0.00000
     0.42056     0.90726    -0.00000
    -0.00000    -0.00000    -1.00000
           0           4          24           2
    -6.50734   -14.03810     9.56310
    -0.90726     0.42056    -0.00000
     0.42056     0.90726    -0.00000
    -0.00000    -0.00000    -1.00000
           0           4          24           3
    -6.50734   -14.03810     3.18770
    -0.90726     0.42056    -0.00000
     0.42056     0.90726    -0.00000
    -0.00000    -0.00000    -1.00000
           0           4          24           4
    -6.50734   -14.03810    -3.18770
    -0.90726     0.42056    -0.00000
     0.42056     0.90726    -0.00000
    -0.00000    -0.00000    -1.00000
           0           4          24           5
    -6.50734   -14.03810    -9.56310
    -0.90726     0.42056    -0.00000
     0.42056     0.90726    -0.00000
    -0.00000    -0.00000    -1.00000
           0           4          24           6
    -6.50734   -14.03810   -15.93850
    -0.90726     0.42056    -0.00000
     0.42056     0.90726    -0.00000
    -0.00000    -0.00000    -1.00000
