 SVX cage parameters:
     2.20000
     0.50000     0.20000
     0.00000
           6
   -40.00000   -26.50000   -26.50000    26.50000    26.50000    40.00000
    53.00000    53.00000    22.00000    22.00000    53.00000    53.00000
     0.00000     0.00000     0.00000
 SVX barrel parameters:
           4
     2.63000     5.13000    11.76500    16.68700     1.21400
     0.00000     0.00000     0.00000     0.00000
           4           4           5           6
     0.69600     0.69600     1.74500     1.74500
     0.01000     0.01000     0.03125     0.03125
     2.83600     2.83600     3.18770     3.18770
     0.01900     0.01900     0.00000     0.00000
     0.02000     0.02000     0.00000     0.00000
    26.70000    13.60000    17.00000    12.00000
   -13.00000   -13.02000     0.00000     0.00000
           2
           5           5
     0.00000   180.00000
           2
          10          10
     0.00000   180.00000
           2
           8           8
     0.00000   180.00000
           2
          12          12
     0.00000   180.00000
 SVX barrel sensor rotation matrices and translation vectors:
           0           1           1           1
     1.63755    -2.05798     8.53800
     0.62141     0.78349    -0.00000
    -0.78349     0.62141    -0.00000
    -0.00000     0.00000     1.00000
           0           1           1           2
     1.63755    -2.05798     2.84600
     0.62141     0.78349    -0.00000
    -0.78349     0.62141    -0.00000
    -0.00000     0.00000     1.00000
           0           1           1           3
     1.63755    -2.05798    -2.84600
     0.62141     0.78349    -0.00000
    -0.78349     0.62141    -0.00000
    -0.00000     0.00000     1.00000
           0           1           1           4
     1.63755    -2.05798    -8.53800
     0.62141     0.78349    -0.00000
    -0.78349     0.62141    -0.00000
    -0.00000     0.00000     1.00000
           0           1           2           1
     2.34370    -1.19330     8.53797
     0.24041     0.97067    -0.00000
    -0.97067     0.24041    -0.00000
     0.00000     0.00000     1.00000
           0           1           2           2
     2.34370    -1.19330     2.84597
     0.24041     0.97067    -0.00000
    -0.97067     0.24041    -0.00000
     0.00000     0.00000     1.00000
           0           1           2           3
     2.34370    -1.19330    -2.84603
     0.24041     0.97067    -0.00000
    -0.97067     0.24041    -0.00000
     0.00000     0.00000     1.00000
           0           1           2           4
     2.34370    -1.19330    -8.53803
     0.24041     0.97067    -0.00000
    -0.97067     0.24041    -0.00000
     0.00000     0.00000     1.00000
           0           1           3           1
     2.62999    -0.01027     8.53671
    -0.22237     0.97496     0.00000
    -0.97496    -0.22237     0.00000
     0.00000     0.00000     1.00000
           0           1           3           2
     2.62999    -0.01027     2.84471
    -0.22237     0.97496     0.00000
    -0.97496    -0.22237     0.00000
     0.00000     0.00000     1.00000
           0           1           3           3
     2.62999    -0.01027    -2.84729
    -0.22237     0.97496     0.00000
    -0.97496    -0.22237     0.00000
     0.00000     0.00000     1.00000
           0           1           3           4
     2.62999    -0.01027    -8.53929
    -0.22237     0.97496     0.00000
    -0.97496    -0.22237     0.00000
     0.00000     0.00000     1.00000
           0           1           4           1
     2.34984     1.18117     8.53809
    -0.63956     0.76874     0.00000
    -0.76874    -0.63956     0.00000
     0.00000     0.00000     1.00000
           0           1           4           2
     2.34984     1.18117     2.84609
    -0.63956     0.76874     0.00000
    -0.76874    -0.63956     0.00000
     0.00000     0.00000     1.00000
           0           1           4           3
     2.34984     1.18117    -2.84591
    -0.63956     0.76874     0.00000
    -0.76874    -0.63956     0.00000
     0.00000     0.00000     1.00000
           0           1           4           4
     2.34984     1.18117    -8.53791
    -0.63956     0.76874     0.00000
    -0.76874    -0.63956     0.00000
     0.00000     0.00000     1.00000
           0           1           5           1
     1.58866     2.09597     8.53712
    -0.91291     0.40815     0.00000
    -0.40815    -0.91291     0.00000
     0.00000     0.00000     1.00000
           0           1           5           2
     1.58866     2.09597     2.84511
    -0.91291     0.40815     0.00000
    -0.40815    -0.91291     0.00000
     0.00000     0.00000     1.00000
           0           1           5           3
     1.58866     2.09597    -2.84689
    -0.91291     0.40815     0.00000
    -0.40815    -0.91291     0.00000
     0.00000     0.00000     1.00000
           0           1           5           4
     1.58866     2.09597    -8.53889
    -0.91291     0.40815     0.00000
    -0.40815    -0.91291     0.00000
     0.00000     0.00000     1.00000
           0           1           6           1
    -1.56539     2.11341    -8.54749
     0.91738     0.39802     0.00000
     0.39802    -0.91738     0.00000
     0.00000    -0.00000    -1.00000
           0           1           6           2
    -1.56539     2.11341    -2.85549
     0.91738     0.39802     0.00000
     0.39802    -0.91738     0.00000
     0.00000    -0.00000    -1.00000
           0           1           6           3
    -1.56539     2.11341     2.83651
     0.91738     0.39802     0.00000
     0.39802    -0.91738     0.00000
     0.00000    -0.00000    -1.00000
           0           1           6           4
    -1.56539     2.11341     8.52851
     0.91738     0.39802     0.00000
     0.39802    -0.91738     0.00000
     0.00000    -0.00000    -1.00000
           0           1           7           1
    -2.34671     1.18739    -8.54105
     0.64159     0.76705    -0.00000
     0.76705    -0.64159    -0.00000
    -0.00000     0.00000    -1.00000
           0           1           7           2
    -2.34671     1.18739    -2.84905
     0.64159     0.76705    -0.00000
     0.76705    -0.64159    -0.00000
    -0.00000     0.00000    -1.00000
           0           1           7           3
    -2.34671     1.18739     2.84295
     0.64159     0.76705    -0.00000
     0.76705    -0.64159    -0.00000
    -0.00000     0.00000    -1.00000
           0           1           7           4
    -2.34671     1.18739     8.53495
     0.64159     0.76705    -0.00000
     0.76705    -0.64159    -0.00000
    -0.00000     0.00000    -1.00000
           0           1           8           1
    -2.63000     0.00879    -8.54229
     0.22943     0.97333    -0.00000
     0.97333    -0.22943    -0.00000
    -0.00000     0.00000    -1.00000
           0           1           8           2
    -2.62999     0.00879    -2.85029
     0.22943     0.97333    -0.00000
     0.97333    -0.22943    -0.00000
    -0.00000     0.00000    -1.00000
           0           1           8           3
    -2.62999     0.00879     2.84171
     0.22943     0.97333    -0.00000
     0.97333    -0.22943    -0.00000
    -0.00000     0.00000    -1.00000
           0           1           8           4
    -2.62999     0.00879     8.53371
     0.22943     0.97333    -0.00000
     0.97333    -0.22943    -0.00000
    -0.00000     0.00000    -1.00000
           0           1           9           1
    -2.34956    -1.18174    -8.53962
    -0.23563     0.97184    -0.00000
     0.97184     0.23563    -0.00000
    -0.00000    -0.00000    -1.00000
           0           1           9           2
    -2.34956    -1.18174    -2.84762
    -0.23563     0.97184    -0.00000
     0.97184     0.23563    -0.00000
    -0.00000    -0.00000    -1.00000
           0           1           9           3
    -2.34956    -1.18174     2.84438
    -0.23563     0.97184    -0.00000
     0.97184     0.23563    -0.00000
    -0.00000    -0.00000    -1.00000
           0           1           9           4
    -2.34956    -1.18174     8.53638
    -0.23563     0.97184    -0.00000
     0.97184     0.23563    -0.00000
    -0.00000    -0.00000    -1.00000
           0           1          10           1
    -1.55515    -2.12096    -8.54223
    -0.65180     0.75839    -0.00000
     0.75839     0.65180    -0.00000
    -0.00000    -0.00000    -1.00000
           0           1          10           2
    -1.55515    -2.12096    -2.85023
    -0.65180     0.75839    -0.00000
     0.75839     0.65180    -0.00000
    -0.00000    -0.00000    -1.00000
           0           1          10           3
    -1.55515    -2.12096     2.84177
    -0.65180     0.75839    -0.00000
     0.75839     0.65180    -0.00000
    -0.00000    -0.00000    -1.00000
           0           1          10           4
    -1.55515    -2.12096     8.53377
    -0.65180     0.75839    -0.00000
     0.75839     0.65180    -0.00000
    -0.00000    -0.00000    -1.00000
           0           2           1           1
     2.46645    -4.49817     8.53616
     0.74555     0.66645    -0.00000
    -0.66645     0.74555    -0.00000
    -0.00000     0.00000     1.00000
           0           2           1           2
     2.46645    -4.49817     2.84416
     0.74555     0.66645    -0.00000
    -0.66645     0.74555    -0.00000
    -0.00000     0.00000     1.00000
           0           2           1           3
     2.46645    -4.49817    -2.84784
     0.74555     0.66645    -0.00000
    -0.66645     0.74555    -0.00000
    -0.00000     0.00000     1.00000
           0           2           1           4
     2.46645    -4.49817    -8.53984
     0.74555     0.66645    -0.00000
    -0.66645     0.74555    -0.00000
    -0.00000     0.00000     1.00000
           0           2           2           1
     3.43981    -3.80587     8.53416
     0.57122     0.82080    -0.00000
    -0.82080     0.57122    -0.00000
     0.00000     0.00000     1.00000
           0           2           2           2
     3.43981    -3.80587     2.84217
     0.57122     0.82080    -0.00000
    -0.82080     0.57122    -0.00000
     0.00000     0.00000     1.00000
           0           2           2           3
     3.43981    -3.80587    -2.84983
     0.57122     0.82080    -0.00000
    -0.82080     0.57122    -0.00000
     0.00000     0.00000     1.00000
           0           2           2           4
     3.43981    -3.80587    -8.54184
     0.57122     0.82080    -0.00000
    -0.82080     0.57122    -0.00000
     0.00000     0.00000     1.00000
           0           2           3           1
     4.24210    -2.88471     8.53783
     0.36096     0.93258    -0.00000
    -0.93258     0.36096    -0.00000
    -0.00000     0.00000     1.00000
           0           2           3           2
     4.24210    -2.88471     2.84583
     0.36096     0.93258    -0.00000
    -0.93258     0.36096    -0.00000
    -0.00000     0.00000     1.00000
           0           2           3           3
     4.24210    -2.88471    -2.84617
     0.36096     0.93258    -0.00000
    -0.93258     0.36096    -0.00000
    -0.00000     0.00000     1.00000
           0           2           3           4
     4.24210    -2.88471    -8.53817
     0.36096     0.93258    -0.00000
    -0.93258     0.36096    -0.00000
    -0.00000     0.00000     1.00000
           0           2           4           1
     4.80389    -1.79991     8.54331
     0.13023     0.99148    -0.00000
    -0.99148     0.13023    -0.00000
    -0.00000     0.00000     1.00000
           0           2           4           2
     4.80389    -1.79991     2.85131
     0.13023     0.99148    -0.00000
    -0.99148     0.13023    -0.00000
    -0.00000     0.00000     1.00000
           0           2           4           3
     4.80389    -1.79991    -2.84069
     0.13023     0.99148    -0.00000
    -0.99148     0.13023    -0.00000
    -0.00000     0.00000     1.00000
           0           2           4           4
     4.80389    -1.79991    -8.53269
     0.13023     0.99148    -0.00000
    -0.99148     0.13023    -0.00000
    -0.00000     0.00000     1.00000
           0           2           5           1
     5.09282    -0.61645     8.54371
    -0.10722     0.99423     0.00000
    -0.99423    -0.10722     0.00000
     0.00000     0.00000     1.00000
           0           2           5           2
     5.09282    -0.61645     2.85171
    -0.10722     0.99423     0.00000
    -0.99423    -0.10722     0.00000
     0.00000     0.00000     1.00000
           0           2           5           3
     5.09282    -0.61645    -2.84029
    -0.10722     0.99423     0.00000
    -0.99423    -0.10722     0.00000
     0.00000     0.00000     1.00000
           0           2           5           4
     5.09282    -0.61645    -8.53229
    -0.10722     0.99423     0.00000
    -0.99423    -0.10722     0.00000
     0.00000     0.00000     1.00000
           0           2           6           1
     5.09609     0.58877     8.54223
    -0.33623     0.94178     0.00000
    -0.94178    -0.33623     0.00000
     0.00000     0.00000     1.00000
           0           2           6           2
     5.09609     0.58877     2.85023
    -0.33623     0.94178     0.00000
    -0.94178    -0.33623     0.00000
     0.00000     0.00000     1.00000
           0           2           6           3
     5.09609     0.58877    -2.84177
    -0.33623     0.94178     0.00000
    -0.94178    -0.33623     0.00000
     0.00000     0.00000     1.00000
           0           2           6           4
     5.09609     0.58877    -8.53377
    -0.33623     0.94178     0.00000
    -0.94178    -0.33623     0.00000
     0.00000     0.00000     1.00000
           0           2           7           1
     4.81134     1.77988     8.54474
    -0.54986     0.83525     0.00000
    -0.83525    -0.54986     0.00000
     0.00000     0.00000     1.00000
           0           2           7           2
     4.81134     1.77988     2.85274
    -0.54986     0.83525     0.00000
    -0.83525    -0.54986     0.00000
     0.00000     0.00000     1.00000
           0           2           7           3
     4.81134     1.77988    -2.83926
    -0.54986     0.83525     0.00000
    -0.83525    -0.54986     0.00000
     0.00000     0.00000     1.00000
           0           2           7           4
     4.81134     1.77988    -8.53126
    -0.54986     0.83525     0.00000
    -0.83525    -0.54986     0.00000
     0.00000     0.00000     1.00000
           0           2           8           1
     4.25357     2.86775     8.54257
    -0.73190     0.68142     0.00000
    -0.68142    -0.73190     0.00000
     0.00000     0.00000     1.00000
           0           2           8           2
     4.25357     2.86775     2.85057
    -0.73190     0.68142     0.00000
    -0.68142    -0.73190     0.00000
     0.00000     0.00000     1.00000
           0           2           8           3
     4.25357     2.86775    -2.84143
    -0.73190     0.68142     0.00000
    -0.68142    -0.73190     0.00000
     0.00000     0.00000     1.00000
           0           2           8           4
     4.25357     2.86775    -8.53343
    -0.73190     0.68142     0.00000
    -0.68142    -0.73190     0.00000
     0.00000     0.00000     1.00000
           0           2           9           1
     3.45545     3.79167     8.53847
    -0.87218     0.48919     0.00000
    -0.48919    -0.87218     0.00000
     0.00000     0.00000     1.00000
           0           2           9           2
     3.45545     3.79167     2.84647
    -0.87218     0.48919     0.00000
    -0.48919    -0.87218     0.00000
     0.00000     0.00000     1.00000
           0           2           9           3
     3.45545     3.79167    -2.84553
    -0.87218     0.48919     0.00000
    -0.48919    -0.87218     0.00000
     0.00000     0.00000     1.00000
           0           2           9           4
     3.45545     3.79167    -8.53753
    -0.87218     0.48919     0.00000
    -0.48919    -0.87218     0.00000
     0.00000     0.00000     1.00000
           0           2          10           1
     2.40667     4.53044     8.53405
    -0.96628     0.25748     0.00000
    -0.25748    -0.96628     0.00000
     0.00000     0.00000     1.00000
           0           2          10           2
     2.40667     4.53044     2.84205
    -0.96628     0.25748     0.00000
    -0.25748    -0.96628     0.00000
     0.00000     0.00000     1.00000
           0           2          10           3
     2.40667     4.53044    -2.84995
    -0.96628     0.25748     0.00000
    -0.25748    -0.96628     0.00000
     0.00000     0.00000     1.00000
           0           2          10           4
     2.40667     4.53044    -8.54195
    -0.96628     0.25748     0.00000
    -0.25748    -0.96628     0.00000
     0.00000     0.00000     1.00000
           0           2          11           1
    -2.47001     4.49622    -8.53980
     0.96257     0.27102     0.00000
     0.27102    -0.96257     0.00000
     0.00000    -0.00000    -1.00000
           0           2          11           2
    -2.47001     4.49622    -2.84780
     0.96257     0.27102     0.00000
     0.27102    -0.96257     0.00000
     0.00000    -0.00000    -1.00000
           0           2          11           3
    -2.47001     4.49622     2.84420
     0.96257     0.27102     0.00000
     0.27102    -0.96257     0.00000
     0.00000    -0.00000    -1.00000
           0           2          11           4
    -2.47001     4.49622     8.53620
     0.96257     0.27102     0.00000
     0.27102    -0.96257     0.00000
     0.00000    -0.00000    -1.00000
           0           2          12           1
    -3.45918     3.78827    -8.53800
     0.87170     0.49004     0.00000
     0.49004    -0.87170     0.00000
     0.00000    -0.00000    -1.00000
           0           2          12           2
    -3.45918     3.78827    -2.84600
     0.87170     0.49004     0.00000
     0.49004    -0.87170     0.00000
     0.00000    -0.00000    -1.00000
           0           2          12           3
    -3.45918     3.78827     2.84600
     0.87170     0.49004     0.00000
     0.49004    -0.87170     0.00000
     0.00000    -0.00000    -1.00000
           0           2          12           4
    -3.45918     3.78827     8.53800
     0.87170     0.49004     0.00000
     0.49004    -0.87170     0.00000
     0.00000    -0.00000    -1.00000
           0           2          13           1
    -4.25358     2.86774    -8.54142
     0.73189     0.68142     0.00000
     0.68142    -0.73189     0.00000
     0.00000    -0.00000    -1.00000
           0           2          13           2
    -4.25358     2.86774    -2.84942
     0.73189     0.68142     0.00000
     0.68142    -0.73189     0.00000
     0.00000    -0.00000    -1.00000
           0           2          13           3
    -4.25358     2.86774     2.84258
     0.73189     0.68142     0.00000
     0.68142    -0.73189     0.00000
     0.00000    -0.00000    -1.00000
           0           2          13           4
    -4.25358     2.86774     8.53458
     0.73189     0.68142     0.00000
     0.68142    -0.73189     0.00000
     0.00000    -0.00000    -1.00000
           0           2          14           1
    -4.80618     1.79378    -8.53638
     0.55228     0.83366    -0.00000
     0.83366    -0.55228    -0.00000
    -0.00000     0.00000    -1.00000
           0           2          14           2
    -4.80618     1.79378    -2.84438
     0.55228     0.83366    -0.00000
     0.83366    -0.55228    -0.00000
    -0.00000     0.00000    -1.00000
           0           2          14           3
    -4.80618     1.79378     2.84762
     0.55228     0.83366    -0.00000
     0.83366    -0.55228    -0.00000
    -0.00000     0.00000    -1.00000
           0           2          14           4
    -4.80618     1.79378     8.53962
     0.55228     0.83366    -0.00000
     0.83366    -0.55228    -0.00000
    -0.00000     0.00000    -1.00000
           0           2          15           1
    -5.09402     0.60647    -8.54068
     0.33950     0.94061    -0.00000
     0.94061    -0.33950    -0.00000
    -0.00000     0.00000    -1.00000
           0           2          15           2
    -5.09402     0.60647    -2.84868
     0.33950     0.94061    -0.00000
     0.94061    -0.33950    -0.00000
    -0.00000     0.00000    -1.00000
           0           2          15           3
    -5.09402     0.60647     2.84332
     0.33950     0.94061    -0.00000
     0.94061    -0.33950    -0.00000
    -0.00000     0.00000    -1.00000
           0           2          15           4
    -5.09402     0.60647     8.53532
     0.33950     0.94061    -0.00000
     0.94061    -0.33950    -0.00000
    -0.00000     0.00000    -1.00000
           0           2          16           1
    -5.09424    -0.60471    -8.53641
     0.10953     0.99398    -0.00000
     0.99398    -0.10953    -0.00000
    -0.00000     0.00000    -1.00000
           0           2          16           2
    -5.09424    -0.60471    -2.84441
     0.10953     0.99398    -0.00000
     0.99398    -0.10953    -0.00000
    -0.00000     0.00000    -1.00000
           0           2          16           3
    -5.09424    -0.60471     2.84759
     0.10953     0.99398    -0.00000
     0.99398    -0.10953    -0.00000
    -0.00000     0.00000    -1.00000
           0           2          16           4
    -5.09424    -0.60471     8.53959
     0.10953     0.99398    -0.00000
     0.99398    -0.10953    -0.00000
    -0.00000     0.00000    -1.00000
           0           2          17           1
    -4.80861    -1.78723    -8.53737
    -0.12762     0.99182    -0.00000
     0.99182     0.12762    -0.00000
    -0.00000    -0.00000    -1.00000
           0           2          17           2
    -4.80861    -1.78723    -2.84537
    -0.12762     0.99182    -0.00000
     0.99182     0.12762    -0.00000
    -0.00000    -0.00000    -1.00000
           0           2          17           3
    -4.80861    -1.78723     2.84663
    -0.12762     0.99182    -0.00000
     0.99182     0.12762    -0.00000
    -0.00000    -0.00000    -1.00000
           0           2          17           4
    -4.80861    -1.78723     8.53863
    -0.12762     0.99182    -0.00000
     0.99182     0.12762    -0.00000
    -0.00000    -0.00000    -1.00000
           0           2          18           1
    -4.25238    -2.86953    -8.54052
    -0.35763     0.93386    -0.00000
     0.93386     0.35763    -0.00000
    -0.00000    -0.00000    -1.00000
           0           2          18           2
    -4.25238    -2.86953    -2.84853
    -0.35763     0.93386    -0.00000
     0.93386     0.35763    -0.00000
    -0.00000    -0.00000    -1.00000
           0           2          18           3
    -4.25238    -2.86953     2.84347
    -0.35763     0.93386    -0.00000
     0.93386     0.35763    -0.00000
    -0.00000    -0.00000    -1.00000
           0           2          18           4
    -4.25238    -2.86953     8.53548
    -0.35763     0.93386    -0.00000
     0.93386     0.35763    -0.00000
    -0.00000    -0.00000    -1.00000
           0           2          19           1
    -3.45779    -3.78953    -8.54217
    -0.56733     0.82349    -0.00000
     0.82349     0.56733    -0.00000
    -0.00000    -0.00000    -1.00000
           0           2          19           2
    -3.45779    -3.78953    -2.85017
    -0.56733     0.82349    -0.00000
     0.82349     0.56733    -0.00000
    -0.00000    -0.00000    -1.00000
           0           2          19           3
    -3.45779    -3.78953     2.84183
    -0.56733     0.82349    -0.00000
     0.82349     0.56733    -0.00000
    -0.00000    -0.00000    -1.00000
           0           2          19           4
    -3.45779    -3.78953     8.53382
    -0.56733     0.82349    -0.00000
     0.82349     0.56733    -0.00000
    -0.00000    -0.00000    -1.00000
           0           2          20           1
    -2.46213    -4.50054    -8.54403
    -0.74619     0.66574    -0.00000
     0.66574     0.74619    -0.00000
    -0.00000    -0.00000    -1.00000
           0           2          20           2
    -2.46213    -4.50054    -2.85205
    -0.74619     0.66574    -0.00000
     0.66574     0.74619    -0.00000
    -0.00000    -0.00000    -1.00000
           0           2          20           3
    -2.46213    -4.50054     2.83995
    -0.74619     0.66574    -0.00000
     0.66574     0.74619    -0.00000
    -0.00000    -0.00000    -1.00000
           0           2          20           4
    -2.46213    -4.50054     8.53197
    -0.74619     0.66574    -0.00000
     0.66574     0.74619    -0.00000
    -0.00000    -0.00000    -1.00000
           0           3           1           1
     5.62410   -10.33367    12.74865
    -0.87834    -0.47804    -0.00000
    -0.47804     0.87834    -0.00000
     0.00000    -0.00000    -1.00000
           0           3           1           2
     5.62410   -10.33367     6.37325
    -0.87834    -0.47804    -0.00000
    -0.47804     0.87834    -0.00000
     0.00000    -0.00000    -1.00000
           0           3           1           3
     5.62410   -10.33367    -0.00215
    -0.87834    -0.47804    -0.00000
    -0.47804     0.87834    -0.00000
     0.00000    -0.00000    -1.00000
           0           3           1           4
     5.62410   -10.33367    -6.37755
    -0.87834    -0.47804    -0.00000
    -0.47804     0.87834    -0.00000
     0.00000    -0.00000    -1.00000
           0           3           1           5
     5.62410   -10.33367   -12.75296
    -0.87834    -0.47804    -0.00000
    -0.47804     0.87834    -0.00000
     0.00000    -0.00000    -1.00000
           0           3           2           1
     7.51499    -7.13124    12.73925
    -0.68835    -0.72538     0.00000
    -0.72538     0.68835     0.00000
    -0.00000     0.00000    -1.00000
           0           3           2           2
     7.51499    -7.13124     6.36385
    -0.68835    -0.72538     0.00000
    -0.72538     0.68835     0.00000
    -0.00000     0.00000    -1.00000
           0           3           2           3
     7.51499    -7.13124    -0.01155
    -0.68835    -0.72538     0.00000
    -0.72538     0.68835     0.00000
    -0.00000     0.00000    -1.00000
           0           3           2           4
     7.51499    -7.13124    -6.38694
    -0.68835    -0.72538     0.00000
    -0.72538     0.68835     0.00000
    -0.00000     0.00000    -1.00000
           0           3           2           5
     7.51499    -7.13124   -12.76235
    -0.68835    -0.72538     0.00000
    -0.72538     0.68835     0.00000
    -0.00000     0.00000    -1.00000
           0           3           3           1
    11.53474    -5.65869    12.75643
    -0.44042    -0.89779     0.00000
    -0.89779     0.44042     0.00000
    -0.00000     0.00000    -1.00000
           0           3           3           2
    11.53474    -5.65869     6.38104
    -0.44042    -0.89779     0.00000
    -0.89779     0.44042     0.00000
    -0.00000     0.00000    -1.00000
           0           3           3           3
    11.53474    -5.65869     0.00564
    -0.44042    -0.89779     0.00000
    -0.89779     0.44042     0.00000
    -0.00000     0.00000    -1.00000
           0           3           3           4
    11.53474    -5.65869    -6.36976
    -0.44042    -0.89779     0.00000
    -0.89779     0.44042     0.00000
    -0.00000     0.00000    -1.00000
           0           3           3           5
    11.53474    -5.65869   -12.74517
    -0.44042    -0.89779     0.00000
    -0.89779     0.44042     0.00000
    -0.00000     0.00000    -1.00000
           0           3           4           1
    11.58200    -2.06702    12.75065
    -0.17570    -0.98444     0.00000
    -0.98444     0.17570     0.00000
    -0.00000     0.00000    -1.00000
           0           3           4           2
    11.58200    -2.06702     6.37525
    -0.17570    -0.98444     0.00000
    -0.98444     0.17570     0.00000
    -0.00000     0.00000    -1.00000
           0           3           4           3
    11.58200    -2.06702    -0.00015
    -0.17570    -0.98444     0.00000
    -0.98444     0.17570     0.00000
    -0.00000     0.00000    -1.00000
           0           3           4           4
    11.58200    -2.06702    -6.37555
    -0.17570    -0.98444     0.00000
    -0.98444     0.17570     0.00000
    -0.00000     0.00000    -1.00000
           0           3           4           5
    11.58200    -2.06702   -12.75095
    -0.17570    -0.98444     0.00000
    -0.98444     0.17570     0.00000
    -0.00000     0.00000    -1.00000
           0           3           5           1
    10.26289     1.41517    12.74276
     0.13659    -0.99063     0.00000
    -0.99063    -0.13659     0.00000
    -0.00000    -0.00000    -1.00000
           0           3           5           2
    10.26289     1.41517     6.36736
     0.13659    -0.99063     0.00000
    -0.99063    -0.13659     0.00000
    -0.00000    -0.00000    -1.00000
           0           3           5           3
    10.26289     1.41517    -0.00804
     0.13659    -0.99063     0.00000
    -0.99063    -0.13659     0.00000
    -0.00000    -0.00000    -1.00000
           0           3           5           4
    10.26289     1.41517    -6.38344
     0.13659    -0.99063     0.00000
    -0.99063    -0.13659     0.00000
    -0.00000    -0.00000    -1.00000
           0           3           5           5
    10.26289     1.41517   -12.75884
     0.13659    -0.99063     0.00000
    -0.99063    -0.13659     0.00000
    -0.00000    -0.00000    -1.00000
           0           3           6           1
    11.64126     5.43620    12.75086
     0.42313    -0.90607     0.00000
    -0.90607    -0.42313     0.00000
    -0.00000    -0.00000    -1.00000
           0           3           6           2
    11.64126     5.43620     6.37546
     0.42313    -0.90607     0.00000
    -0.90607    -0.42313     0.00000
    -0.00000    -0.00000    -1.00000
           0           3           6           3
    11.64126     5.43620     0.00006
     0.42313    -0.90607     0.00000
    -0.90607    -0.42313     0.00000
    -0.00000    -0.00000    -1.00000
           0           3           6           4
    11.64126     5.43620    -6.37534
     0.42313    -0.90607     0.00000
    -0.90607    -0.42313     0.00000
    -0.00000    -0.00000    -1.00000
           0           3           6           5
    11.64126     5.43620   -12.75074
     0.42313    -0.90607     0.00000
    -0.90607    -0.42313     0.00000
    -0.00000    -0.00000    -1.00000
           0           3           7           1
     8.87588     7.72229    12.74945
     0.65638    -0.75443     0.00000
    -0.75443    -0.65638     0.00000
    -0.00000    -0.00000    -1.00000
           0           3           7           2
     8.87588     7.72229     6.37405
     0.65638    -0.75443     0.00000
    -0.75443    -0.65638     0.00000
    -0.00000    -0.00000    -1.00000
           0           3           7           3
     8.87588     7.72229    -0.00135
     0.65638    -0.75443     0.00000
    -0.75443    -0.65638     0.00000
    -0.00000    -0.00000    -1.00000
           0           3           7           4
     8.87588     7.72229    -6.37675
     0.65638    -0.75443     0.00000
    -0.75443    -0.65638     0.00000
    -0.00000    -0.00000    -1.00000
           0           3           7           5
     8.87588     7.72229   -12.75215
     0.65638    -0.75443     0.00000
    -0.75443    -0.65638     0.00000
    -0.00000    -0.00000    -1.00000
           0           3           8           1
     5.31642     8.89187    12.74315
     0.85829    -0.51316     0.00000
    -0.51316    -0.85829     0.00000
    -0.00000    -0.00000    -1.00000
           0           3           8           2
     5.31642     8.89187     6.36775
     0.85829    -0.51316     0.00000
    -0.51316    -0.85829     0.00000
    -0.00000    -0.00000    -1.00000
           0           3           8           3
     5.31642     8.89187    -0.00765
     0.85829    -0.51316     0.00000
    -0.51316    -0.85829     0.00000
    -0.00000    -0.00000    -1.00000
           0           3           8           4
     5.31642     8.89187    -6.38305
     0.85829    -0.51316     0.00000
    -0.51316    -0.85829     0.00000
    -0.00000    -0.00000    -1.00000
           0           3           8           5
     5.31642     8.89187   -12.75845
     0.85829    -0.51316     0.00000
    -0.51316    -0.85829     0.00000
    -0.00000    -0.00000    -1.00000
           0           3           9           1
    -5.31006     8.89567   -12.72802
    -0.85865    -0.51256    -0.00000
     0.51256    -0.85865    -0.00000
     0.00000     0.00000     1.00000
           0           3           9           2
    -5.31006     8.89567    -6.35262
    -0.85865    -0.51256    -0.00000
     0.51256    -0.85865    -0.00000
     0.00000     0.00000     1.00000
           0           3           9           3
    -5.31006     8.89567     0.02278
    -0.85865    -0.51256    -0.00000
     0.51256    -0.85865    -0.00000
     0.00000     0.00000     1.00000
           0           3           9           4
    -5.31006     8.89567     6.39818
    -0.85865    -0.51256    -0.00000
     0.51256    -0.85865    -0.00000
     0.00000     0.00000     1.00000
           0           3           9           5
    -5.31006     8.89567    12.77358
    -0.85865    -0.51256    -0.00000
     0.51256    -0.85865    -0.00000
     0.00000     0.00000     1.00000
           0           3          10           1
    -8.85046     7.75142   -12.74352
    -0.65886    -0.75227    -0.00000
     0.75227    -0.65886    -0.00000
     0.00000    -0.00000     1.00000
           0           3          10           2
    -8.85046     7.75142    -6.36811
    -0.65886    -0.75227    -0.00000
     0.75227    -0.65886    -0.00000
     0.00000    -0.00000     1.00000
           0           3          10           3
    -8.85046     7.75142     0.00728
    -0.65886    -0.75227    -0.00000
     0.75227    -0.65886    -0.00000
     0.00000    -0.00000     1.00000
           0           3          10           4
    -8.85046     7.75142     6.38269
    -0.65886    -0.75227    -0.00000
     0.75227    -0.65886    -0.00000
     0.00000    -0.00000     1.00000
           0           3          10           5
    -8.85046     7.75142    12.75809
    -0.65886    -0.75227    -0.00000
     0.75227    -0.65886    -0.00000
     0.00000    -0.00000     1.00000
           0           3          11           1
   -11.62669     5.46727   -12.73722
    -0.42553    -0.90494    -0.00000
     0.90494    -0.42553    -0.00000
     0.00000    -0.00000     1.00000
           0           3          11           2
   -11.62669     5.46727    -6.36182
    -0.42553    -0.90494    -0.00000
     0.90494    -0.42553    -0.00000
     0.00000    -0.00000     1.00000
           0           3          11           3
   -11.62669     5.46727     0.01358
    -0.42553    -0.90494    -0.00000
     0.90494    -0.42553    -0.00000
     0.00000    -0.00000     1.00000
           0           3          11           4
   -11.62669     5.46727     6.38898
    -0.42553    -0.90494    -0.00000
     0.90494    -0.42553    -0.00000
     0.00000    -0.00000     1.00000
           0           3          11           5
   -11.62669     5.46727    12.76438
    -0.42553    -0.90494    -0.00000
     0.90494    -0.42553    -0.00000
     0.00000    -0.00000     1.00000
           0           3          12           1
   -10.26545     1.39652   -12.74022
    -0.13479    -0.99087    -0.00000
     0.99087    -0.13479    -0.00000
     0.00000     0.00000     1.00000
           0           3          12           2
   -10.26545     1.39652    -6.36482
    -0.13479    -0.99087    -0.00000
     0.99087    -0.13479    -0.00000
     0.00000     0.00000     1.00000
           0           3          12           3
   -10.26545     1.39652     0.01058
    -0.13479    -0.99087    -0.00000
     0.99087    -0.13479    -0.00000
     0.00000     0.00000     1.00000
           0           3          12           4
   -10.26545     1.39652     6.38598
    -0.13479    -0.99087    -0.00000
     0.99087    -0.13479    -0.00000
     0.00000     0.00000     1.00000
           0           3          12           5
   -10.26545     1.39652    12.76138
    -0.13479    -0.99087    -0.00000
     0.99087    -0.13479    -0.00000
     0.00000     0.00000     1.00000
           0           3          13           1
   -11.58116    -2.07179   -12.73066
     0.17610    -0.98437    -0.00000
     0.98437     0.17610    -0.00000
     0.00000     0.00000     1.00000
           0           3          13           2
   -11.58116    -2.07179    -6.35526
     0.17610    -0.98437    -0.00000
     0.98437     0.17610    -0.00000
     0.00000     0.00000     1.00000
           0           3          13           3
   -11.58116    -2.07179     0.02014
     0.17610    -0.98437    -0.00000
     0.98437     0.17610    -0.00000
     0.00000     0.00000     1.00000
           0           3          13           4
   -11.58116    -2.07179     6.39554
     0.17610    -0.98437    -0.00000
     0.98437     0.17610    -0.00000
     0.00000     0.00000     1.00000
           0           3          13           5
   -11.58116    -2.07179    12.77094
     0.17610    -0.98437    -0.00000
     0.98437     0.17610    -0.00000
     0.00000     0.00000     1.00000
           0           3          14           1
   -11.52992    -5.66851   -12.74234
     0.44120    -0.89741    -0.00000
     0.89741     0.44120    -0.00000
     0.00000     0.00000     1.00000
           0           3          14           2
   -11.52992    -5.66851    -6.36694
     0.44120    -0.89741    -0.00000
     0.89741     0.44120    -0.00000
     0.00000     0.00000     1.00000
           0           3          14           3
   -11.52992    -5.66851     0.00846
     0.44120    -0.89741    -0.00000
     0.89741     0.44120    -0.00000
     0.00000     0.00000     1.00000
           0           3          14           4
   -11.52992    -5.66851     6.38386
     0.44120    -0.89741    -0.00000
     0.89741     0.44120    -0.00000
     0.00000     0.00000     1.00000
           0           3          14           5
   -11.52992    -5.66851    12.75926
     0.44120    -0.89741    -0.00000
     0.89741     0.44120    -0.00000
     0.00000     0.00000     1.00000
           0           3          15           1
    -7.52765    -7.11787   -12.74529
     0.68706    -0.72660    -0.00000
     0.72660     0.68706    -0.00000
     0.00000     0.00000     1.00000
           0           3          15           2
    -7.52765    -7.11787    -6.36989
     0.68706    -0.72660    -0.00000
     0.72660     0.68706    -0.00000
     0.00000     0.00000     1.00000
           0           3          15           3
    -7.52765    -7.11787     0.00551
     0.68706    -0.72660    -0.00000
     0.72660     0.68706    -0.00000
     0.00000     0.00000     1.00000
           0           3          15           4
    -7.52765    -7.11787     6.38091
     0.68706    -0.72660    -0.00000
     0.72660     0.68706    -0.00000
     0.00000     0.00000     1.00000
           0           3          15           5
    -7.52765    -7.11787    12.75631
     0.68706    -0.72660    -0.00000
     0.72660     0.68706    -0.00000
     0.00000     0.00000     1.00000
           0           3          16           1
    -5.63721   -10.32654   -12.74723
     0.87773    -0.47915    -0.00000
     0.47915     0.87773    -0.00000
     0.00000     0.00000     1.00000
           0           3          16           2
    -5.63721   -10.32654    -6.37183
     0.87773    -0.47915    -0.00000
     0.47915     0.87773    -0.00000
     0.00000     0.00000     1.00000
           0           3          16           3
    -5.63721   -10.32654     0.00357
     0.87773    -0.47915    -0.00000
     0.47915     0.87773    -0.00000
     0.00000     0.00000     1.00000
           0           3          16           4
    -5.63721   -10.32654     6.37897
     0.87773    -0.47915    -0.00000
     0.47915     0.87773    -0.00000
     0.00000     0.00000     1.00000
           0           3          16           5
    -5.63721   -10.32654    12.75437
     0.87773    -0.47915    -0.00000
     0.47915     0.87773    -0.00000
     0.00000     0.00000     1.00000
           0           4           1           1
     6.50014   -14.04144   -15.93622
     0.90748     0.42010    -0.00000
    -0.42010     0.90748    -0.00000
     0.00000     0.00000     1.00000
           0           4           1           2
     6.50014   -14.04144    -9.56082
     0.90748     0.42010    -0.00000
    -0.42010     0.90748    -0.00000
     0.00000     0.00000     1.00000
           0           4           1           3
     6.50014   -14.04144    -3.18542
     0.90748     0.42010    -0.00000
    -0.42010     0.90748    -0.00000
     0.00000     0.00000     1.00000
           0           4           1           4
     6.50014   -14.04144     3.18998
     0.90748     0.42010    -0.00000
    -0.42010     0.90748    -0.00000
     0.00000     0.00000     1.00000
           0           4           1           5
     6.50014   -14.04144     9.56538
     0.90748     0.42010    -0.00000
    -0.42010     0.90748    -0.00000
     0.00000     0.00000     1.00000
           0           4           1           6
     6.50014   -14.04144    15.94078
     0.90748     0.42010    -0.00000
    -0.42010     0.90748    -0.00000
     0.00000     0.00000     1.00000
           0           4           2           1
    10.08920   -13.29151   -15.93885
     0.79652     0.60461    -0.00000
    -0.60461     0.79652    -0.00000
    -0.00000     0.00000     1.00000
           0           4           2           2
    10.08920   -13.29151    -9.56345
     0.79652     0.60461    -0.00000
    -0.60461     0.79652    -0.00000
    -0.00000     0.00000     1.00000
           0           4           2           3
    10.08920   -13.29151    -3.18805
     0.79652     0.60461    -0.00000
    -0.60461     0.79652    -0.00000
    -0.00000     0.00000     1.00000
           0           4           2           4
    10.08920   -13.29151     3.18735
     0.79652     0.60461    -0.00000
    -0.60461     0.79652    -0.00000
    -0.00000     0.00000     1.00000
           0           4           2           5
    10.08920   -13.29151     9.56275
     0.79652     0.60461    -0.00000
    -0.60461     0.79652    -0.00000
    -0.00000     0.00000     1.00000
           0           4           2           6
    10.08920   -13.29151    15.93815
     0.79652     0.60461    -0.00000
    -0.60461     0.79652    -0.00000
    -0.00000     0.00000     1.00000
           0           4           3           1
    13.48662   -11.77100   -15.95366
     0.65757     0.75340    -0.00000
    -0.75340     0.65757    -0.00000
    -0.00000     0.00000     1.00000
           0           4           3           2
    13.48662   -11.77100    -9.57827
     0.65757     0.75340    -0.00000
    -0.75340     0.65757    -0.00000
    -0.00000     0.00000     1.00000
           0           4           3           3
    13.48662   -11.77100    -3.20286
     0.65757     0.75340    -0.00000
    -0.75340     0.65757    -0.00000
    -0.00000     0.00000     1.00000
           0           4           3           4
    13.48662   -11.77100     3.17253
     0.65757     0.75340    -0.00000
    -0.75340     0.65757    -0.00000
    -0.00000     0.00000     1.00000
           0           4           3           5
    13.48662   -11.77100     9.54794
     0.65757     0.75340    -0.00000
    -0.75340     0.65757    -0.00000
    -0.00000     0.00000     1.00000
           0           4           3           6
    13.48662   -11.77100    15.92333
     0.65757     0.75340    -0.00000
    -0.75340     0.65757    -0.00000
    -0.00000     0.00000     1.00000
           0           4           4           1
    13.53757    -7.49320   -15.92755
     0.48427     0.87492    -0.00000
    -0.87492     0.48427    -0.00000
     0.00000     0.00000     1.00000
           0           4           4           2
    13.53757    -7.49320    -9.55215
     0.48427     0.87492    -0.00000
    -0.87492     0.48427    -0.00000
     0.00000     0.00000     1.00000
           0           4           4           3
    13.53757    -7.49320    -3.17675
     0.48427     0.87492    -0.00000
    -0.87492     0.48427    -0.00000
     0.00000     0.00000     1.00000
           0           4           4           4
    13.53757    -7.49320     3.19865
     0.48427     0.87492    -0.00000
    -0.87492     0.48427    -0.00000
     0.00000     0.00000     1.00000
           0           4           4           5
    13.53757    -7.49320     9.57405
     0.48427     0.87492    -0.00000
    -0.87492     0.48427    -0.00000
     0.00000     0.00000     1.00000
           0           4           4           6
    13.53757    -7.49320    15.94945
     0.48427     0.87492    -0.00000
    -0.87492     0.48427    -0.00000
     0.00000     0.00000     1.00000
           0           4           5           1
    15.99645    -4.75077   -15.93108
     0.28469     0.95862    -0.00000
    -0.95862     0.28469    -0.00000
     0.00000     0.00000     1.00000
           0           4           5           2
    15.99645    -4.75077    -9.55568
     0.28469     0.95862    -0.00000
    -0.95862     0.28469    -0.00000
     0.00000     0.00000     1.00000
           0           4           5           3
    15.99645    -4.75077    -3.18028
     0.28469     0.95862    -0.00000
    -0.95862     0.28469    -0.00000
     0.00000     0.00000     1.00000
           0           4           5           4
    15.99645    -4.75077     3.19512
     0.28469     0.95862    -0.00000
    -0.95862     0.28469    -0.00000
     0.00000     0.00000     1.00000
           0           4           5           5
    15.99645    -4.75077     9.57052
     0.28469     0.95862    -0.00000
    -0.95862     0.28469    -0.00000
     0.00000     0.00000     1.00000
           0           4           5           6
    15.99645    -4.75077    15.94592
     0.28469     0.95862    -0.00000
    -0.95862     0.28469    -0.00000
     0.00000     0.00000     1.00000
           0           4           6           1
    17.83279    -1.56109   -15.92645
     0.08721     0.99619    -0.00000
    -0.99619     0.08721    -0.00000
     0.00000     0.00000     1.00000
           0           4           6           2
    17.83279    -1.56109    -9.55105
     0.08721     0.99619    -0.00000
    -0.99619     0.08721    -0.00000
     0.00000     0.00000     1.00000
           0           4           6           3
    17.83279    -1.56109    -3.17565
     0.08721     0.99619    -0.00000
    -0.99619     0.08721    -0.00000
     0.00000     0.00000     1.00000
           0           4           6           4
    17.83279    -1.56109     3.19975
     0.08721     0.99619    -0.00000
    -0.99619     0.08721    -0.00000
     0.00000     0.00000     1.00000
           0           4           6           5
    17.83279    -1.56109     9.57515
     0.08721     0.99619    -0.00000
    -0.99619     0.08721    -0.00000
     0.00000     0.00000     1.00000
           0           4           6           6
    17.83279    -1.56109    15.95055
     0.08721     0.99619    -0.00000
    -0.99619     0.08721    -0.00000
     0.00000     0.00000     1.00000
           0           4           7           1
    15.35786     1.88410   -15.93656
    -0.12177     0.99256     0.00000
    -0.99256    -0.12177     0.00000
     0.00000     0.00000     1.00000
           0           4           7           2
    15.35786     1.88410    -9.56116
    -0.12177     0.99256     0.00000
    -0.99256    -0.12177     0.00000
     0.00000     0.00000     1.00000
           0           4           7           3
    15.35786     1.88410    -3.18576
    -0.12177     0.99256     0.00000
    -0.99256    -0.12177     0.00000
     0.00000     0.00000     1.00000
           0           4           7           4
    15.35786     1.88410     3.18964
    -0.12177     0.99256     0.00000
    -0.99256    -0.12177     0.00000
     0.00000     0.00000     1.00000
           0           4           7           5
    15.35786     1.88410     9.56504
    -0.12177     0.99256     0.00000
    -0.99256    -0.12177     0.00000
     0.00000     0.00000     1.00000
           0           4           7           6
    15.35786     1.88410    15.94044
    -0.12177     0.99256     0.00000
    -0.99256    -0.12177     0.00000
     0.00000     0.00000     1.00000
           0           4           8           1
    15.73750     5.54863   -15.94156
    -0.33252     0.94309     0.00000
    -0.94309    -0.33252     0.00000
     0.00000     0.00000     1.00000
           0           4           8           2
    15.73750     5.54863    -9.56616
    -0.33252     0.94309     0.00000
    -0.94309    -0.33252     0.00000
     0.00000     0.00000     1.00000
           0           4           8           3
    15.73750     5.54863    -3.19076
    -0.33252     0.94309     0.00000
    -0.94309    -0.33252     0.00000
     0.00000     0.00000     1.00000
           0           4           8           4
    15.73750     5.54863     3.18464
    -0.33252     0.94309     0.00000
    -0.94309    -0.33252     0.00000
     0.00000     0.00000     1.00000
           0           4           8           5
    15.73750     5.54863     9.56004
    -0.33252     0.94309     0.00000
    -0.94309    -0.33252     0.00000
     0.00000     0.00000     1.00000
           0           4           8           6
    15.73750     5.54863    15.93543
    -0.33252     0.94309     0.00000
    -0.94309    -0.33252     0.00000
     0.00000     0.00000     1.00000
           0           4           9           1
    15.34219     9.22297   -15.93890
    -0.51523     0.85705     0.00000
    -0.85705    -0.51523     0.00000
     0.00000     0.00000     1.00000
           0           4           9           2
    15.34219     9.22297    -9.56351
    -0.51523     0.85705     0.00000
    -0.85705    -0.51523     0.00000
     0.00000     0.00000     1.00000
           0           4           9           3
    15.34219     9.22297    -3.18811
    -0.51523     0.85705     0.00000
    -0.85705    -0.51523     0.00000
     0.00000     0.00000     1.00000
           0           4           9           4
    15.34219     9.22297     3.18729
    -0.51523     0.85705     0.00000
    -0.85705    -0.51523     0.00000
     0.00000     0.00000     1.00000
           0           4           9           5
    15.34219     9.22297     9.56268
    -0.51523     0.85705     0.00000
    -0.85705    -0.51523     0.00000
     0.00000     0.00000     1.00000
           0           4           9           6
    15.34219     9.22297    15.93809
    -0.51523     0.85705     0.00000
    -0.85705    -0.51523     0.00000
     0.00000     0.00000     1.00000
           0           4          10           1
    11.32903    10.53883   -15.94954
    -0.68111     0.73218     0.00000
    -0.73218    -0.68111     0.00000
     0.00000     0.00000     1.00000
           0           4          10           2
    11.32903    10.53883    -9.57414
    -0.68111     0.73218     0.00000
    -0.73218    -0.68111     0.00000
     0.00000     0.00000     1.00000
           0           4          10           3
    11.32903    10.53883    -3.19874
    -0.68111     0.73218     0.00000
    -0.73218    -0.68111     0.00000
     0.00000     0.00000     1.00000
           0           4          10           4
    11.32903    10.53883     3.17666
    -0.68111     0.73218     0.00000
    -0.73218    -0.68111     0.00000
     0.00000     0.00000     1.00000
           0           4          10           5
    11.32903    10.53883     9.55206
    -0.68111     0.73218     0.00000
    -0.73218    -0.68111     0.00000
     0.00000     0.00000     1.00000
           0           4          10           6
    11.32903    10.53883    15.92746
    -0.68111     0.73218     0.00000
    -0.73218    -0.68111     0.00000
     0.00000     0.00000     1.00000
           0           4          11           1
     9.46122    13.74559   -15.93850
    -0.82373     0.56698     0.00000
    -0.56698    -0.82373     0.00000
     0.00000     0.00000     1.00000
           0           4          11           2
     9.46122    13.74559    -9.56310
    -0.82373     0.56698     0.00000
    -0.56698    -0.82373     0.00000
     0.00000     0.00000     1.00000
           0           4          11           3
     9.46122    13.74559    -3.18770
    -0.82373     0.56698     0.00000
    -0.56698    -0.82373     0.00000
     0.00000     0.00000     1.00000
           0           4          11           4
     9.46122    13.74559     3.18770
    -0.82373     0.56698     0.00000
    -0.56698    -0.82373     0.00000
     0.00000     0.00000     1.00000
           0           4          11           5
     9.46122    13.74559     9.56310
    -0.82373     0.56698     0.00000
    -0.56698    -0.82373     0.00000
     0.00000     0.00000     1.00000
           0           4          11           6
     9.46122    13.74559    15.93850
    -0.82373     0.56698     0.00000
    -0.56698    -0.82373     0.00000
     0.00000     0.00000     1.00000
           0           4          12           1
     6.99937    16.47589   -15.93281
    -0.92039     0.39100     0.00000
    -0.39100    -0.92039     0.00000
     0.00000     0.00000     1.00000
           0           4          12           2
     6.99937    16.47589    -9.55739
    -0.92039     0.39100     0.00000
    -0.39100    -0.92039     0.00000
     0.00000     0.00000     1.00000
           0           4          12           3
     6.99937    16.47589    -3.18201
    -0.92039     0.39100     0.00000
    -0.39100    -0.92039     0.00000
     0.00000     0.00000     1.00000
           0           4          12           4
     6.99937    16.47589     3.19339
    -0.92039     0.39100     0.00000
    -0.39100    -0.92039     0.00000
     0.00000     0.00000     1.00000
           0           4          12           5
     6.99937    16.47589     9.56880
    -0.92039     0.39100     0.00000
    -0.39100    -0.92039     0.00000
     0.00000     0.00000     1.00000
           0           4          12           6
     6.99937    16.47589    15.94419
    -0.92039     0.39100     0.00000
    -0.39100    -0.92039     0.00000
     0.00000     0.00000     1.00000
           0           4          13           1
    -6.98826    16.48061    15.92723
     0.92066     0.39037     0.00000
     0.39037    -0.92066     0.00000
     0.00000    -0.00000    -1.00000
           0           4          13           2
    -6.98826    16.48061     9.55183
     0.92066     0.39037     0.00000
     0.39037    -0.92066     0.00000
     0.00000    -0.00000    -1.00000
           0           4          13           3
    -6.98826    16.48061     3.17643
     0.92066     0.39037     0.00000
     0.39037    -0.92066     0.00000
     0.00000    -0.00000    -1.00000
           0           4          13           4
    -6.98826    16.48061    -3.19897
     0.92066     0.39037     0.00000
     0.39037    -0.92066     0.00000
     0.00000    -0.00000    -1.00000
           0           4          13           5
    -6.98826    16.48061    -9.57437
     0.92066     0.39037     0.00000
     0.39037    -0.92066     0.00000
     0.00000    -0.00000    -1.00000
           0           4          13           6
    -6.98826    16.48061   -15.94977
     0.92066     0.39037     0.00000
     0.39037    -0.92066     0.00000
     0.00000    -0.00000    -1.00000
           0           4          14           1
    -9.46321    13.74422    15.93814
     0.82366     0.56709     0.00000
     0.56709    -0.82366     0.00000
     0.00000    -0.00000    -1.00000
           0           4          14           2
    -9.46321    13.74422     9.56274
     0.82366     0.56709     0.00000
     0.56709    -0.82366     0.00000
     0.00000    -0.00000    -1.00000
           0           4          14           3
    -9.46321    13.74422     3.18734
     0.82366     0.56709     0.00000
     0.56709    -0.82366     0.00000
     0.00000    -0.00000    -1.00000
           0           4          14           4
    -9.46321    13.74422    -3.18806
     0.82366     0.56709     0.00000
     0.56709    -0.82366     0.00000
     0.00000    -0.00000    -1.00000
           0           4          14           5
    -9.46321    13.74422    -9.56346
     0.82366     0.56709     0.00000
     0.56709    -0.82366     0.00000
     0.00000    -0.00000    -1.00000
           0           4          14           6
    -9.46321    13.74422   -15.93885
     0.82366     0.56709     0.00000
     0.56709    -0.82366     0.00000
     0.00000    -0.00000    -1.00000
           0           4          15           1
   -11.30177    10.56805    15.94509
     0.68299     0.73042    -0.00000
     0.73042    -0.68299    -0.00000
    -0.00000     0.00000    -1.00000
           0           4          15           2
   -11.30177    10.56805     9.56969
     0.68299     0.73042    -0.00000
     0.73042    -0.68299    -0.00000
    -0.00000     0.00000    -1.00000
           0           4          15           3
   -11.30177    10.56805     3.19429
     0.68299     0.73042    -0.00000
     0.73042    -0.68299    -0.00000
    -0.00000     0.00000    -1.00000
           0           4          15           4
   -11.30177    10.56805    -3.18111
     0.68299     0.73042    -0.00000
     0.73042    -0.68299    -0.00000
    -0.00000     0.00000    -1.00000
           0           4          15           5
   -11.30177    10.56805    -9.55651
     0.68299     0.73042    -0.00000
     0.73042    -0.68299    -0.00000
    -0.00000     0.00000    -1.00000
           0           4          15           6
   -11.30177    10.56805   -15.93191
     0.68299     0.73042    -0.00000
     0.73042    -0.68299    -0.00000
    -0.00000     0.00000    -1.00000
           0           4          16           1
   -15.33185     9.24013    15.94039
     0.51617     0.85649    -0.00000
     0.85649    -0.51617    -0.00000
    -0.00000     0.00000    -1.00000
           0           4          16           2
   -15.33185     9.24013     9.56499
     0.51617     0.85649    -0.00000
     0.85649    -0.51617    -0.00000
    -0.00000     0.00000    -1.00000
           0           4          16           3
   -15.33185     9.24013     3.18959
     0.51617     0.85649    -0.00000
     0.85649    -0.51617    -0.00000
    -0.00000     0.00000    -1.00000
           0           4          16           4
   -15.33185     9.24013    -3.18581
     0.51617     0.85649    -0.00000
     0.85649    -0.51617    -0.00000
    -0.00000     0.00000    -1.00000
           0           4          16           5
   -15.33185     9.24013    -9.56121
     0.51617     0.85649    -0.00000
     0.85649    -0.51617    -0.00000
    -0.00000     0.00000    -1.00000
           0           4          16           6
   -15.33185     9.24013   -15.93661
     0.51617     0.85649    -0.00000
     0.85649    -0.51617    -0.00000
    -0.00000     0.00000    -1.00000
           0           4          17           1
   -15.73859     5.54552    15.93850
     0.33233     0.94316    -0.00000
     0.94316    -0.33233    -0.00000
    -0.00000     0.00000    -1.00000
           0           4          17           2
   -15.73859     5.54552     9.56310
     0.33233     0.94316    -0.00000
     0.94316    -0.33233    -0.00000
    -0.00000     0.00000    -1.00000
           0           4          17           3
   -15.73859     5.54552     3.18770
     0.33233     0.94316    -0.00000
     0.94316    -0.33233    -0.00000
    -0.00000     0.00000    -1.00000
           0           4          17           4
   -15.73859     5.54552    -3.18770
     0.33233     0.94316    -0.00000
     0.94316    -0.33233    -0.00000
    -0.00000     0.00000    -1.00000
           0           4          17           5
   -15.73859     5.54552    -9.56310
     0.33233     0.94316    -0.00000
     0.94316    -0.33233    -0.00000
    -0.00000     0.00000    -1.00000
           0           4          17           6
   -15.73859     5.54552   -15.93850
     0.33233     0.94316    -0.00000
     0.94316    -0.33233    -0.00000
    -0.00000     0.00000    -1.00000
           0           4          18           1
   -15.36736     1.80505    15.91094
     0.11666     0.99317    -0.00000
     0.99317    -0.11666    -0.00000
    -0.00000     0.00000    -1.00000
           0           4          18           2
   -15.36736     1.80505     9.53554
     0.11666     0.99317    -0.00000
     0.99317    -0.11666    -0.00000
    -0.00000     0.00000    -1.00000
           0           4          18           3
   -15.36736     1.80505     3.16014
     0.11666     0.99317    -0.00000
     0.99317    -0.11666    -0.00000
    -0.00000     0.00000    -1.00000
           0           4          18           4
   -15.36736     1.80505    -3.21526
     0.11666     0.99317    -0.00000
     0.99317    -0.11666    -0.00000
    -0.00000     0.00000    -1.00000
           0           4          18           5
   -15.36736     1.80505    -9.59066
     0.11666     0.99317    -0.00000
     0.99317    -0.11666    -0.00000
    -0.00000     0.00000    -1.00000
           0           4          18           6
   -15.36736     1.80505   -15.96606
     0.11666     0.99317    -0.00000
     0.99317    -0.11666    -0.00000
    -0.00000     0.00000    -1.00000
           0           4          19           1
   -17.82879    -1.60614    15.93228
    -0.08973     0.99597    -0.00000
     0.99597     0.08973    -0.00000
    -0.00000    -0.00000    -1.00000
           0           4          19           2
   -17.82879    -1.60614     9.55688
    -0.08973     0.99597    -0.00000
     0.99597     0.08973    -0.00000
    -0.00000    -0.00000    -1.00000
           0           4          19           3
   -17.82879    -1.60614     3.18148
    -0.08973     0.99597    -0.00000
     0.99597     0.08973    -0.00000
    -0.00000    -0.00000    -1.00000
           0           4          19           4
   -17.82879    -1.60614    -3.19392
    -0.08973     0.99597    -0.00000
     0.99597     0.08973    -0.00000
    -0.00000    -0.00000    -1.00000
           0           4          19           5
   -17.82879    -1.60614    -9.56932
    -0.08973     0.99597    -0.00000
     0.99597     0.08973    -0.00000
    -0.00000    -0.00000    -1.00000
           0           4          19           6
   -17.82879    -1.60614   -15.94473
    -0.08973     0.99597    -0.00000
     0.99597     0.08973    -0.00000
    -0.00000    -0.00000    -1.00000
           0           4          20           1
   -15.98524    -4.78828    15.93902
    -0.28695     0.95794    -0.00000
     0.95794     0.28695    -0.00000
    -0.00000    -0.00000    -1.00000
           0           4          20           2
   -15.98524    -4.78828     9.56361
    -0.28695     0.95794    -0.00000
     0.95794     0.28695    -0.00000
    -0.00000    -0.00000    -1.00000
           0           4          20           3
   -15.98524    -4.78828     3.18821
    -0.28695     0.95794    -0.00000
     0.95794     0.28695    -0.00000
    -0.00000    -0.00000    -1.00000
           0           4          20           4
   -15.98524    -4.78828    -3.18719
    -0.28695     0.95794    -0.00000
     0.95794     0.28695    -0.00000
    -0.00000    -0.00000    -1.00000
           0           4          20           5
   -15.98524    -4.78828    -9.56259
    -0.28695     0.95794    -0.00000
     0.95794     0.28695    -0.00000
    -0.00000    -0.00000    -1.00000
           0           4          20           6
   -15.98524    -4.78828   -15.93799
    -0.28695     0.95794    -0.00000
     0.95794     0.28695    -0.00000
    -0.00000    -0.00000    -1.00000
           0           4          21           1
   -13.51671    -7.53073    15.94416
    -0.48670     0.87357    -0.00000
     0.87357     0.48670    -0.00000
    -0.00000    -0.00000    -1.00000
           0           4          21           2
   -13.51671    -7.53073     9.56876
    -0.48670     0.87357    -0.00000
     0.87357     0.48670    -0.00000
    -0.00000    -0.00000    -1.00000
           0           4          21           3
   -13.51671    -7.53073     3.19336
    -0.48670     0.87357    -0.00000
     0.87357     0.48670    -0.00000
    -0.00000    -0.00000    -1.00000
           0           4          21           4
   -13.51671    -7.53073    -3.18204
    -0.48670     0.87357    -0.00000
     0.87357     0.48670    -0.00000
    -0.00000    -0.00000    -1.00000
           0           4          21           5
   -13.51671    -7.53073    -9.55744
    -0.48670     0.87357    -0.00000
     0.87357     0.48670    -0.00000
    -0.00000    -0.00000    -1.00000
           0           4          21           6
   -13.51671    -7.53073   -15.93284
    -0.48670     0.87357    -0.00000
     0.87357     0.48670    -0.00000
    -0.00000    -0.00000    -1.00000
           0           4          22           1
   -13.49387   -11.76271    15.91418
    -0.65710     0.75380    -0.00000
     0.75380     0.65710    -0.00000
    -0.00000    -0.00000    -1.00000
           0           4          22           2
   -13.49387   -11.76271     9.53878
    -0.65710     0.75380    -0.00000
     0.75380     0.65710    -0.00000
    -0.00000    -0.00000    -1.00000
           0           4          22           3
   -13.49387   -11.76271     3.16338
    -0.65710     0.75380    -0.00000
     0.75380     0.65710    -0.00000
    -0.00000    -0.00000    -1.00000
           0           4          22           4
   -13.49387   -11.76271    -3.21202
    -0.65710     0.75380    -0.00000
     0.75380     0.65710    -0.00000
    -0.00000    -0.00000    -1.00000
           0           4          22           5
   -13.49387   -11.76271    -9.58742
    -0.65710     0.75380    -0.00000
     0.75380     0.65710    -0.00000
    -0.00000    -0.00000    -1.00000
           0           4          22           6
   -13.49387   -11.76271   -15.96282
    -0.65710     0.75380    -0.00000
     0.75380     0.65710    -0.00000
    -0.00000    -0.00000    -1.00000
           0           4          23           1
   -10.13462   -13.25689    15.94078
    -0.79444     0.60734    -0.00000
     0.60734     0.79444    -0.00000
    -0.00000    -0.00000    -1.00000
           0           4          23           2
   -10.13462   -13.25689     9.56538
    -0.79444     0.60734    -0.00000
     0.60734     0.79444    -0.00000
    -0.00000    -0.00000    -1.00000
           0           4          23           3
   -10.13462   -13.25689     3.18998
    -0.79444     0.60734    -0.00000
     0.60734     0.79444    -0.00000
    -0.00000    -0.00000    -1.00000
           0           4          23           4
   -10.13462   -13.25689    -3.18542
    -0.79444     0.60734    -0.00000
     0.60734     0.79444    -0.00000
    -0.00000    -0.00000    -1.00000
           0           4          23           5
   -10.13462   -13.25689    -9.56082
    -0.79444     0.60734    -0.00000
     0.60734     0.79444    -0.00000
    -0.00000    -0.00000    -1.00000
           0           4          23           6
   -10.13462   -13.25689   -15.93622
    -0.79444     0.60734    -0.00000
     0.60734     0.79444    -0.00000
    -0.00000    -0.00000    -1.00000
           0           4          24           1
    -6.50734   -14.03810    15.93850
    -0.90726     0.42056    -0.00000
     0.42056     0.90726    -0.00000
    -0.00000    -0.00000    -1.00000
           0           4          24           2
    -6.50734   -14.03810     9.56310
    -0.90726     0.42056    -0.00000
     0.42056     0.90726    -0.00000
    -0.00000    -0.00000    -1.00000
           0           4          24           3
    -6.50734   -14.03810     3.18770
    -0.90726     0.42056    -0.00000
     0.42056     0.90726    -0.00000
    -0.00000    -0.00000    -1.00000
           0           4          24           4
    -6.50734   -14.03810    -3.18770
    -0.90726     0.42056    -0.00000
     0.42056     0.90726    -0.00000
    -0.00000    -0.00000    -1.00000
           0           4          24           5
    -6.50734   -14.03810    -9.56310
    -0.90726     0.42056    -0.00000
     0.42056     0.90726    -0.00000
    -0.00000    -0.00000    -1.00000
           0           4          24           6
    -6.50734   -14.03810   -15.93850
    -0.90726     0.42056    -0.00000
     0.42056     0.90726    -0.00000
    -0.00000    -0.00000    -1.00000
