 SVX cage parameters:
     2.20000
     0.50000     0.20000
     0.00000
           6
   -40.00000   -26.50000   -26.50000    26.50000    26.50000    40.00000
    53.00000    53.00000    22.00000    22.00000    53.00000    53.00000
     0.00000     0.00000     0.00000
 SVX barrel parameters:
           4
     2.63000     5.13000    11.76500    16.68700
     0.00000     0.00000     0.00000     0.00000
           4           4           5           6
     0.69600     0.69600     1.74500     1.74500
     0.01000     0.01000     0.03125     0.03125
     2.83600     2.83600     3.18770     3.18770
     0.01900     0.01900     0.00000     0.00000
     0.00000     0.00000     0.00000     0.00000
    26.70000    13.60000    17.00000    12.00000
   -13.00000   -13.02000     0.00000     0.00000
           2
           5           5
     0.00000   180.00000
           2
          10          10
     0.00000   180.00000
           2
           8           8
     0.00000   180.00000
           2
          12          12
     0.00000   180.00000
 SVX barrel sensor rotation matrices and translation vectors:
           0           1           1           1
     1.57580    -2.10122     8.58331
     0.64814     0.76152     0.00000
    -0.76152     0.64814     0.00000
     0.00000    -0.00000     1.00000
           0           1           1           2
     1.57580    -2.10122     2.89131
     0.64814     0.76152     0.00000
    -0.76152     0.64814     0.00000
     0.00000    -0.00000     1.00000
           0           1           1           3
     1.57580    -2.10122    -2.80069
     0.64814     0.76152     0.00000
    -0.76152     0.64814     0.00000
     0.00000    -0.00000     1.00000
           0           1           1           4
     1.57580    -2.10122    -8.49269
     0.64814     0.76152     0.00000
    -0.76152     0.64814     0.00000
     0.00000    -0.00000     1.00000
           0           1           2           1
     2.35256    -1.16297     8.58822
     0.23686     0.97154     0.00000
    -0.97154     0.23686     0.00000
     0.00000    -0.00000     1.00000
           0           1           2           2
     2.35256    -1.16297     2.89622
     0.23686     0.97154     0.00000
    -0.97154     0.23686     0.00000
     0.00000    -0.00000     1.00000
           0           1           2           3
     2.35256    -1.16297    -2.79578
     0.23686     0.97154     0.00000
    -0.97154     0.23686     0.00000
     0.00000    -0.00000     1.00000
           0           1           2           4
     2.35256    -1.16297    -8.48778
     0.23686     0.97154     0.00000
    -0.97154     0.23686     0.00000
     0.00000    -0.00000     1.00000
           0           1           3           1
     2.61577     0.02142     8.59009
    -0.22493     0.97438     0.00000
    -0.97438    -0.22493     0.00000
     0.00000     0.00000     1.00000
           0           1           3           2
     2.61577     0.02142     2.89809
    -0.22493     0.97438     0.00000
    -0.97438    -0.22493     0.00000
     0.00000     0.00000     1.00000
           0           1           3           3
     2.61577     0.02142    -2.79391
    -0.22493     0.97438     0.00000
    -0.97438    -0.22493     0.00000
     0.00000     0.00000     1.00000
           0           1           3           4
     2.61577     0.02142    -8.48591
    -0.22493     0.97438     0.00000
    -0.97438    -0.22493     0.00000
     0.00000     0.00000     1.00000
           0           1           4           1
     2.29400     1.19456     8.58526
    -0.63875     0.76942     0.00000
    -0.76942    -0.63875     0.00000
     0.00000     0.00000     1.00000
           0           1           4           2
     2.29400     1.19456     2.89326
    -0.63875     0.76942     0.00000
    -0.76942    -0.63875     0.00000
     0.00000     0.00000     1.00000
           0           1           4           3
     2.29400     1.19456    -2.79874
    -0.63875     0.76942     0.00000
    -0.76942    -0.63875     0.00000
     0.00000     0.00000     1.00000
           0           1           4           4
     2.29400     1.19456    -8.49074
    -0.63875     0.76942     0.00000
    -0.76942    -0.63875     0.00000
     0.00000     0.00000     1.00000
           0           1           5           1
     1.49309     2.11422     8.57908
    -0.91635     0.40037     0.00000
    -0.40037    -0.91635     0.00000
     0.00000     0.00000     1.00000
           0           1           5           2
     1.49309     2.11422     2.88708
    -0.91635     0.40037     0.00000
    -0.40037    -0.91635     0.00000
     0.00000     0.00000     1.00000
           0           1           5           3
     1.49309     2.11422    -2.80492
    -0.91635     0.40037     0.00000
    -0.40037    -0.91635     0.00000
     0.00000     0.00000     1.00000
           0           1           5           4
     1.49309     2.11422    -8.49692
    -0.91635     0.40037     0.00000
    -0.40037    -0.91635     0.00000
     0.00000     0.00000     1.00000
           0           1           6           1
    -1.53986     2.12582    -8.58128
     0.91635     0.40037     0.00000
     0.40037    -0.91635     0.00000
     0.00000    -0.00000    -1.00000
           0           1           6           2
    -1.53986     2.12582    -2.88928
     0.91635     0.40037     0.00000
     0.40037    -0.91635     0.00000
     0.00000    -0.00000    -1.00000
           0           1           6           3
    -1.53986     2.12582     2.80272
     0.91635     0.40037     0.00000
     0.40037    -0.91635     0.00000
     0.00000    -0.00000    -1.00000
           0           1           6           4
    -1.53986     2.12582     8.49472
     0.91635     0.40037     0.00000
     0.40037    -0.91635     0.00000
     0.00000    -0.00000    -1.00000
           0           1           7           1
    -2.34616     1.21416    -8.57154
     0.63875     0.76942     0.00000
     0.76942    -0.63875     0.00000
     0.00000    -0.00000    -1.00000
           0           1           7           2
    -2.34616     1.21416    -2.87954
     0.63875     0.76942     0.00000
     0.76942    -0.63875     0.00000
     0.00000    -0.00000    -1.00000
           0           1           7           3
    -2.34616     1.21416     2.81246
     0.63875     0.76942     0.00000
     0.76942    -0.63875     0.00000
     0.00000    -0.00000    -1.00000
           0           1           7           4
    -2.34615     1.21416     8.50446
     0.63875     0.76942     0.00000
     0.76942    -0.63875     0.00000
     0.00000    -0.00000    -1.00000
           0           1           8           1
    -2.65607     0.04043    -8.56883
     0.22493     0.97438     0.00000
     0.97438    -0.22493     0.00000
     0.00000    -0.00000    -1.00000
           0           1           8           2
    -2.65607     0.04043    -2.87683
     0.22493     0.97438     0.00000
     0.97438    -0.22493     0.00000
     0.00000    -0.00000    -1.00000
           0           1           8           3
    -2.65607     0.04043     2.81517
     0.22493     0.97438     0.00000
     0.97438    -0.22493     0.00000
     0.00000    -0.00000    -1.00000
           0           1           8           4
    -2.65607     0.04043     8.50717
     0.22493     0.97438     0.00000
     0.97438    -0.22493     0.00000
     0.00000    -0.00000    -1.00000
           0           1           9           1
    -2.39534    -1.14114    -8.56223
    -0.23686     0.97154     0.00000
     0.97154     0.23686     0.00000
     0.00000     0.00000    -1.00000
           0           1           9           2
    -2.39534    -1.14114    -2.87023
    -0.23686     0.97154     0.00000
     0.97154     0.23686     0.00000
     0.00000     0.00000    -1.00000
           0           1           9           3
    -2.39533    -1.14114     2.82177
    -0.23686     0.97154     0.00000
     0.97154     0.23686     0.00000
     0.00000     0.00000    -1.00000
           0           1           9           4
    -2.39533    -1.14114     8.51377
    -0.23686     0.97154     0.00000
     0.97154     0.23686     0.00000
     0.00000     0.00000    -1.00000
           0           1          10           1
    -1.63173    -2.08081    -8.55809
    -0.64814     0.76152     0.00000
     0.76152     0.64814     0.00000
     0.00000     0.00000    -1.00000
           0           1          10           2
    -1.63173    -2.08081    -2.86609
    -0.64814     0.76152     0.00000
     0.76152     0.64814     0.00000
     0.00000     0.00000    -1.00000
           0           1          10           3
    -1.63173    -2.08081     2.82591
    -0.64814     0.76152     0.00000
     0.76152     0.64814     0.00000
     0.00000     0.00000    -1.00000
           0           1          10           4
    -1.63173    -2.08081     8.51791
    -0.64814     0.76152     0.00000
     0.76152     0.64814     0.00000
     0.00000     0.00000    -1.00000
           0           2           1           1
     2.50740    -4.53806     8.55986
     0.74525     0.66678     0.00000
    -0.66678     0.74525     0.00000
     0.00000    -0.00000     1.00000
           0           2           1           2
     2.50740    -4.53806     2.86786
     0.74525     0.66678     0.00000
    -0.66678     0.74525     0.00000
     0.00000    -0.00000     1.00000
           0           2           1           3
     2.50740    -4.53806    -2.82414
     0.74525     0.66678     0.00000
    -0.66678     0.74525     0.00000
     0.00000    -0.00000     1.00000
           0           2           1           4
     2.50740    -4.53806    -8.51614
     0.74525     0.66678     0.00000
    -0.66678     0.74525     0.00000
     0.00000    -0.00000     1.00000
           0           2           2           1
     3.52475    -3.82100     8.56250
     0.56757     0.82333     0.00000
    -0.82333     0.56757     0.00000
     0.00000    -0.00000     1.00000
           0           2           2           2
     3.52475    -3.82100     2.87050
     0.56757     0.82333     0.00000
    -0.82333     0.56757     0.00000
     0.00000    -0.00000     1.00000
           0           2           2           3
     3.52475    -3.82100    -2.82150
     0.56757     0.82333     0.00000
    -0.82333     0.56757     0.00000
     0.00000    -0.00000     1.00000
           0           2           2           4
     3.52475    -3.82100    -8.51350
     0.56757     0.82333     0.00000
    -0.82333     0.56757     0.00000
     0.00000    -0.00000     1.00000
           0           2           3           1
     4.31953    -2.87704     8.56087
     0.35805     0.93370     0.00000
    -0.93370     0.35805     0.00000
     0.00000    -0.00000     1.00000
           0           2           3           2
     4.31953    -2.87704     2.86887
     0.35805     0.93370     0.00000
    -0.93370     0.35805     0.00000
     0.00000    -0.00000     1.00000
           0           2           3           3
     4.31953    -2.87704    -2.82313
     0.35805     0.93370     0.00000
    -0.93370     0.35805     0.00000
     0.00000    -0.00000     1.00000
           0           2           3           4
     4.31953    -2.87704    -8.51513
     0.35805     0.93370     0.00000
    -0.93370     0.35805     0.00000
     0.00000    -0.00000     1.00000
           0           2           4           1
     4.87898    -1.78207     8.55928
     0.12846     0.99171     0.00000
    -0.99171     0.12846     0.00000
     0.00000    -0.00000     1.00000
           0           2           4           2
     4.87898    -1.78207     2.86728
     0.12846     0.99171     0.00000
    -0.99171     0.12846     0.00000
     0.00000    -0.00000     1.00000
           0           2           4           3
     4.87898    -1.78207    -2.82472
     0.12846     0.99171     0.00000
    -0.99171     0.12846     0.00000
     0.00000    -0.00000     1.00000
           0           2           4           4
     4.87898    -1.78207    -8.51672
     0.12846     0.99171     0.00000
    -0.99171     0.12846     0.00000
     0.00000    -0.00000     1.00000
           0           2           5           1
     5.17328    -0.58792     8.55623
    -0.10833     0.99411     0.00000
    -0.99411    -0.10833     0.00000
     0.00000     0.00000     1.00000
           0           2           5           2
     5.17328    -0.58792     2.86423
    -0.10833     0.99411     0.00000
    -0.99411    -0.10833     0.00000
     0.00000     0.00000     1.00000
           0           2           5           3
     5.17328    -0.58792    -2.82777
    -0.10833     0.99411     0.00000
    -0.99411    -0.10833     0.00000
     0.00000     0.00000     1.00000
           0           2           5           4
     5.17328    -0.58792    -8.51977
    -0.10833     0.99411     0.00000
    -0.99411    -0.10833     0.00000
     0.00000     0.00000     1.00000
           0           2           6           1
     5.14627     0.64393     8.55798
    -0.33905     0.94077     0.00000
    -0.94077    -0.33905     0.00000
     0.00000     0.00000     1.00000
           0           2           6           2
     5.14627     0.64393     2.86598
    -0.33905     0.94077     0.00000
    -0.94077    -0.33905     0.00000
     0.00000     0.00000     1.00000
           0           2           6           3
     5.14627     0.64393    -2.82602
    -0.33905     0.94077     0.00000
    -0.94077    -0.33905     0.00000
     0.00000     0.00000     1.00000
           0           2           6           4
     5.14627     0.64393    -8.51802
    -0.33905     0.94077     0.00000
    -0.94077    -0.33905     0.00000
     0.00000     0.00000     1.00000
           0           2           7           1
     4.82071     1.83349     8.56248
    -0.55076     0.83466     0.00000
    -0.83466    -0.55076     0.00000
     0.00000     0.00000     1.00000
           0           2           7           2
     4.82071     1.83349     2.87048
    -0.55076     0.83466     0.00000
    -0.83466    -0.55076     0.00000
     0.00000     0.00000     1.00000
           0           2           7           3
     4.82071     1.83349    -2.82152
    -0.55076     0.83466     0.00000
    -0.83466    -0.55076     0.00000
     0.00000     0.00000     1.00000
           0           2           7           4
     4.82071     1.83349    -8.51352
    -0.55076     0.83466     0.00000
    -0.83466    -0.55076     0.00000
     0.00000     0.00000     1.00000
           0           2           8           1
     4.26810     2.94107     8.56082
    -0.73158     0.68175     0.00000
    -0.68175    -0.73158     0.00000
     0.00000     0.00000     1.00000
           0           2           8           2
     4.26810     2.94107     2.86882
    -0.73158     0.68175     0.00000
    -0.68175    -0.73158     0.00000
     0.00000     0.00000     1.00000
           0           2           8           3
     4.26810     2.94107    -2.82318
    -0.73158     0.68175     0.00000
    -0.68175    -0.73158     0.00000
     0.00000     0.00000     1.00000
           0           2           8           4
     4.26810     2.94107    -8.51518
    -0.73158     0.68175     0.00000
    -0.68175    -0.73158     0.00000
     0.00000     0.00000     1.00000
           0           2           9           1
     3.42095     3.84306     8.56352
    -0.87138     0.49061     0.00000
    -0.49061    -0.87138     0.00000
     0.00000     0.00000     1.00000
           0           2           9           2
     3.42095     3.84306     2.87152
    -0.87138     0.49061     0.00000
    -0.49061    -0.87138     0.00000
     0.00000     0.00000     1.00000
           0           2           9           3
     3.42095     3.84306    -2.82048
    -0.87138     0.49061     0.00000
    -0.49061    -0.87138     0.00000
     0.00000     0.00000     1.00000
           0           2           9           4
     3.42095     3.84306    -8.51248
    -0.87138     0.49061     0.00000
    -0.49061    -0.87138     0.00000
     0.00000     0.00000     1.00000
           0           2          10           1
     2.40915     4.54503     8.57853
    -0.96231     0.27196     0.00000
    -0.27196    -0.96231     0.00000
     0.00000     0.00000     1.00000
           0           2          10           2
     2.40915     4.54503     2.88653
    -0.96231     0.27196     0.00000
    -0.27196    -0.96231     0.00000
     0.00000     0.00000     1.00000
           0           2          10           3
     2.40915     4.54503    -2.80547
    -0.96231     0.27196     0.00000
    -0.27196    -0.96231     0.00000
     0.00000     0.00000     1.00000
           0           2          10           4
     2.40915     4.54503    -8.49747
    -0.96231     0.27196     0.00000
    -0.27196    -0.96231     0.00000
     0.00000     0.00000     1.00000
           0           2          11           1
    -2.44798     4.55640    -8.58727
     0.96231     0.27196     0.00000
     0.27196    -0.96231     0.00000
     0.00000    -0.00000    -1.00000
           0           2          11           2
    -2.44798     4.55640    -2.89527
     0.96231     0.27196     0.00000
     0.27196    -0.96231     0.00000
     0.00000    -0.00000    -1.00000
           0           2          11           3
    -2.44798     4.55640     2.79673
     0.96231     0.27196     0.00000
     0.27196    -0.96231     0.00000
     0.00000    -0.00000    -1.00000
           0           2          11           4
    -2.44798     4.55640     8.48873
     0.96231     0.27196     0.00000
     0.27196    -0.96231     0.00000
     0.00000    -0.00000    -1.00000
           0           2          12           1
    -3.49839     3.88412    -8.58452
     0.87138     0.49061     0.00000
     0.49061    -0.87138     0.00000
     0.00000    -0.00000    -1.00000
           0           2          12           2
    -3.49839     3.88412    -2.89252
     0.87138     0.49061     0.00000
     0.49061    -0.87138     0.00000
     0.00000    -0.00000    -1.00000
           0           2          12           3
    -3.49839     3.88412     2.79948
     0.87138     0.49061     0.00000
     0.49061    -0.87138     0.00000
     0.00000    -0.00000    -1.00000
           0           2          12           4
    -3.49839     3.88412     8.49148
     0.87138     0.49061     0.00000
     0.49061    -0.87138     0.00000
     0.00000    -0.00000    -1.00000
           0           2          13           1
    -4.29125     2.94979    -8.57869
     0.73158     0.68175     0.00000
     0.68175    -0.73158     0.00000
     0.00000    -0.00000    -1.00000
           0           2          13           2
    -4.29125     2.94979    -2.88669
     0.73158     0.68175     0.00000
     0.68175    -0.73158     0.00000
     0.00000    -0.00000    -1.00000
           0           2          13           3
    -4.29125     2.94979     2.80531
     0.73158     0.68175     0.00000
     0.68175    -0.73158     0.00000
     0.00000    -0.00000    -1.00000
           0           2          13           4
    -4.29125     2.94979     8.49731
     0.73158     0.68175     0.00000
     0.68175    -0.73158     0.00000
     0.00000    -0.00000    -1.00000
           0           2          14           1
    -4.87130     1.86527    -8.56103
     0.55076     0.83466     0.00000
     0.83466    -0.55076     0.00000
     0.00000    -0.00000    -1.00000
           0           2          14           2
    -4.87130     1.86527    -2.86903
     0.55076     0.83466     0.00000
     0.83466    -0.55076     0.00000
     0.00000    -0.00000    -1.00000
           0           2          14           3
    -4.87130     1.86527     2.82297
     0.55076     0.83466     0.00000
     0.83466    -0.55076     0.00000
     0.00000    -0.00000    -1.00000
           0           2          14           4
    -4.87129     1.86527     8.51497
     0.55076     0.83466     0.00000
     0.83466    -0.55076     0.00000
     0.00000    -0.00000    -1.00000
           0           2          15           1
    -5.18515     0.67667    -8.55735
     0.33905     0.94077     0.00000
     0.94077    -0.33905     0.00000
     0.00000    -0.00000    -1.00000
           0           2          15           2
    -5.18515     0.67667    -2.86535
     0.33905     0.94077     0.00000
     0.94077    -0.33905     0.00000
     0.00000    -0.00000    -1.00000
           0           2          15           3
    -5.18515     0.67667     2.82665
     0.33905     0.94077     0.00000
     0.94077    -0.33905     0.00000
     0.00000    -0.00000    -1.00000
           0           2          15           4
    -5.18515     0.67667     8.51865
     0.33905     0.94077     0.00000
     0.94077    -0.33905     0.00000
     0.00000    -0.00000    -1.00000
           0           2          16           1
    -5.17933    -0.55648    -8.55916
     0.10833     0.99411     0.00000
     0.99411    -0.10833     0.00000
     0.00000    -0.00000    -1.00000
           0           2          16           2
    -5.17933    -0.55648    -2.86716
     0.10833     0.99411     0.00000
     0.99411    -0.10833     0.00000
     0.00000    -0.00000    -1.00000
           0           2          16           3
    -5.17933    -0.55648     2.82484
     0.10833     0.99411     0.00000
     0.99411    -0.10833     0.00000
     0.00000    -0.00000    -1.00000
           0           2          16           4
    -5.17933    -0.55648     8.51684
     0.10833     0.99411     0.00000
     0.99411    -0.10833     0.00000
     0.00000    -0.00000    -1.00000
           0           2          17           1
    -4.88213    -1.74396    -8.57285
    -0.12846     0.99171     0.00000
     0.99171     0.12846     0.00000
     0.00000     0.00000    -1.00000
           0           2          17           2
    -4.88213    -1.74396    -2.88085
    -0.12846     0.99171     0.00000
     0.99171     0.12846     0.00000
     0.00000     0.00000    -1.00000
           0           2          17           3
    -4.88213    -1.74396     2.81115
    -0.12846     0.99171     0.00000
     0.99171     0.12846     0.00000
     0.00000     0.00000    -1.00000
           0           2          17           4
    -4.88213    -1.74396     8.50315
    -0.12846     0.99171     0.00000
     0.99171     0.12846     0.00000
     0.00000     0.00000    -1.00000
           0           2          18           1
    -4.34061    -2.84510    -8.56671
    -0.35805     0.93370     0.00000
     0.93370     0.35805     0.00000
     0.00000     0.00000    -1.00000
           0           2          18           2
    -4.34061    -2.84510    -2.87471
    -0.35805     0.93370     0.00000
     0.93370     0.35805     0.00000
     0.00000     0.00000    -1.00000
           0           2          18           3
    -4.34061    -2.84510     2.81729
    -0.35805     0.93370     0.00000
     0.93370     0.35805     0.00000
     0.00000     0.00000    -1.00000
           0           2          18           4
    -4.34061    -2.84510     8.50930
    -0.35805     0.93370     0.00000
     0.93370     0.35805     0.00000
     0.00000     0.00000    -1.00000
           0           2          19           1
    -3.55546    -3.79878    -8.56153
    -0.56757     0.82333     0.00000
     0.82333     0.56757     0.00000
     0.00000     0.00000    -1.00000
           0           2          19           2
    -3.55546    -3.79878    -2.86953
    -0.56757     0.82333     0.00000
     0.82333     0.56757     0.00000
     0.00000     0.00000    -1.00000
           0           2          19           3
    -3.55546    -3.79878     2.82247
    -0.56757     0.82333     0.00000
     0.82333     0.56757     0.00000
     0.00000     0.00000    -1.00000
           0           2          19           4
    -3.55546    -3.79878     8.51447
    -0.56757     0.82333     0.00000
     0.82333     0.56757     0.00000
     0.00000     0.00000    -1.00000
           0           2          20           1
    -2.55341    -4.51628    -8.62681
    -0.74525     0.66678     0.00000
     0.66678     0.74525     0.00000
     0.00000     0.00000    -1.00000
           0           2          20           2
    -2.55340    -4.51628    -2.93481
    -0.74525     0.66678     0.00000
     0.66678     0.74525     0.00000
     0.00000     0.00000    -1.00000
           0           2          20           3
    -2.55340    -4.51628     2.75718
    -0.74525     0.66678     0.00000
     0.66678     0.74525     0.00000
     0.00000     0.00000    -1.00000
           0           2          20           4
    -2.55340    -4.51628     8.44919
    -0.74525     0.66678     0.00000
     0.66678     0.74525     0.00000
     0.00000     0.00000    -1.00000
           0           3           1           1
     5.65710   -10.31560    12.67680
    -0.87807    -0.47854    -0.00000
    -0.47854     0.87807    -0.00000
     0.00000    -0.00000    -1.00000
           0           3           1           2
     5.65710   -10.31560     6.30140
    -0.87807    -0.47854    -0.00000
    -0.47854     0.87807    -0.00000
     0.00000    -0.00000    -1.00000
           0           3           1           3
     5.65710   -10.31560    -0.07400
    -0.87807    -0.47854    -0.00000
    -0.47854     0.87807    -0.00000
     0.00000    -0.00000    -1.00000
           0           3           1           4
     5.65710   -10.31560    -6.44940
    -0.87807    -0.47854    -0.00000
    -0.47854     0.87807    -0.00000
     0.00000    -0.00000    -1.00000
           0           3           1           5
     5.65710   -10.31560   -12.82480
    -0.87807    -0.47854    -0.00000
    -0.47854     0.87807    -0.00000
     0.00000    -0.00000    -1.00000
           0           3           2           1
     7.57672    -7.08248    12.73500
    -0.68671    -0.72693     0.00000
    -0.72693     0.68671     0.00000
    -0.00000     0.00000    -1.00000
           0           3           2           2
     7.57672    -7.08248     6.35959
    -0.68671    -0.72693     0.00000
    -0.72693     0.68671     0.00000
    -0.00000     0.00000    -1.00000
           0           3           2           3
     7.57672    -7.08248    -0.01581
    -0.68671    -0.72693     0.00000
    -0.72693     0.68671     0.00000
    -0.00000     0.00000    -1.00000
           0           3           2           4
     7.57672    -7.08248    -6.39121
    -0.68671    -0.72693     0.00000
    -0.72693     0.68671     0.00000
    -0.00000     0.00000    -1.00000
           0           3           2           5
     7.57672    -7.08248   -12.76660
    -0.68671    -0.72693     0.00000
    -0.72693     0.68671     0.00000
    -0.00000     0.00000    -1.00000
           0           3           3           1
    11.51490    -5.57724    12.72440
    -0.44166    -0.89718     0.00000
    -0.89718     0.44166     0.00000
    -0.00000     0.00000    -1.00000
           0           3           3           2
    11.51490    -5.57724     6.34905
    -0.44166    -0.89718     0.00000
    -0.89718     0.44166     0.00000
    -0.00000     0.00000    -1.00000
           0           3           3           3
    11.51490    -5.57724    -0.02635
    -0.44166    -0.89718     0.00000
    -0.89718     0.44166     0.00000
    -0.00000     0.00000    -1.00000
           0           3           3           4
    11.51490    -5.57724    -6.40175
    -0.44166    -0.89718     0.00000
    -0.89718     0.44166     0.00000
    -0.00000     0.00000    -1.00000
           0           3           3           5
    11.51490    -5.57724   -12.77720
    -0.44166    -0.89718     0.00000
    -0.89718     0.44166     0.00000
    -0.00000     0.00000    -1.00000
           0           3           4           1
    11.60120    -2.00203    12.72480
    -0.17623    -0.98435     0.00000
    -0.98435     0.17623     0.00000
    -0.00000     0.00000    -1.00000
           0           3           4           2
    11.60120    -2.00203     6.34936
    -0.17623    -0.98435     0.00000
    -0.98435     0.17623     0.00000
    -0.00000     0.00000    -1.00000
           0           3           4           3
    11.60120    -2.00203    -0.02604
    -0.17623    -0.98435     0.00000
    -0.98435     0.17623     0.00000
    -0.00000     0.00000    -1.00000
           0           3           4           4
    11.60120    -2.00203    -6.40144
    -0.17623    -0.98435     0.00000
    -0.98435     0.17623     0.00000
    -0.00000     0.00000    -1.00000
           0           3           4           5
    11.60120    -2.00203   -12.77680
    -0.17623    -0.98435     0.00000
    -0.98435     0.17623     0.00000
    -0.00000     0.00000    -1.00000
           0           3           5           1
    10.26670     1.47478    12.72670
     0.13727    -0.99053     0.00000
    -0.99053    -0.13727     0.00000
    -0.00000    -0.00000    -1.00000
           0           3           5           2
    10.26670     1.47478     6.35128
     0.13727    -0.99053     0.00000
    -0.99053    -0.13727     0.00000
    -0.00000    -0.00000    -1.00000
           0           3           5           3
    10.26670     1.47478    -0.02412
     0.13727    -0.99053     0.00000
    -0.99053    -0.13727     0.00000
    -0.00000    -0.00000    -1.00000
           0           3           5           4
    10.26670     1.47478    -6.39952
     0.13727    -0.99053     0.00000
    -0.99053    -0.13727     0.00000
    -0.00000    -0.00000    -1.00000
           0           3           5           5
    10.26670     1.47478   -12.77490
     0.13727    -0.99053     0.00000
    -0.99053    -0.13727     0.00000
    -0.00000    -0.00000    -1.00000
           0           3           6           1
    11.60860     5.50564    12.67680
     0.42341    -0.90594     0.00000
    -0.90594    -0.42341     0.00000
    -0.00000    -0.00000    -1.00000
           0           3           6           2
    11.60860     5.50564     6.30140
     0.42341    -0.90594     0.00000
    -0.90594    -0.42341     0.00000
    -0.00000    -0.00000    -1.00000
           0           3           6           3
    11.60860     5.50564    -0.07400
     0.42341    -0.90594     0.00000
    -0.90594    -0.42341     0.00000
    -0.00000    -0.00000    -1.00000
           0           3           6           4
    11.60860     5.50564    -6.44940
     0.42341    -0.90594     0.00000
    -0.90594    -0.42341     0.00000
    -0.00000    -0.00000    -1.00000
           0           3           6           5
    11.60860     5.50564   -12.82480
     0.42341    -0.90594     0.00000
    -0.90594    -0.42341     0.00000
    -0.00000    -0.00000    -1.00000
           0           3           7           1
     8.74972     7.75457    12.72750
     0.65751    -0.75345     0.00000
    -0.75345    -0.65751     0.00000
    -0.00000    -0.00000    -1.00000
           0           3           7           2
     8.74972     7.75457     6.35209
     0.65751    -0.75345     0.00000
    -0.75345    -0.65751     0.00000
    -0.00000    -0.00000    -1.00000
           0           3           7           3
     8.74972     7.75457    -0.02331
     0.65751    -0.75345     0.00000
    -0.75345    -0.65751     0.00000
    -0.00000    -0.00000    -1.00000
           0           3           7           4
     8.74972     7.75457    -6.39871
     0.65751    -0.75345     0.00000
    -0.75345    -0.65751     0.00000
    -0.00000    -0.00000    -1.00000
           0           3           7           5
     8.74972     7.75457   -12.77410
     0.65751    -0.75345     0.00000
    -0.75345    -0.65751     0.00000
    -0.00000    -0.00000    -1.00000
           0           3           8           1
     5.24964     8.93147    12.67680
     0.85851    -0.51279     0.00000
    -0.51279    -0.85851     0.00000
    -0.00000    -0.00000    -1.00000
           0           3           8           2
     5.24964     8.93147     6.30140
     0.85851    -0.51279     0.00000
    -0.51279    -0.85851     0.00000
    -0.00000    -0.00000    -1.00000
           0           3           8           3
     5.24964     8.93147    -0.07400
     0.85851    -0.51279     0.00000
    -0.51279    -0.85851     0.00000
    -0.00000    -0.00000    -1.00000
           0           3           8           4
     5.24964     8.93147    -6.44940
     0.85851    -0.51279     0.00000
    -0.51279    -0.85851     0.00000
    -0.00000    -0.00000    -1.00000
           0           3           8           5
     5.24964     8.93147   -12.82480
     0.85851    -0.51279     0.00000
    -0.51279    -0.85851     0.00000
    -0.00000    -0.00000    -1.00000
           0           3           9           1
    -5.19115     8.86565   -12.75650
    -0.85851    -0.51279    -0.00000
     0.51279    -0.85851    -0.00000
     0.00000    -0.00000     1.00000
           0           3           9           2
    -5.19115     8.86565    -6.38110
    -0.85851    -0.51279    -0.00000
     0.51279    -0.85851    -0.00000
     0.00000    -0.00000     1.00000
           0           3           9           3
    -5.19115     8.86565    -0.00570
    -0.85851    -0.51279    -0.00000
     0.51279    -0.85851    -0.00000
     0.00000    -0.00000     1.00000
           0           3           9           4
    -5.19115     8.86565     6.36970
    -0.85851    -0.51279    -0.00000
     0.51279    -0.85851    -0.00000
     0.00000    -0.00000     1.00000
           0           3           9           5
    -5.19115     8.86565    12.74510
    -0.85851    -0.51279    -0.00000
     0.51279    -0.85851    -0.00000
     0.00000    -0.00000     1.00000
           0           3          10           1
    -8.81610     7.79048   -12.68470
    -0.65751    -0.75345    -0.00000
     0.75345    -0.65751    -0.00000
     0.00000    -0.00000     1.00000
           0           3          10           2
    -8.81610     7.79048    -6.30930
    -0.65751    -0.75345    -0.00000
     0.75345    -0.65751    -0.00000
     0.00000    -0.00000     1.00000
           0           3          10           3
    -8.81610     7.79048     0.06610
    -0.65751    -0.75345    -0.00000
     0.75345    -0.65751    -0.00000
     0.00000    -0.00000     1.00000
           0           3          10           4
    -8.81610     7.79048     6.44150
    -0.65751    -0.75345    -0.00000
     0.75345    -0.65751    -0.00000
     0.00000    -0.00000     1.00000
           0           3          10           5
    -8.81610     7.79048    12.81690
    -0.65751    -0.75345    -0.00000
     0.75345    -0.65751    -0.00000
     0.00000    -0.00000     1.00000
           0           3          11           1
   -11.56680     5.51720   -12.74560
    -0.42341    -0.90594    -0.00000
     0.90594    -0.42341    -0.00000
     0.00000    -0.00000     1.00000
           0           3          11           2
   -11.56680     5.51720    -6.37015
    -0.42341    -0.90594    -0.00000
     0.90594    -0.42341    -0.00000
     0.00000    -0.00000     1.00000
           0           3          11           3
   -11.56680     5.51720     0.00525
    -0.42341    -0.90594    -0.00000
     0.90594    -0.42341    -0.00000
     0.00000    -0.00000     1.00000
           0           3          11           4
   -11.56680     5.51720     6.38065
    -0.42341    -0.90594    -0.00000
     0.90594    -0.42341    -0.00000
     0.00000    -0.00000     1.00000
           0           3          11           5
   -11.56680     5.51720    12.75610
    -0.42341    -0.90594    -0.00000
     0.90594    -0.42341    -0.00000
     0.00000    -0.00000     1.00000
           0           3          12           1
   -10.25840     1.50034   -12.74360
    -0.13727    -0.99053    -0.00000
     0.99053    -0.13727    -0.00000
     0.00000    -0.00000     1.00000
           0           3          12           2
   -10.25840     1.50034    -6.36819
    -0.13727    -0.99053    -0.00000
     0.99053    -0.13727    -0.00000
     0.00000    -0.00000     1.00000
           0           3          12           3
   -10.25840     1.50034     0.00721
    -0.13727    -0.99053    -0.00000
     0.99053    -0.13727    -0.00000
     0.00000    -0.00000     1.00000
           0           3          12           4
   -10.25840     1.50034     6.38261
    -0.13727    -0.99053    -0.00000
     0.99053    -0.13727    -0.00000
     0.00000    -0.00000     1.00000
           0           3          12           5
   -10.25840     1.50034    12.75800
    -0.13727    -0.99053    -0.00000
     0.99053    -0.13727    -0.00000
     0.00000    -0.00000     1.00000
           0           3          13           1
   -11.58900    -1.97146   -12.73640
     0.17623    -0.98435    -0.00000
     0.98435     0.17623    -0.00000
     0.00000     0.00000     1.00000
           0           3          13           2
   -11.58900    -1.97146    -6.36105
     0.17623    -0.98435    -0.00000
     0.98435     0.17623    -0.00000
     0.00000     0.00000     1.00000
           0           3          13           3
   -11.58900    -1.97146     0.01435
     0.17623    -0.98435    -0.00000
     0.98435     0.17623    -0.00000
     0.00000     0.00000     1.00000
           0           3          13           4
   -11.58900    -1.97146     6.38975
     0.17623    -0.98435    -0.00000
     0.98435     0.17623    -0.00000
     0.00000     0.00000     1.00000
           0           3          13           5
   -11.58900    -1.97146    12.76520
     0.17623    -0.98435    -0.00000
     0.98435     0.17623    -0.00000
     0.00000     0.00000     1.00000
           0           3          14           1
   -11.57860    -5.56848   -12.68470
     0.44166    -0.89718    -0.00000
     0.89718     0.44166    -0.00000
     0.00000     0.00000     1.00000
           0           3          14           2
   -11.57860    -5.56848    -6.30930
     0.44166    -0.89718    -0.00000
     0.89718     0.44166    -0.00000
     0.00000     0.00000     1.00000
           0           3          14           3
   -11.57860    -5.56848     0.06610
     0.44166    -0.89718    -0.00000
     0.89718     0.44166    -0.00000
     0.00000     0.00000     1.00000
           0           3          14           4
   -11.57860    -5.56848     6.44150
     0.44166    -0.89718    -0.00000
     0.89718     0.44166    -0.00000
     0.00000     0.00000     1.00000
           0           3          14           5
   -11.57860    -5.56848    12.81690
     0.44166    -0.89718    -0.00000
     0.89718     0.44166    -0.00000
     0.00000     0.00000     1.00000
           0           3          15           1
    -7.61204    -7.02758   -12.68470
     0.68671    -0.72693    -0.00000
     0.72693     0.68671    -0.00000
     0.00000     0.00000     1.00000
           0           3          15           2
    -7.61204    -7.02758    -6.30930
     0.68671    -0.72693    -0.00000
     0.72693     0.68671    -0.00000
     0.00000     0.00000     1.00000
           0           3          15           3
    -7.61204    -7.02758     0.06610
     0.68671    -0.72693    -0.00000
     0.72693     0.68671    -0.00000
     0.00000     0.00000     1.00000
           0           3          15           4
    -7.61204    -7.02758     6.44150
     0.68671    -0.72693    -0.00000
     0.72693     0.68671    -0.00000
     0.00000     0.00000     1.00000
           0           3          15           5
    -7.61204    -7.02758    12.81690
     0.68671    -0.72693    -0.00000
     0.72693     0.68671    -0.00000
     0.00000     0.00000     1.00000
           0           3          16           1
    -5.73350   -10.27340   -12.68470
     0.87807    -0.47854    -0.00000
     0.47854     0.87807    -0.00000
     0.00000     0.00000     1.00000
           0           3          16           2
    -5.73350   -10.27340    -6.30930
     0.87807    -0.47854    -0.00000
     0.47854     0.87807    -0.00000
     0.00000     0.00000     1.00000
           0           3          16           3
    -5.73350   -10.27340     0.06610
     0.87807    -0.47854    -0.00000
     0.47854     0.87807    -0.00000
     0.00000     0.00000     1.00000
           0           3          16           4
    -5.73350   -10.27340     6.44150
     0.87807    -0.47854    -0.00000
     0.47854     0.87807    -0.00000
     0.00000     0.00000     1.00000
           0           3          16           5
    -5.73350   -10.27340    12.81690
     0.87807    -0.47854    -0.00000
     0.47854     0.87807    -0.00000
     0.00000     0.00000     1.00000
           0           4           1           1
     6.58408   -14.00230   -16.01250
     0.90726     0.42056    -0.00000
    -0.42056     0.90726    -0.00000
    -0.00000     0.00000     1.00000
           0           4           1           2
     6.58408   -14.00230    -9.63710
     0.90726     0.42056    -0.00000
    -0.42056     0.90726    -0.00000
    -0.00000     0.00000     1.00000
           0           4           1           3
     6.58408   -14.00230    -3.26170
     0.90726     0.42056    -0.00000
    -0.42056     0.90726    -0.00000
    -0.00000     0.00000     1.00000
           0           4           1           4
     6.58408   -14.00230     3.11370
     0.90726     0.42056    -0.00000
    -0.42056     0.90726    -0.00000
    -0.00000     0.00000     1.00000
           0           4           1           5
     6.58408   -14.00230     9.48910
     0.90726     0.42056    -0.00000
    -0.42056     0.90726    -0.00000
    -0.00000     0.00000     1.00000
           0           4           1           6
     6.58408   -14.00230    15.86450
     0.90726     0.42056    -0.00000
    -0.42056     0.90726    -0.00000
    -0.00000     0.00000     1.00000
           0           4           2           1
    10.21310   -13.19650   -15.97640
     0.79537     0.60613    -0.00000
    -0.60613     0.79537    -0.00000
    -0.00000     0.00000     1.00000
           0           4           2           2
    10.21310   -13.19650    -9.60104
     0.79537     0.60613    -0.00000
    -0.60613     0.79537    -0.00000
    -0.00000     0.00000     1.00000
           0           4           2           3
    10.21310   -13.19650    -3.22563
     0.79537     0.60613    -0.00000
    -0.60613     0.79537    -0.00000
    -0.00000     0.00000     1.00000
           0           4           2           4
    10.21310   -13.19650     3.14977
     0.79537     0.60613    -0.00000
    -0.60613     0.79537    -0.00000
    -0.00000     0.00000     1.00000
           0           4           2           5
    10.21310   -13.19650     9.52516
     0.79537     0.60613    -0.00000
    -0.60613     0.79537    -0.00000
    -0.00000     0.00000     1.00000
           0           4           2           6
    10.21310   -13.19650    15.90060
     0.79537     0.60613    -0.00000
    -0.60613     0.79537    -0.00000
    -0.00000     0.00000     1.00000
           0           4           3           1
    13.55750   -11.68930   -16.01250
     0.65764     0.75333    -0.00000
    -0.75333     0.65764    -0.00000
    -0.00000     0.00000     1.00000
           0           4           3           2
    13.55750   -11.68930    -9.63710
     0.65764     0.75333    -0.00000
    -0.75333     0.65764    -0.00000
    -0.00000     0.00000     1.00000
           0           4           3           3
    13.55750   -11.68930    -3.26170
     0.65764     0.75333    -0.00000
    -0.75333     0.65764    -0.00000
    -0.00000     0.00000     1.00000
           0           4           3           4
    13.55750   -11.68930     3.11370
     0.65764     0.75333    -0.00000
    -0.75333     0.65764    -0.00000
    -0.00000     0.00000     1.00000
           0           4           3           5
    13.55750   -11.68930     9.48910
     0.65764     0.75333    -0.00000
    -0.75333     0.65764    -0.00000
    -0.00000     0.00000     1.00000
           0           4           3           6
    13.55750   -11.68930    15.86450
     0.65764     0.75333    -0.00000
    -0.75333     0.65764    -0.00000
    -0.00000     0.00000     1.00000
           0           4           4           1
    13.50420    -7.41289   -16.00160
     0.48603     0.87394    -0.00000
    -0.87394     0.48603    -0.00000
    -0.00000     0.00000     1.00000
           0           4           4           2
    13.50420    -7.41289    -9.62625
     0.48603     0.87394    -0.00000
    -0.87394     0.48603    -0.00000
    -0.00000     0.00000     1.00000
           0           4           4           3
    13.50420    -7.41289    -3.25085
     0.48603     0.87394    -0.00000
    -0.87394     0.48603    -0.00000
    -0.00000     0.00000     1.00000
           0           4           4           4
    13.50420    -7.41289     3.12455
     0.48603     0.87394    -0.00000
    -0.87394     0.48603    -0.00000
    -0.00000     0.00000     1.00000
           0           4           4           5
    13.50420    -7.41289     9.49995
     0.48603     0.87394    -0.00000
    -0.87394     0.48603    -0.00000
    -0.00000     0.00000     1.00000
           0           4           4           6
    13.50420    -7.41289    15.87540
     0.48603     0.87394    -0.00000
    -0.87394     0.48603    -0.00000
    -0.00000     0.00000     1.00000
           0           4           5           1
    16.03190    -4.62944   -16.01250
     0.28636     0.95812    -0.00000
    -0.95812     0.28636    -0.00000
    -0.00000     0.00000     1.00000
           0           4           5           2
    16.03190    -4.62944    -9.63710
     0.28636     0.95812    -0.00000
    -0.95812     0.28636    -0.00000
    -0.00000     0.00000     1.00000
           0           4           5           3
    16.03190    -4.62944    -3.26170
     0.28636     0.95812    -0.00000
    -0.95812     0.28636    -0.00000
    -0.00000     0.00000     1.00000
           0           4           5           4
    16.03190    -4.62944     3.11370
     0.28636     0.95812    -0.00000
    -0.95812     0.28636    -0.00000
    -0.00000     0.00000     1.00000
           0           4           5           5
    16.03190    -4.62944     9.48910
     0.28636     0.95812    -0.00000
    -0.95812     0.28636    -0.00000
    -0.00000     0.00000     1.00000
           0           4           5           6
    16.03190    -4.62944    15.86450
     0.28636     0.95812    -0.00000
    -0.95812     0.28636    -0.00000
    -0.00000     0.00000     1.00000
           0           4           6           1
    17.84840    -1.48190   -16.01270
     0.08837     0.99609    -0.00000
    -0.99609     0.08837    -0.00000
    -0.00000     0.00000     1.00000
           0           4           6           2
    17.84840    -1.48190    -9.63732
     0.08837     0.99609    -0.00000
    -0.99609     0.08837    -0.00000
    -0.00000     0.00000     1.00000
           0           4           6           3
    17.84840    -1.48190    -3.26192
     0.08837     0.99609    -0.00000
    -0.99609     0.08837    -0.00000
    -0.00000     0.00000     1.00000
           0           4           6           4
    17.84840    -1.48190     3.11348
     0.08837     0.99609    -0.00000
    -0.99609     0.08837    -0.00000
    -0.00000     0.00000     1.00000
           0           4           6           5
    17.84840    -1.48190     9.48888
     0.08837     0.99609    -0.00000
    -0.99609     0.08837    -0.00000
    -0.00000     0.00000     1.00000
           0           4           6           6
    17.84840    -1.48190    15.86430
     0.08837     0.99609    -0.00000
    -0.99609     0.08837    -0.00000
    -0.00000     0.00000     1.00000
           0           4           7           1
    15.38450     1.95882   -16.00580
    -0.12135     0.99261     0.00000
    -0.99261    -0.12135     0.00000
     0.00000     0.00000     1.00000
           0           4           7           2
    15.38450     1.95882    -9.63043
    -0.12135     0.99261     0.00000
    -0.99261    -0.12135     0.00000
     0.00000     0.00000     1.00000
           0           4           7           3
    15.38450     1.95882    -3.25503
    -0.12135     0.99261     0.00000
    -0.99261    -0.12135     0.00000
     0.00000     0.00000     1.00000
           0           4           7           4
    15.38450     1.95882     3.12037
    -0.12135     0.99261     0.00000
    -0.99261    -0.12135     0.00000
     0.00000     0.00000     1.00000
           0           4           7           5
    15.38450     1.95882     9.49577
    -0.12135     0.99261     0.00000
    -0.99261    -0.12135     0.00000
     0.00000     0.00000     1.00000
           0           4           7           6
    15.38450     1.95882    15.87120
    -0.12135     0.99261     0.00000
    -0.99261    -0.12135     0.00000
     0.00000     0.00000     1.00000
           0           4           8           1
    15.55310     5.56791   -16.00820
    -0.33233     0.94316     0.00000
    -0.94316    -0.33233     0.00000
     0.00000     0.00000     1.00000
           0           4           8           2
    15.55310     5.56791    -9.63276
    -0.33233     0.94316     0.00000
    -0.94316    -0.33233     0.00000
     0.00000     0.00000     1.00000
           0           4           8           3
    15.55310     5.56791    -3.25736
    -0.33233     0.94316     0.00000
    -0.94316    -0.33233     0.00000
     0.00000     0.00000     1.00000
           0           4           8           4
    15.55310     5.56791     3.11804
    -0.33233     0.94316     0.00000
    -0.94316    -0.33233     0.00000
     0.00000     0.00000     1.00000
           0           4           8           5
    15.55310     5.56791     9.49344
    -0.33233     0.94316     0.00000
    -0.94316    -0.33233     0.00000
     0.00000     0.00000     1.00000
           0           4           8           6
    15.55310     5.56791    15.86880
    -0.33233     0.94316     0.00000
    -0.94316    -0.33233     0.00000
     0.00000     0.00000     1.00000
           0           4           9           1
    15.30310     9.32602   -16.00680
    -0.51474     0.85735     0.00000
    -0.85735    -0.51474     0.00000
     0.00000     0.00000     1.00000
           0           4           9           2
    15.30310     9.32602    -9.63139
    -0.51474     0.85735     0.00000
    -0.85735    -0.51474     0.00000
     0.00000     0.00000     1.00000
           0           4           9           3
    15.30310     9.32602    -3.25599
    -0.51474     0.85735     0.00000
    -0.85735    -0.51474     0.00000
     0.00000     0.00000     1.00000
           0           4           9           4
    15.30310     9.32602     3.11941
    -0.51474     0.85735     0.00000
    -0.85735    -0.51474     0.00000
     0.00000     0.00000     1.00000
           0           4           9           5
    15.30310     9.32602     9.49481
    -0.51474     0.85735     0.00000
    -0.85735    -0.51474     0.00000
     0.00000     0.00000     1.00000
           0           4           9           6
    15.30310     9.32602    15.87020
    -0.51474     0.85735     0.00000
    -0.85735    -0.51474     0.00000
     0.00000     0.00000     1.00000
           0           4          10           1
    11.23870    10.63510   -16.01250
    -0.68225     0.73112     0.00000
    -0.73112    -0.68225     0.00000
     0.00000     0.00000     1.00000
           0           4          10           2
    11.23870    10.63510    -9.63710
    -0.68225     0.73112     0.00000
    -0.73112    -0.68225     0.00000
     0.00000     0.00000     1.00000
           0           4          10           3
    11.23870    10.63510    -3.26170
    -0.68225     0.73112     0.00000
    -0.73112    -0.68225     0.00000
     0.00000     0.00000     1.00000
           0           4          10           4
    11.23870    10.63510     3.11370
    -0.68225     0.73112     0.00000
    -0.73112    -0.68225     0.00000
     0.00000     0.00000     1.00000
           0           4          10           5
    11.23870    10.63510     9.48910
    -0.68225     0.73112     0.00000
    -0.73112    -0.68225     0.00000
     0.00000     0.00000     1.00000
           0           4          10           6
    11.23870    10.63510    15.86450
    -0.68225     0.73112     0.00000
    -0.73112    -0.68225     0.00000
     0.00000     0.00000     1.00000
           0           4          11           1
     9.37232    13.80640   -16.01250
    -0.82373     0.56698     0.00000
    -0.56698    -0.82373     0.00000
     0.00000     0.00000     1.00000
           0           4          11           2
     9.37232    13.80640    -9.63710
    -0.82373     0.56698     0.00000
    -0.56698    -0.82373     0.00000
     0.00000     0.00000     1.00000
           0           4          11           3
     9.37232    13.80640    -3.26170
    -0.82373     0.56698     0.00000
    -0.56698    -0.82373     0.00000
     0.00000     0.00000     1.00000
           0           4          11           4
     9.37232    13.80640     3.11370
    -0.82373     0.56698     0.00000
    -0.56698    -0.82373     0.00000
     0.00000     0.00000     1.00000
           0           4          11           5
     9.37232    13.80640     9.48910
    -0.82373     0.56698     0.00000
    -0.56698    -0.82373     0.00000
     0.00000     0.00000     1.00000
           0           4          11           6
     9.37232    13.80640    15.86450
    -0.82373     0.56698     0.00000
    -0.56698    -0.82373     0.00000
     0.00000     0.00000     1.00000
           0           4          12           1
     6.74016    16.38910   -16.00550
    -0.92071     0.39025     0.00000
    -0.39025    -0.92071     0.00000
     0.00000     0.00000     1.00000
           0           4          12           2
     6.74016    16.38910    -9.63014
    -0.92071     0.39025     0.00000
    -0.39025    -0.92071     0.00000
     0.00000     0.00000     1.00000
           0           4          12           3
     6.74016    16.38910    -3.25474
    -0.92071     0.39025     0.00000
    -0.39025    -0.92071     0.00000
     0.00000     0.00000     1.00000
           0           4          12           4
     6.74016    16.38910     3.12066
    -0.92071     0.39025     0.00000
    -0.39025    -0.92071     0.00000
     0.00000     0.00000     1.00000
           0           4          12           5
     6.74016    16.38910     9.49606
    -0.92071     0.39025     0.00000
    -0.39025    -0.92071     0.00000
     0.00000     0.00000     1.00000
           0           4          12           6
     6.74016    16.38910    15.87150
    -0.92071     0.39025     0.00000
    -0.39025    -0.92071     0.00000
     0.00000     0.00000     1.00000
           0           4          13           1
    -6.74887    16.39050    15.94360
     0.92071     0.39025     0.00000
     0.39025    -0.92071     0.00000
     0.00000    -0.00000    -1.00000
           0           4          13           2
    -6.74887    16.39050     9.56816
     0.92071     0.39025     0.00000
     0.39025    -0.92071     0.00000
     0.00000    -0.00000    -1.00000
           0           4          13           3
    -6.74887    16.39050     3.19275
     0.92071     0.39025     0.00000
     0.39025    -0.92071     0.00000
     0.00000    -0.00000    -1.00000
           0           4          13           4
    -6.74888    16.39050    -3.18265
     0.92071     0.39025     0.00000
     0.39025    -0.92071     0.00000
     0.00000    -0.00000    -1.00000
           0           4          13           5
    -6.74888    16.39050    -9.55804
     0.92071     0.39025     0.00000
     0.39025    -0.92071     0.00000
     0.00000    -0.00000    -1.00000
           0           4          13           6
    -6.74888    16.39050   -15.93340
     0.92071     0.39025     0.00000
     0.39025    -0.92071     0.00000
     0.00000    -0.00000    -1.00000
           0           4          14           1
    -9.37353    13.80550    16.00460
     0.82373     0.56698     0.00000
     0.56698    -0.82373     0.00000
     0.00000    -0.00000    -1.00000
           0           4          14           2
    -9.37353    13.80550     9.62920
     0.82373     0.56698     0.00000
     0.56698    -0.82373     0.00000
     0.00000    -0.00000    -1.00000
           0           4          14           3
    -9.37353    13.80550     3.25380
     0.82373     0.56698     0.00000
     0.56698    -0.82373     0.00000
     0.00000    -0.00000    -1.00000
           0           4          14           4
    -9.37353    13.80550    -3.12160
     0.82373     0.56698     0.00000
     0.56698    -0.82373     0.00000
     0.00000    -0.00000    -1.00000
           0           4          14           5
    -9.37353    13.80550    -9.49700
     0.82373     0.56698     0.00000
     0.56698    -0.82373     0.00000
     0.00000    -0.00000    -1.00000
           0           4          14           6
    -9.37353    13.80550   -15.87240
     0.82373     0.56698     0.00000
     0.56698    -0.82373     0.00000
     0.00000    -0.00000    -1.00000
           0           4          15           1
   -11.22510    10.60100    15.98770
     0.68225     0.73112    -0.00000
     0.73112    -0.68225    -0.00000
    -0.00000     0.00000    -1.00000
           0           4          15           2
   -11.22510    10.60100     9.61231
     0.68225     0.73112    -0.00000
     0.73112    -0.68225    -0.00000
    -0.00000     0.00000    -1.00000
           0           4          15           3
   -11.22510    10.60100     3.23691
     0.68225     0.73112    -0.00000
     0.73112    -0.68225    -0.00000
    -0.00000     0.00000    -1.00000
           0           4          15           4
   -11.22510    10.60100    -3.13849
     0.68225     0.73112    -0.00000
     0.73112    -0.68225    -0.00000
    -0.00000     0.00000    -1.00000
           0           4          15           5
   -11.22510    10.60100    -9.51389
     0.68225     0.73112    -0.00000
     0.73112    -0.68225    -0.00000
    -0.00000     0.00000    -1.00000
           0           4          15           6
   -11.22510    10.60100   -15.88930
     0.68225     0.73112    -0.00000
     0.73112    -0.68225    -0.00000
    -0.00000     0.00000    -1.00000
           0           4          16           1
   -15.24300     9.28611    15.98720
     0.51474     0.85735    -0.00000
     0.85735    -0.51474    -0.00000
    -0.00000     0.00000    -1.00000
           0           4          16           2
   -15.24300     9.28611     9.61176
     0.51474     0.85735    -0.00000
     0.85735    -0.51474    -0.00000
    -0.00000     0.00000    -1.00000
           0           4          16           3
   -15.24300     9.28611     3.23636
     0.51474     0.85735    -0.00000
     0.85735    -0.51474    -0.00000
    -0.00000     0.00000    -1.00000
           0           4          16           4
   -15.24300     9.28611    -3.13904
     0.51474     0.85735    -0.00000
     0.85735    -0.51474    -0.00000
    -0.00000     0.00000    -1.00000
           0           4          16           5
   -15.24300     9.28611    -9.51444
     0.51474     0.85735    -0.00000
     0.85735    -0.51474    -0.00000
    -0.00000     0.00000    -1.00000
           0           4          16           6
   -15.24300     9.28611   -15.88980
     0.51474     0.85735    -0.00000
     0.85735    -0.51474    -0.00000
    -0.00000     0.00000    -1.00000
           0           4          17           1
   -15.69290     5.67359    16.00460
     0.33233     0.94316    -0.00000
     0.94316    -0.33233    -0.00000
    -0.00000     0.00000    -1.00000
           0           4          17           2
   -15.69290     5.67359     9.62920
     0.33233     0.94316    -0.00000
     0.94316    -0.33233    -0.00000
    -0.00000     0.00000    -1.00000
           0           4          17           3
   -15.69290     5.67359     3.25380
     0.33233     0.94316    -0.00000
     0.94316    -0.33233    -0.00000
    -0.00000     0.00000    -1.00000
           0           4          17           4
   -15.69290     5.67359    -3.12160
     0.33233     0.94316    -0.00000
     0.94316    -0.33233    -0.00000
    -0.00000     0.00000    -1.00000
           0           4          17           5
   -15.69290     5.67359    -9.49700
     0.33233     0.94316    -0.00000
     0.94316    -0.33233    -0.00000
    -0.00000     0.00000    -1.00000
           0           4          17           6
   -15.69290     5.67359   -15.87240
     0.33233     0.94316    -0.00000
     0.94316    -0.33233    -0.00000
    -0.00000     0.00000    -1.00000
           0           4          18           1
   -15.38070     1.97101    15.98630
     0.12135     0.99261    -0.00000
     0.99261    -0.12135    -0.00000
    -0.00000     0.00000    -1.00000
           0           4          18           2
   -15.38070     1.97101     9.61085
     0.12135     0.99261    -0.00000
     0.99261    -0.12135    -0.00000
    -0.00000     0.00000    -1.00000
           0           4          18           3
   -15.38070     1.97101     3.23545
     0.12135     0.99261    -0.00000
     0.99261    -0.12135    -0.00000
    -0.00000     0.00000    -1.00000
           0           4          18           4
   -15.38070     1.97101    -3.13995
     0.12135     0.99261    -0.00000
     0.99261    -0.12135    -0.00000
    -0.00000     0.00000    -1.00000
           0           4          18           5
   -15.38070     1.97101    -9.51535
     0.12135     0.99261    -0.00000
     0.99261    -0.12135    -0.00000
    -0.00000     0.00000    -1.00000
           0           4          18           6
   -15.38070     1.97101   -15.89070
     0.12135     0.99261    -0.00000
     0.99261    -0.12135    -0.00000
    -0.00000     0.00000    -1.00000
           0           4          19           1
   -17.84110    -1.46323    16.00460
    -0.08837     0.99609    -0.00000
     0.99609     0.08837    -0.00000
    -0.00000    -0.00000    -1.00000
           0           4          19           2
   -17.84110    -1.46323     9.62920
    -0.08837     0.99609    -0.00000
     0.99609     0.08837    -0.00000
    -0.00000    -0.00000    -1.00000
           0           4          19           3
   -17.84110    -1.46323     3.25380
    -0.08837     0.99609    -0.00000
     0.99609     0.08837    -0.00000
    -0.00000    -0.00000    -1.00000
           0           4          19           4
   -17.84110    -1.46323    -3.12160
    -0.08837     0.99609    -0.00000
     0.99609     0.08837    -0.00000
    -0.00000    -0.00000    -1.00000
           0           4          19           5
   -17.84110    -1.46323    -9.49700
    -0.08837     0.99609    -0.00000
     0.99609     0.08837    -0.00000
    -0.00000    -0.00000    -1.00000
           0           4          19           6
   -17.84110    -1.46323   -15.87240
    -0.08837     0.99609    -0.00000
     0.99609     0.08837    -0.00000
    -0.00000    -0.00000    -1.00000
           0           4          20           1
   -16.04670    -4.67932    15.98960
    -0.28636     0.95812    -0.00000
     0.95812     0.28636    -0.00000
    -0.00000    -0.00000    -1.00000
           0           4          20           2
   -16.04670    -4.67932     9.61421
    -0.28636     0.95812    -0.00000
     0.95812     0.28636    -0.00000
    -0.00000    -0.00000    -1.00000
           0           4          20           3
   -16.04670    -4.67932     3.23881
    -0.28636     0.95812    -0.00000
     0.95812     0.28636    -0.00000
    -0.00000    -0.00000    -1.00000
           0           4          20           4
   -16.04670    -4.67932    -3.13659
    -0.28636     0.95812    -0.00000
     0.95812     0.28636    -0.00000
    -0.00000    -0.00000    -1.00000
           0           4          20           5
   -16.04670    -4.67932    -9.51199
    -0.28636     0.95812    -0.00000
     0.95812     0.28636    -0.00000
    -0.00000    -0.00000    -1.00000
           0           4          20           6
   -16.04670    -4.67932   -15.88740
    -0.28636     0.95812    -0.00000
     0.95812     0.28636    -0.00000
    -0.00000    -0.00000    -1.00000
           0           4          21           1
   -13.59440    -7.42271    15.99960
    -0.48603     0.87394    -0.00000
     0.87394     0.48603    -0.00000
    -0.00000    -0.00000    -1.00000
           0           4          21           2
   -13.59440    -7.42271     9.62420
    -0.48603     0.87394    -0.00000
     0.87394     0.48603    -0.00000
    -0.00000    -0.00000    -1.00000
           0           4          21           3
   -13.59440    -7.42271     3.24880
    -0.48603     0.87394    -0.00000
     0.87394     0.48603    -0.00000
    -0.00000    -0.00000    -1.00000
           0           4          21           4
   -13.59440    -7.42271    -3.12660
    -0.48603     0.87394    -0.00000
     0.87394     0.48603    -0.00000
    -0.00000    -0.00000    -1.00000
           0           4          21           5
   -13.59440    -7.42271    -9.50200
    -0.48603     0.87394    -0.00000
     0.87394     0.48603    -0.00000
    -0.00000    -0.00000    -1.00000
           0           4          21           6
   -13.59440    -7.42271   -15.87740
    -0.48603     0.87394    -0.00000
     0.87394     0.48603    -0.00000
    -0.00000    -0.00000    -1.00000
           0           4          22           1
   -13.53330   -11.65110    15.97030
    -0.65764     0.75333    -0.00000
     0.75333     0.65764    -0.00000
    -0.00000    -0.00000    -1.00000
           0           4          22           2
   -13.53330   -11.65110     9.59489
    -0.65764     0.75333    -0.00000
     0.75333     0.65764    -0.00000
    -0.00000    -0.00000    -1.00000
           0           4          22           3
   -13.53330   -11.65110     3.21949
    -0.65764     0.75333    -0.00000
     0.75333     0.65764    -0.00000
    -0.00000    -0.00000    -1.00000
           0           4          22           4
   -13.53330   -11.65110    -3.15591
    -0.65764     0.75333    -0.00000
     0.75333     0.65764    -0.00000
    -0.00000    -0.00000    -1.00000
           0           4          22           5
   -13.53330   -11.65110    -9.53131
    -0.65764     0.75333    -0.00000
     0.75333     0.65764    -0.00000
    -0.00000    -0.00000    -1.00000
           0           4          22           6
   -13.53330   -11.65110   -15.90670
    -0.65764     0.75333    -0.00000
     0.75333     0.65764    -0.00000
    -0.00000    -0.00000    -1.00000
           0           4          23           1
   -10.62570   -13.72550    16.00460
    -0.79537     0.60613    -0.00000
     0.60613     0.79537    -0.00000
    -0.00000    -0.00000    -1.00000
           0           4          23           2
   -10.62570   -13.72550     9.62920
    -0.79537     0.60613    -0.00000
     0.60613     0.79537    -0.00000
    -0.00000    -0.00000    -1.00000
           0           4          23           3
   -10.62570   -13.72550     3.25380
    -0.79537     0.60613    -0.00000
     0.60613     0.79537    -0.00000
    -0.00000    -0.00000    -1.00000
           0           4          23           4
   -10.62570   -13.72550    -3.12160
    -0.79537     0.60613    -0.00000
     0.60613     0.79537    -0.00000
    -0.00000    -0.00000    -1.00000
           0           4          23           5
   -10.62570   -13.72550    -9.49700
    -0.79537     0.60613    -0.00000
     0.60613     0.79537    -0.00000
    -0.00000    -0.00000    -1.00000
           0           4          23           6
   -10.62570   -13.72550   -15.87240
    -0.79537     0.60613    -0.00000
     0.60613     0.79537    -0.00000
    -0.00000    -0.00000    -1.00000
           0           4          24           1
    -6.68238   -13.95560    16.00460
    -0.90726     0.42056    -0.00000
     0.42056     0.90726    -0.00000
    -0.00000    -0.00000    -1.00000
           0           4          24           2
    -6.68239   -13.95560     9.62920
    -0.90726     0.42056    -0.00000
     0.42056     0.90726    -0.00000
    -0.00000    -0.00000    -1.00000
           0           4          24           3
    -6.68239   -13.95560     3.25380
    -0.90726     0.42056    -0.00000
     0.42056     0.90726    -0.00000
    -0.00000    -0.00000    -1.00000
           0           4          24           4
    -6.68239   -13.95560    -3.12160
    -0.90726     0.42056    -0.00000
     0.42056     0.90726    -0.00000
    -0.00000    -0.00000    -1.00000
           0           4          24           5
    -6.68239   -13.95560    -9.49700
    -0.90726     0.42056    -0.00000
     0.42056     0.90726    -0.00000
    -0.00000    -0.00000    -1.00000
           0           4          24           6
    -6.68239   -13.95560   -15.87240
    -0.90726     0.42056    -0.00000
     0.42056     0.90726    -0.00000
    -0.00000    -0.00000    -1.00000
