 SVX cage parameters:
     2.20000
     0.50000     0.20000
     0.00000
           6
   -40.00000   -26.50000   -26.50000    26.50000    26.50000    40.00000
    53.00000    53.00000    22.14782    22.14782    53.00000    53.00000
     0.00000     0.00000     0.00000
 SVX barrel parameters:
           4
     2.63000     5.19260    11.76500    16.68700     1.14100
     0.00000     0.00000     0.00000     0.00000
           4           4           5           6
     0.69600     0.69600     1.74500     1.74500
     0.01000     0.01000     0.03125     0.03125
     2.83600     2.83600     3.18770     3.18770
     0.01900     0.01900     0.00000     0.00000
     0.02000     0.02000     0.00000     0.00000
    26.70000    13.62600    17.00000    12.00000
   -13.00000   -12.98000     0.00000     0.00000
           2
           5           5
     0.00000   180.00000
           2
          10          10
     0.00000   180.00000
           2
           8           8
     0.00000   180.00000
           2
          12          12
     0.00000   180.00000
 SVX barrel sensor rotation matrices and translation vectors:
           0           1           1           1
     1.60627    -2.12409     8.58780
     0.63841     0.76970     0.00000
    -0.76970     0.63841     0.00076
     0.00058    -0.00049     1.00000
           0           1           1           2
     1.60139    -2.12323     2.89581
     0.63838     0.76972     0.00000
    -0.76972     0.63838     0.00076
     0.00058    -0.00049     1.00000
           0           1           1           3
     1.59652    -2.12239    -2.79619
     0.63837     0.76973     0.00000
    -0.76973     0.63837     0.00076
     0.00058    -0.00049     1.00000
           0           1           1           4
     1.59165    -2.12155    -8.48819
     0.63836     0.76974     0.00000
    -0.76974     0.63836     0.00076
     0.00059    -0.00049     1.00000
           0           1           2           1
     2.37654    -1.18347     8.58973
     0.22404     0.97458     0.00000
    -0.97458     0.22404     0.00087
     0.00085    -0.00019     1.00000
           0           1           2           2
     2.37166    -1.18259     2.89775
     0.22402     0.97459     0.00000
    -0.97459     0.22402     0.00087
     0.00085    -0.00019     1.00000
           0           1           2           3
     2.36678    -1.18172    -2.79426
     0.22398     0.97459     0.00000
    -0.97459     0.22398     0.00087
     0.00085    -0.00019     1.00000
           0           1           2           4
     2.36191    -1.18085    -8.48625
     0.22396     0.97460     0.00000
    -0.97460     0.22396     0.00087
     0.00085    -0.00019     1.00000
           0           1           3           1
     2.64390     0.00053     8.59026
    -0.23726     0.97145     0.00000
    -0.97145    -0.23726     0.00080
     0.00078     0.00019     1.00000
           0           1           3           2
     2.63899     0.00143     2.89825
    -0.23728     0.97144     0.00000
    -0.97144    -0.23728     0.00080
     0.00078     0.00019     1.00000
           0           1           3           3
     2.63408     0.00231    -2.79374
    -0.23731     0.97143     0.00000
    -0.97143    -0.23731     0.00080
     0.00078     0.00019     1.00000
           0           1           3           4
     2.62918     0.00319    -8.48575
    -0.23734     0.97143     0.00000
    -0.97143    -0.23734     0.00080
     0.00078     0.00019     1.00000
           0           1           4           1
     2.34593     1.17709     8.59609
    -0.64807     0.76158     0.00000
    -0.76158    -0.64807     0.00056
     0.00043     0.00036     1.00000
           0           1           4           2
     2.34101     1.17797     2.90410
    -0.64808     0.76157     0.00000
    -0.76157    -0.64808     0.00056
     0.00043     0.00036     1.00000
           0           1           4           3
     2.33608     1.17883    -2.78791
    -0.64810     0.76156     0.00000
    -0.76156    -0.64810     0.00056
     0.00043     0.00036     1.00000
           0           1           4           4
     2.33115     1.17969    -8.47989
    -0.64811     0.76155     0.00000
    -0.76155    -0.64811     0.00056
     0.00043     0.00036     1.00000
           0           1           5           1
     1.55291     2.10047     8.59025
    -0.92153     0.38832     0.00000
    -0.38832    -0.92153     0.00020
     0.00008     0.00018     1.00000
           0           1           5           2
     1.54796     2.10131     2.89826
    -0.92153     0.38831     0.00000
    -0.38831    -0.92153     0.00020
     0.00008     0.00018     1.00000
           0           1           5           3
     1.54303     2.10214    -2.79374
    -0.92153     0.38830     0.00000
    -0.38830    -0.92153     0.00020
     0.00008     0.00018     1.00000
           0           1           5           4
     1.53809     2.10298    -8.48575
    -0.92154     0.38829     0.00000
    -0.38829    -0.92154     0.00020
     0.00008     0.00018     1.00000
           0           1           6           1
    -1.55595     2.07419    -8.59242
     0.92077     0.39009    -0.00000
     0.39009    -0.92077    -0.00114
    -0.00044     0.00105    -1.00000
           0           1           6           2
    -1.55051     2.06946    -2.90042
     0.92079     0.39007    -0.00000
     0.39007    -0.92079    -0.00114
    -0.00044     0.00105    -1.00000
           0           1           6           3
    -1.54509     2.06472     2.79157
     0.92080     0.39004    -0.00000
     0.39004    -0.92080    -0.00114
    -0.00044     0.00105    -1.00000
           0           1           6           4
    -1.53967     2.05999     8.48357
     0.92081     0.39001    -0.00000
     0.39001    -0.92081    -0.00114
    -0.00044     0.00105    -1.00000
           0           1           7           1
    -2.32922     1.15615    -8.59805
     0.64792     0.76171    -0.00000
     0.76171    -0.64792    -0.00126
    -0.00096     0.00082    -1.00000
           0           1           7           2
    -2.32380     1.15147    -2.90606
     0.64794     0.76169    -0.00000
     0.76169    -0.64794    -0.00126
    -0.00096     0.00082    -1.00000
           0           1           7           3
    -2.31838     1.14679     2.78594
     0.64797     0.76166    -0.00000
     0.76166    -0.64797    -0.00126
    -0.00096     0.00082    -1.00000
           0           1           7           4
    -2.31297     1.14211     8.47793
     0.64799     0.76165    -0.00000
     0.76164    -0.64799    -0.00126
    -0.00096     0.00082    -1.00000
           0           1           8           1
    -2.62092    -0.00761    -8.60551
     0.23653     0.97162    -0.00000
     0.97162    -0.23653    -0.00111
    -0.00108     0.00026    -1.00000
           0           1           8           2
    -2.61556    -0.01226    -2.91352
     0.23656     0.97162    -0.00000
     0.97162    -0.23656    -0.00111
    -0.00108     0.00026    -1.00000
           0           1           8           3
    -2.61018    -0.01691     2.77848
     0.23659     0.97161    -0.00000
     0.97161    -0.23659    -0.00111
    -0.00108     0.00026    -1.00000
           0           1           8           4
    -2.60483    -0.02156     8.47047
     0.23661     0.97161    -0.00000
     0.97160    -0.23661    -0.00111
    -0.00108     0.00026    -1.00000
           0           1           9           1
    -2.35874    -1.18522    -8.60115
    -0.22740     0.97380    -0.00000
     0.97380     0.22740    -0.00073
    -0.00071    -0.00017    -1.00000
           0           1           9           2
    -2.35341    -1.18989    -2.90915
    -0.22739     0.97380    -0.00000
     0.97380     0.22739    -0.00073
    -0.00071    -0.00017    -1.00000
           0           1           9           3
    -2.34809    -1.19457     2.78284
    -0.22738     0.97381    -0.00000
     0.97380     0.22738    -0.00073
    -0.00071    -0.00017    -1.00000
           0           1           9           4
    -2.34274    -1.19924     8.47484
    -0.22737     0.97381    -0.00000
     0.97381     0.22737    -0.00073
    -0.00071    -0.00017    -1.00000
           0           1          10           1
    -1.60078    -2.11376    -8.60574
    -0.63947     0.76882    -0.00000
     0.76882     0.63947    -0.00019
    -0.00015    -0.00012    -1.00000
           0           1          10           2
    -1.59546    -2.11849    -2.91375
    -0.63947     0.76882    -0.00000
     0.76882     0.63947    -0.00019
    -0.00015    -0.00012    -1.00000
           0           1          10           3
    -1.59014    -2.12324     2.77825
    -0.63948     0.76881    -0.00000
     0.76881     0.63948    -0.00019
    -0.00015    -0.00012    -1.00000
           0           1          10           4
    -1.58482    -2.12798     8.47024
    -0.63948     0.76881    -0.00000
     0.76881     0.63948    -0.00019
    -0.00015    -0.00012    -1.00000
           0           2           1           1
     2.52857    -4.56590     8.59608
     0.74557     0.66642     0.00000
    -0.66642     0.74557     0.00069
     0.00046    -0.00051     1.00000
           0           2           1           2
     2.52367    -4.56501     2.90408
     0.74557     0.66643     0.00000
    -0.66643     0.74557     0.00069
     0.00046    -0.00051     1.00000
           0           2           1           3
     2.51877    -4.56414    -2.78792
     0.74557     0.66643     0.00000
    -0.66643     0.74557     0.00069
     0.00046    -0.00051     1.00000
           0           2           1           4
     2.51389    -4.56328    -8.47993
     0.74556     0.66643     0.00000
    -0.66643     0.74556     0.00069
     0.00046    -0.00051     1.00000
           0           2           2           1
     3.52874    -3.85031     8.60447
     0.56811     0.82295     0.00000
    -0.82295     0.56811     0.00080
     0.00066    -0.00045     1.00000
           0           2           2           2
     3.52384    -3.84943     2.91248
     0.56811     0.82295     0.00000
    -0.82295     0.56811     0.00080
     0.00066    -0.00045     1.00000
           0           2           2           3
     3.51895    -3.84855    -2.77952
     0.56812     0.82295     0.00000
    -0.82295     0.56812     0.00080
     0.00066    -0.00045     1.00000
           0           2           2           4
     3.51405    -3.84769    -8.47152
     0.56812     0.82295     0.00000
    -0.82294     0.56812     0.00080
     0.00066    -0.00045     1.00000
           0           2           3           1
     4.34142    -2.91737     8.59855
     0.35766     0.93385     0.00000
    -0.93385     0.35766     0.00086
     0.00080    -0.00031     1.00000
           0           2           3           2
     4.33652    -2.91648     2.90655
     0.35766     0.93385     0.00000
    -0.93385     0.35766     0.00086
     0.00080    -0.00031     1.00000
           0           2           3           3
     4.33161    -2.91562    -2.78545
     0.35765     0.93386     0.00000
    -0.93386     0.35765     0.00086
     0.00080    -0.00031     1.00000
           0           2           3           4
     4.32672    -2.91474    -8.47745
     0.35765     0.93386     0.00000
    -0.93386     0.35765     0.00086
     0.00080    -0.00031     1.00000
           0           2           4           1
     4.89713    -1.81929     8.60208
     0.12821     0.99175     0.00000
    -0.99175     0.12821     0.00087
     0.00086    -0.00011     1.00000
           0           2           4           2
     4.89223    -1.81841     2.91008
     0.12821     0.99175     0.00000
    -0.99175     0.12821     0.00087
     0.00086    -0.00011     1.00000
           0           2           4           3
     4.88733    -1.81753    -2.78191
     0.12820     0.99175     0.00000
    -0.99175     0.12820     0.00087
     0.00086    -0.00011     1.00000
           0           2           4           4
     4.88244    -1.81665    -8.47391
     0.12821     0.99175     0.00000
    -0.99175     0.12821     0.00087
     0.00086    -0.00011     1.00000
           0           2           5           1
     5.19581    -0.61684     8.60168
    -0.10994     0.99394     0.00000
    -0.99394    -0.10994     0.00084
     0.00083     0.00009     1.00000
           0           2           5           2
     5.19091    -0.61595     2.90968
    -0.10994     0.99394     0.00000
    -0.99394    -0.10994     0.00084
     0.00083     0.00009     1.00000
           0           2           5           3
     5.18601    -0.61507    -2.78232
    -0.10994     0.99394     0.00000
    -0.99394    -0.10994     0.00084
     0.00083     0.00009     1.00000
           0           2           5           4
     5.18112    -0.61419    -8.47432
    -0.10994     0.99394     0.00000
    -0.99394    -0.10994     0.00084
     0.00083     0.00009     1.00000
           0           2           6           1
     5.18704     0.61395     8.60507
    -0.34028     0.94032     0.00000
    -0.94032    -0.34028     0.00076
     0.00071     0.00026     1.00000
           0           2           6           2
     5.18213     0.61484     2.91307
    -0.34028     0.94032     0.00000
    -0.94032    -0.34028     0.00076
     0.00071     0.00026     1.00000
           0           2           6           3
     5.17724     0.61572    -2.77893
    -0.34029     0.94032     0.00000
    -0.94032    -0.34029     0.00076
     0.00071     0.00026     1.00000
           0           2           6           4
     5.17235     0.61661    -8.47093
    -0.34029     0.94032     0.00000
    -0.94032    -0.34029     0.00076
     0.00071     0.00026     1.00000
           0           2           7           1
     4.89196     1.81425     8.60147
    -0.55259     0.83346     0.00000
    -0.83346    -0.55259     0.00063
     0.00053     0.00035     1.00000
           0           2           7           2
     4.88705     1.81514     2.90948
    -0.55259     0.83345     0.00000
    -0.83345    -0.55259     0.00063
     0.00053     0.00035     1.00000
           0           2           7           3
     4.88215     1.81602    -2.78252
    -0.55259     0.83345     0.00000
    -0.83345    -0.55259     0.00063
     0.00053     0.00035     1.00000
           0           2           7           4
     4.87726     1.81690    -8.47452
    -0.55259     0.83345     0.00000
    -0.83345    -0.55259     0.00063
     0.00053     0.00035     1.00000
           0           2           8           1
     4.31896     2.90115     8.60261
    -0.73288     0.68036     0.00000
    -0.68036    -0.73288     0.00047
     0.00032     0.00034     1.00000
           0           2           8           2
     4.31406     2.90204     2.91061
    -0.73288     0.68036     0.00000
    -0.68036    -0.73288     0.00047
     0.00032     0.00034     1.00000
           0           2           8           3
     4.30915     2.90291    -2.78139
    -0.73288     0.68036     0.00000
    -0.68036    -0.73288     0.00047
     0.00032     0.00034     1.00000
           0           2           8           4
     4.30426     2.90379    -8.47338
    -0.73288     0.68036     0.00000
    -0.68036    -0.73288     0.00047
     0.00032     0.00034     1.00000
           0           2           9           1
     3.51557     3.84344     8.59815
    -0.87306     0.48762     0.00000
    -0.48762    -0.87306     0.00029
     0.00014     0.00025     1.00000
           0           2           9           2
     3.51065     3.84432     2.90615
    -0.87306     0.48762     0.00000
    -0.48762    -0.87306     0.00029
     0.00014     0.00025     1.00000
           0           2           9           3
     3.50574     3.84521    -2.78585
    -0.87306     0.48762     0.00000
    -0.48762    -0.87306     0.00029
     0.00014     0.00025     1.00000
           0           2           9           4
     3.50084     3.84609    -8.47785
    -0.87306     0.48762     0.00000
    -0.48762    -0.87306     0.00029
     0.00014     0.00025     1.00000
           0           2          10           1
     2.50242     4.53730     8.60866
    -0.96315     0.26897     0.00000
    -0.26897    -0.96315     0.00008
     0.00002     0.00008     1.00000
           0           2          10           2
     2.49753     4.53817     2.91666
    -0.96315     0.26896     0.00000
    -0.26896    -0.96315     0.00008
     0.00002     0.00008     1.00000
           0           2          10           3
     2.49263     4.53904    -2.77533
    -0.96315     0.26896     0.00000
    -0.26896    -0.96315     0.00008
     0.00002     0.00008     1.00000
           0           2          10           4
     2.48775     4.53991    -8.46733
    -0.96315     0.26896     0.00000
    -0.26896    -0.96315     0.00008
     0.00002     0.00008     1.00000
           0           2          11           1
    -2.51064     4.53503    -8.59370
     0.96352     0.26765    -0.00000
     0.26765    -0.96352    -0.00105
    -0.00028     0.00101    -1.00000
           0           2          11           2
    -2.50522     4.53030    -2.90170
     0.96352     0.26765    -0.00000
     0.26765    -0.96352    -0.00105
    -0.00028     0.00101    -1.00000
           0           2          11           3
    -2.49979     4.52559     2.79029
     0.96352     0.26764    -0.00000
     0.26764    -0.96352    -0.00105
    -0.00028     0.00101    -1.00000
           0           2          11           4
    -2.49437     4.52087     8.48229
     0.96352     0.26764    -0.00000
     0.26764    -0.96352    -0.00105
    -0.00028     0.00101    -1.00000
           0           2          12           1
    -3.51933     3.82535    -8.59683
     0.87317     0.48741    -0.00000
     0.48741    -0.87317    -0.00119
    -0.00058     0.00104    -1.00000
           0           2          12           2
    -3.51391     3.82064    -2.90484
     0.87317     0.48741    -0.00000
     0.48741    -0.87317    -0.00119
    -0.00058     0.00104    -1.00000
           0           2          12           3
    -3.50848     3.81593     2.78716
     0.87317     0.48741    -0.00000
     0.48741    -0.87317    -0.00119
    -0.00058     0.00104    -1.00000
           0           2          12           4
    -3.50306     3.81122     8.47914
     0.87317     0.48741    -0.00000
     0.48741    -0.87317    -0.00119
    -0.00058     0.00104    -1.00000
           0           2          13           1
    -4.31520     2.88858    -8.60056
     0.73390     0.67926    -0.00000
     0.67926    -0.73390    -0.00125
    -0.00085     0.00092    -1.00000
           0           2          13           2
    -4.30978     2.88387    -2.90854
     0.73390     0.67926    -0.00000
     0.67926    -0.73390    -0.00125
    -0.00085     0.00092    -1.00000
           0           2          13           3
    -4.30436     2.87916     2.78346
     0.73390     0.67926    -0.00000
     0.67926    -0.73390    -0.00125
    -0.00085     0.00092    -1.00000
           0           2          13           4
    -4.29894     2.87445     8.47544
     0.73391     0.67925    -0.00000
     0.67924    -0.73391    -0.00125
    -0.00085     0.00092    -1.00000
           0           2          14           1
    -4.88080     1.80396    -8.59736
     0.55410     0.83245    -0.00000
     0.83245    -0.55410    -0.00125
    -0.00104     0.00069    -1.00000
           0           2          14           2
    -4.87538     1.79926    -2.90537
     0.55410     0.83245    -0.00000
     0.83245    -0.55410    -0.00125
    -0.00104     0.00069    -1.00000
           0           2          14           3
    -4.86996     1.79456     2.78663
     0.55411     0.83244    -0.00000
     0.83244    -0.55411    -0.00125
    -0.00104     0.00069    -1.00000
           0           2          14           4
    -4.86455     1.78986     8.47861
     0.55411     0.83244    -0.00000
     0.83244    -0.55411    -0.00125
    -0.00104     0.00069    -1.00000
           0           2          15           1
    -5.18144     0.60736    -8.59938
     0.34164     0.93983    -0.00000
     0.93983    -0.34164    -0.00118
    -0.00111     0.00040    -1.00000
           0           2          15           2
    -5.17602     0.60266    -2.90738
     0.34164     0.93983    -0.00000
     0.93983    -0.34164    -0.00118
    -0.00111     0.00040    -1.00000
           0           2          15           3
    -5.17061     0.59796     2.78461
     0.34164     0.93983    -0.00000
     0.93983    -0.34164    -0.00118
    -0.00111     0.00040    -1.00000
           0           2          15           4
    -5.16520     0.59325     8.47661
     0.34166     0.93983    -0.00000
     0.93982    -0.34165    -0.00118
    -0.00111     0.00040    -1.00000
           0           2          16           1
    -5.17231    -0.62614    -8.59576
     0.10971     0.99396    -0.00000
     0.99396    -0.10971    -0.00104
    -0.00103     0.00011    -1.00000
           0           2          16           2
    -5.16690    -0.63083    -2.90375
     0.10971     0.99396    -0.00000
     0.99396    -0.10971    -0.00104
    -0.00103     0.00011    -1.00000
           0           2          16           3
    -5.16149    -0.63552     2.78824
     0.10972     0.99396    -0.00000
     0.99396    -0.10972    -0.00104
    -0.00103     0.00011    -1.00000
           0           2          16           4
    -5.15608    -0.64021     8.48023
     0.10972     0.99396    -0.00000
     0.99396    -0.10972    -0.00104
    -0.00103     0.00011    -1.00000
           0           2          17           1
    -4.88893    -1.82311    -8.60078
    -0.12797     0.99178    -0.00000
     0.99178     0.12797    -0.00084
    -0.00083    -0.00011    -1.00000
           0           2          17           2
    -4.88352    -1.82781    -2.90879
    -0.12796     0.99178    -0.00000
     0.99178     0.12796    -0.00084
    -0.00083    -0.00011    -1.00000
           0           2          17           3
    -4.87812    -1.83250     2.78321
    -0.12797     0.99178    -0.00000
     0.99178     0.12797    -0.00084
    -0.00083    -0.00011    -1.00000
           0           2          17           4
    -4.87271    -1.83720     8.47520
    -0.12797     0.99178    -0.00000
     0.99178     0.12797    -0.00084
    -0.00083    -0.00011    -1.00000
           0           2          18           1
    -4.33189    -2.91776    -8.60335
    -0.35793     0.93375    -0.00000
     0.93375     0.35793    -0.00059
    -0.00055    -0.00021    -1.00000
           0           2          18           2
    -4.32649    -2.92247    -2.91136
    -0.35793     0.93375    -0.00000
     0.93375     0.35793    -0.00059
    -0.00055    -0.00021    -1.00000
           0           2          18           3
    -4.32108    -2.92717     2.78064
    -0.35793     0.93375    -0.00000
     0.93375     0.35793    -0.00059
    -0.00055    -0.00021    -1.00000
           0           2          18           4
    -4.31568    -2.93188     8.47264
    -0.35793     0.93375    -0.00000
     0.93375     0.35793    -0.00059
    -0.00055    -0.00021    -1.00000
           0           2          19           1
    -3.52817    -3.84617    -8.60251
    -0.56769     0.82324    -0.00000
     0.82324     0.56769    -0.00031
    -0.00026    -0.00018    -1.00000
           0           2          19           2
    -3.52278    -3.85088    -2.91051
    -0.56769     0.82324    -0.00000
     0.82324     0.56769    -0.00031
    -0.00026    -0.00018    -1.00000
           0           2          19           3
    -3.51738    -3.85559     2.78148
    -0.56769     0.82324    -0.00000
     0.82324     0.56769    -0.00031
    -0.00026    -0.00018    -1.00000
           0           2          19           4
    -3.51199    -3.86029     8.47348
    -0.56769     0.82324    -0.00000
     0.82324     0.56769    -0.00031
    -0.00026    -0.00018    -1.00000
           0           2          20           1
    -2.53651    -4.56966    -8.60590
    -0.74536     0.66666    -0.00000
     0.66666     0.74536    -0.00002
    -0.00001    -0.00001    -1.00000
           0           2          20           2
    -2.53110    -4.57439    -2.91391
    -0.74536     0.66666    -0.00000
     0.66666     0.74536    -0.00002
    -0.00001    -0.00001    -1.00000
           0           2          20           3
    -2.52570    -4.57912     2.77809
    -0.74537     0.66665    -0.00000
     0.66665     0.74537    -0.00002
    -0.00001    -0.00001    -1.00000
           0           2          20           4
    -2.52029    -4.58383     8.47008
    -0.74537     0.66665    -0.00000
     0.66665     0.74537    -0.00002
    -0.00001    -0.00001    -1.00000
           0           3           1           1
     5.65084   -10.34102    12.79928
    -0.87820    -0.47830     0.00000
    -0.47829     0.87820     0.00055
    -0.00026     0.00048    -1.00000
           0           3           1           2
     5.64534   -10.34003     6.42388
    -0.87820    -0.47829     0.00000
    -0.47829     0.87820     0.00055
    -0.00026     0.00048    -1.00000
           0           3           1           3
     5.63986   -10.33905     0.04848
    -0.87820    -0.47829     0.00000
    -0.47829     0.87820     0.00055
    -0.00026     0.00048    -1.00000
           0           3           1           4
     5.63437   -10.33806    -6.32691
    -0.87820    -0.47829     0.00000
    -0.47829     0.87820     0.00055
    -0.00026     0.00048    -1.00000
           0           3           1           5
     5.62888   -10.33707   -12.70231
    -0.87820    -0.47829     0.00000
    -0.47829     0.87820     0.00055
    -0.00026     0.00048    -1.00000
           0           3           2           1
     7.57429    -7.14660    12.79313
    -0.68736    -0.72631     0.00000
    -0.72631     0.68736     0.00073
    -0.00053     0.00050    -1.00000
           0           3           2           2
     7.56879    -7.14561     6.41774
    -0.68736    -0.72631     0.00000
    -0.72631     0.68736     0.00073
    -0.00053     0.00050    -1.00000
           0           3           2           3
     7.56330    -7.14463     0.04234
    -0.68736    -0.72631     0.00000
    -0.72631     0.68736     0.00073
    -0.00053     0.00050    -1.00000
           0           3           2           4
     7.55781    -7.14364    -6.33306
    -0.68736    -0.72631     0.00000
    -0.72631     0.68736     0.00073
    -0.00053     0.00050    -1.00000
           0           3           2           5
     7.55232    -7.14264   -12.70846
    -0.68736    -0.72631     0.00000
    -0.72631     0.68736     0.00073
    -0.00053     0.00050    -1.00000
           0           3           3           1
    11.55470    -5.66314    12.80701
    -0.44103    -0.89749     0.00000
    -0.89749     0.44103     0.00084
    -0.00075     0.00037    -1.00000
           0           3           3           2
    11.54921    -5.66215     6.43161
    -0.44103    -0.89749     0.00000
    -0.89749     0.44103     0.00084
    -0.00075     0.00037    -1.00000
           0           3           3           3
    11.54371    -5.66116     0.05621
    -0.44103    -0.89749     0.00000
    -0.89749     0.44103     0.00084
    -0.00075     0.00037    -1.00000
           0           3           3           4
    11.53823    -5.66017    -6.31918
    -0.44103    -0.89749     0.00000
    -0.89749     0.44103     0.00084
    -0.00075     0.00037    -1.00000
           0           3           3           5
    11.53274    -5.65918   -12.69458
    -0.44103    -0.89749     0.00000
    -0.89749     0.44103     0.00084
    -0.00075     0.00037    -1.00000
           0           3           4           1
    11.59783    -2.05952    12.80182
    -0.17569    -0.98445     0.00000
    -0.98445     0.17569     0.00087
    -0.00086     0.00015    -1.00000
           0           3           4           2
    11.59234    -2.05853     6.42642
    -0.17569    -0.98445     0.00000
    -0.98445     0.17569     0.00087
    -0.00086     0.00015    -1.00000
           0           3           4           3
    11.58686    -2.05754     0.05103
    -0.17569    -0.98445     0.00000
    -0.98445     0.17569     0.00087
    -0.00086     0.00015    -1.00000
           0           3           4           4
    11.58136    -2.05655    -6.32437
    -0.17569    -0.98445     0.00000
    -0.98445     0.17569     0.00087
    -0.00086     0.00015    -1.00000
           0           3           4           5
    11.57589    -2.05556   -12.69977
    -0.17569    -0.98445     0.00000
    -0.98445     0.17569     0.00087
    -0.00086     0.00015    -1.00000
           0           3           5           1
    10.28958     1.42516    12.79952
     0.13667    -0.99062     0.00000
    -0.99062    -0.13667     0.00083
    -0.00082    -0.00011    -1.00000
           0           3           5           2
    10.28409     1.42614     6.42413
     0.13666    -0.99062     0.00000
    -0.99062    -0.13666     0.00083
    -0.00082    -0.00011    -1.00000
           0           3           5           3
    10.27861     1.42713     0.04873
     0.13666    -0.99062     0.00000
    -0.99062    -0.13666     0.00083
    -0.00082    -0.00011    -1.00000
           0           3           5           4
    10.27312     1.42812    -6.32667
     0.13666    -0.99062     0.00000
    -0.99062    -0.13666     0.00083
    -0.00082    -0.00011    -1.00000
           0           3           5           5
    10.26764     1.42911   -12.70206
     0.13666    -0.99062     0.00000
    -0.99062    -0.13666     0.00083
    -0.00082    -0.00011    -1.00000
           0           3           6           1
    11.66126     5.44028    12.80274
     0.42273    -0.90625     0.00000
    -0.90625    -0.42273     0.00071
    -0.00064    -0.00030    -1.00000
           0           3           6           2
    11.65577     5.44128     6.42734
     0.42273    -0.90625     0.00000
    -0.90625    -0.42273     0.00071
    -0.00064    -0.00030    -1.00000
           0           3           6           3
    11.65029     5.44227     0.05194
     0.42273    -0.90625     0.00000
    -0.90625    -0.42273     0.00071
    -0.00064    -0.00030    -1.00000
           0           3           6           4
    11.64480     5.44326    -6.32345
     0.42273    -0.90625     0.00000
    -0.90625    -0.42273     0.00071
    -0.00064    -0.00030    -1.00000
           0           3           6           5
    11.63933     5.44425   -12.69885
     0.42273    -0.90625     0.00000
    -0.90625    -0.42273     0.00071
    -0.00064    -0.00030    -1.00000
           0           3           7           1
     8.87697     7.73426    12.80629
     0.65717    -0.75374     0.00000
    -0.75374    -0.65717     0.00055
    -0.00041    -0.00036    -1.00000
           0           3           7           2
     8.87148     7.73525     6.43089
     0.65717    -0.75374     0.00000
    -0.75374    -0.65717     0.00055
    -0.00041    -0.00036    -1.00000
           0           3           7           3
     8.86600     7.73624     0.05550
     0.65717    -0.75374     0.00000
    -0.75374    -0.65717     0.00055
    -0.00041    -0.00036    -1.00000
           0           3           7           4
     8.86053     7.73723    -6.31990
     0.65717    -0.75374     0.00000
    -0.75374    -0.65717     0.00055
    -0.00041    -0.00036    -1.00000
           0           3           7           5
     8.85504     7.73822   -12.69530
     0.65717    -0.75374     0.00000
    -0.75374    -0.65717     0.00055
    -0.00041    -0.00036    -1.00000
           0           3           8           1
     5.32620     8.90487    12.81467
     0.85863    -0.51259     0.00000
    -0.51259    -0.85863     0.00031
    -0.00016    -0.00027    -1.00000
           0           3           8           2
     5.32073     8.90585     6.43927
     0.85863    -0.51259     0.00000
    -0.51259    -0.85863     0.00031
    -0.00016    -0.00027    -1.00000
           0           3           8           3
     5.31525     8.90682     0.06387
     0.85863    -0.51259     0.00000
    -0.51259    -0.85863     0.00031
    -0.00016    -0.00027    -1.00000
           0           3           8           4
     5.30977     8.90780    -6.31152
     0.85863    -0.51259     0.00000
    -0.51259    -0.85863     0.00031
    -0.00016    -0.00027    -1.00000
           0           3           8           5
     5.30430     8.90878   -12.68692
     0.85863    -0.51259     0.00000
    -0.51259    -0.85863     0.00031
    -0.00016    -0.00027    -1.00000
           0           3           9           1
    -5.34217     8.90572   -12.80901
    -0.85812    -0.51344    -0.00000
     0.51344    -0.85812    -0.00120
     0.00062    -0.00103     1.00000
           0           3           9           2
    -5.33612     8.90045    -6.43362
    -0.85812    -0.51344    -0.00000
     0.51344    -0.85812    -0.00120
     0.00062    -0.00103     1.00000
           0           3           9           3
    -5.33005     8.89516    -0.05822
    -0.85812    -0.51344    -0.00000
     0.51344    -0.85812    -0.00120
     0.00062    -0.00103     1.00000
           0           3           9           4
    -5.32398     8.88989     6.31717
    -0.85812    -0.51344    -0.00000
     0.51344    -0.85812    -0.00120
     0.00062    -0.00103     1.00000
           0           3           9           5
    -5.31792     8.88460    12.69257
    -0.85812    -0.51344    -0.00000
     0.51344    -0.85812    -0.00120
     0.00062    -0.00103     1.00000
           0           3          10           1
    -8.88727     7.73969   -12.79731
    -0.65686    -0.75402    -0.00000
     0.75401    -0.65686    -0.00126
     0.00095    -0.00083     1.00000
           0           3          10           2
    -8.88121     7.73442    -6.42192
    -0.65686    -0.75402    -0.00000
     0.75401    -0.65686    -0.00126
     0.00095    -0.00083     1.00000
           0           3          10           3
    -8.87513     7.72914    -0.04652
    -0.65686    -0.75402    -0.00000
     0.75401    -0.65686    -0.00126
     0.00095    -0.00083     1.00000
           0           3          10           4
    -8.86905     7.72387     6.32887
    -0.65686    -0.75402    -0.00000
     0.75401    -0.65686    -0.00126
     0.00095    -0.00083     1.00000
           0           3          10           5
    -8.86299     7.71859    12.70427
    -0.65686    -0.75402    -0.00000
     0.75401    -0.65686    -0.00126
     0.00095    -0.00083     1.00000
           0           3          11           1
   -11.69153     5.47416   -12.79804
    -0.42354    -0.90588    -0.00000
     0.90588    -0.42354    -0.00121
     0.00110    -0.00051     1.00000
           0           3          11           2
   -11.68547     5.46889    -6.42264
    -0.42354    -0.90588    -0.00000
     0.90588    -0.42354    -0.00121
     0.00110    -0.00051     1.00000
           0           3          11           3
   -11.67940     5.46361    -0.04725
    -0.42354    -0.90588    -0.00000
     0.90588    -0.42354    -0.00121
     0.00110    -0.00051     1.00000
           0           3          11           4
   -11.67333     5.45833     6.32815
    -0.42354    -0.90588    -0.00000
     0.90588    -0.42354    -0.00121
     0.00110    -0.00051     1.00000
           0           3          11           5
   -11.66726     5.45305    12.70354
    -0.42354    -0.90588    -0.00000
     0.90588    -0.42354    -0.00121
     0.00110    -0.00051     1.00000
           0           3          12           1
   -10.30408     1.43089   -12.80393
    -0.13603    -0.99071    -0.00000
     0.99070    -0.13603    -0.00106
     0.00105    -0.00014     1.00000
           0           3          12           2
   -10.29800     1.42563    -6.42853
    -0.13603    -0.99071    -0.00000
     0.99070    -0.13603    -0.00106
     0.00105    -0.00014     1.00000
           0           3          12           3
   -10.29192     1.42035    -0.05314
    -0.13603    -0.99071    -0.00000
     0.99070    -0.13603    -0.00106
     0.00105    -0.00014     1.00000
           0           3          12           4
   -10.28584     1.41509     6.32226
    -0.13603    -0.99071    -0.00000
     0.99070    -0.13603    -0.00106
     0.00105    -0.00014     1.00000
           0           3          12           5
   -10.27977     1.40981    12.69765
    -0.13603    -0.99071    -0.00000
     0.99070    -0.13603    -0.00106
     0.00105    -0.00014     1.00000
           0           3          13           1
   -11.57735    -2.06486   -12.80232
     0.17758    -0.98411    -0.00000
     0.98411     0.17758    -0.00079
     0.00078     0.00014     1.00000
           0           3          13           2
   -11.57127    -2.07012    -6.42693
     0.17758    -0.98411    -0.00000
     0.98411     0.17758    -0.00079
     0.00078     0.00014     1.00000
           0           3          13           3
   -11.56518    -2.07538    -0.05153
     0.17758    -0.98411    -0.00000
     0.98411     0.17758    -0.00079
     0.00078     0.00014     1.00000
           0           3          13           4
   -11.55910    -2.08064     6.32386
     0.17758    -0.98411    -0.00000
     0.98411     0.17758    -0.00079
     0.00078     0.00014     1.00000
           0           3          13           5
   -11.55302    -2.08589    12.69926
     0.17758    -0.98411    -0.00000
     0.98411     0.17758    -0.00079
     0.00078     0.00014     1.00000
           0           3          14           1
   -11.55147    -5.66393   -12.81203
     0.44226    -0.89689    -0.00000
     0.89689     0.44226    -0.00049
     0.00044     0.00022     1.00000
           0           3          14           2
   -11.54540    -5.66921    -6.43664
     0.44226    -0.89689    -0.00000
     0.89689     0.44226    -0.00049
     0.00044     0.00022     1.00000
           0           3          14           3
   -11.53932    -5.67448    -0.06124
     0.44226    -0.89689    -0.00000
     0.89689     0.44226    -0.00049
     0.00044     0.00022     1.00000
           0           3          14           4
   -11.53324    -5.67976     6.31415
     0.44226    -0.89689    -0.00000
     0.89689     0.44226    -0.00049
     0.00044     0.00022     1.00000
           0           3          14           5
   -11.52716    -5.68504    12.68955
     0.44226    -0.89689    -0.00000
     0.89689     0.44226    -0.00049
     0.00044     0.00022     1.00000
           0           3          15           1
    -7.53000    -7.10231   -12.80735
     0.68837    -0.72536    -0.00000
     0.72536     0.68837    -0.00012
     0.00009     0.00008     1.00000
           0           3          15           2
    -7.52394    -7.10756    -6.43195
     0.68837    -0.72536    -0.00000
     0.72536     0.68837    -0.00012
     0.00009     0.00008     1.00000
           0           3          15           3
    -7.51788    -7.11279    -0.05656
     0.68837    -0.72536    -0.00000
     0.72536     0.68837    -0.00012
     0.00009     0.00008     1.00000
           0           3          15           4
    -7.51182    -7.11804     6.31884
     0.68837    -0.72536    -0.00000
     0.72536     0.68837    -0.00012
     0.00009     0.00008     1.00000
           0           3          15           5
    -7.50574    -7.12327    12.69423
     0.68837    -0.72536    -0.00000
     0.72536     0.68837    -0.00012
     0.00009     0.00008     1.00000
           0           3          16           1
    -5.65841   -10.34090   -12.81436
     0.87855    -0.47766     0.00000
     0.47766     0.87855     0.00027
    -0.00013    -0.00024     1.00000
           0           3          16           2
    -5.65231   -10.34618    -6.43897
     0.87855    -0.47766     0.00000
     0.47766     0.87855     0.00027
    -0.00013    -0.00024     1.00000
           0           3          16           3
    -5.64622   -10.35144    -0.06357
     0.87855    -0.47766     0.00000
     0.47766     0.87855     0.00027
    -0.00013    -0.00024     1.00000
           0           3          16           4
    -5.64014   -10.35672     6.31182
     0.87855    -0.47766     0.00000
     0.47766     0.87855     0.00027
    -0.00013    -0.00024     1.00000
           0           3          16           5
    -5.63404   -10.36200    12.68722
     0.87855    -0.47766     0.00000
     0.47766     0.87855     0.00027
    -0.00013    -0.00024     1.00000
           0           4           1           1
     6.51955   -14.07277   -15.89173
     0.90744     0.42017     0.00000
    -0.42017     0.90744     0.00050
     0.00021    -0.00045     1.00000
           0           4           1           2
     6.52503   -14.07377    -9.51633
     0.90744     0.42017     0.00000
    -0.42017     0.90744     0.00050
     0.00021    -0.00045     1.00000
           0           4           1           3
     6.53051   -14.07476    -3.14093
     0.90744     0.42017     0.00000
    -0.42017     0.90744     0.00050
     0.00021    -0.00045     1.00000
           0           4           1           4
     6.53599   -14.07575     3.23447
     0.90744     0.42017     0.00000
    -0.42017     0.90744     0.00050
     0.00021    -0.00045     1.00000
           0           4           1           5
     6.54147   -14.07674     9.60986
     0.90744     0.42017     0.00000
    -0.42017     0.90744     0.00050
     0.00021    -0.00045     1.00000
           0           4           1           6
     6.54695   -14.07774    15.98526
     0.90744     0.42017     0.00000
    -0.42017     0.90744     0.00050
     0.00021    -0.00045     1.00000
           0           4           2           1
    10.10967   -13.27760   -15.90086
     0.79587     0.60546     0.00000
    -0.60546     0.79587     0.00064
     0.00039    -0.00051     1.00000
           0           4           2           2
    10.11515   -13.27859    -9.52547
     0.79587     0.60546     0.00000
    -0.60546     0.79587     0.00064
     0.00039    -0.00051     1.00000
           0           4           2           3
    10.12065   -13.27958    -3.15007
     0.79587     0.60546     0.00000
    -0.60546     0.79587     0.00064
     0.00039    -0.00051     1.00000
           0           4           2           4
    10.12613   -13.28057     3.22533
     0.79587     0.60546     0.00000
    -0.60546     0.79587     0.00064
     0.00039    -0.00051     1.00000
           0           4           2           5
    10.13162   -13.28156     9.60073
     0.79587     0.60546     0.00000
    -0.60546     0.79587     0.00064
     0.00039    -0.00051     1.00000
           0           4           2           6
    10.13711   -13.28255    15.97612
     0.79587     0.60546     0.00000
    -0.60546     0.79587     0.00064
     0.00039    -0.00051     1.00000
           0           4           3           1
    13.42070   -11.71226   -15.90424
     0.65796     0.75305     0.00000
    -0.75305     0.65796     0.00075
     0.00056    -0.00049     1.00000
           0           4           3           2
    13.42618   -11.71325    -9.52884
     0.65796     0.75305     0.00000
    -0.75305     0.65796     0.00075
     0.00056    -0.00049     1.00000
           0           4           3           3
    13.43166   -11.71424    -3.15344
     0.65796     0.75305     0.00000
    -0.75305     0.65796     0.00075
     0.00056    -0.00049     1.00000
           0           4           3           4
    13.43715   -11.71523     3.22196
     0.65796     0.75305     0.00000
    -0.75305     0.65796     0.00075
     0.00056    -0.00049     1.00000
           0           4           3           5
    13.44263   -11.71623     9.59735
     0.65796     0.75305     0.00000
    -0.75305     0.65796     0.00075
     0.00056    -0.00049     1.00000
           0           4           3           6
    13.44812   -11.71722    15.97275
     0.65796     0.75305     0.00000
    -0.75305     0.65796     0.00075
     0.00056    -0.00049     1.00000
           0           4           4           1
    13.54154    -7.52003   -15.89216
     0.48624     0.87382     0.00000
    -0.87382     0.48624     0.00083
     0.00073    -0.00040     1.00000
           0           4           4           2
    13.54702    -7.52103    -9.51677
     0.48624     0.87382     0.00000
    -0.87382     0.48624     0.00083
     0.00073    -0.00040     1.00000
           0           4           4           3
    13.55249    -7.52203    -3.14137
     0.48624     0.87382     0.00000
    -0.87382     0.48624     0.00083
     0.00073    -0.00040     1.00000
           0           4           4           4
    13.55798    -7.52302     3.23403
     0.48624     0.87382     0.00000
    -0.87382     0.48624     0.00083
     0.00073    -0.00040     1.00000
           0           4           4           5
    13.56346    -7.52401     9.60943
     0.48624     0.87382     0.00000
    -0.87382     0.48624     0.00083
     0.00073    -0.00040     1.00000
           0           4           4           6
    13.56894    -7.52500    15.98482
     0.48624     0.87382     0.00000
    -0.87382     0.48624     0.00083
     0.00073    -0.00040     1.00000
           0           4           5           1
    15.99420    -4.76240   -15.90565
     0.28629     0.95814     0.00000
    -0.95814     0.28629     0.00087
     0.00083    -0.00025     1.00000
           0           4           5           2
    15.99968    -4.76339    -9.53025
     0.28629     0.95814     0.00000
    -0.95814     0.28629     0.00087
     0.00083    -0.00025     1.00000
           0           4           5           3
    16.00516    -4.76438    -3.15485
     0.28629     0.95814     0.00000
    -0.95814     0.28629     0.00087
     0.00083    -0.00025     1.00000
           0           4           5           4
    16.01065    -4.76537     3.22054
     0.28629     0.95814     0.00000
    -0.95814     0.28629     0.00087
     0.00083    -0.00025     1.00000
           0           4           5           5
    16.01613    -4.76637     9.59594
     0.28629     0.95814     0.00000
    -0.95814     0.28629     0.00087
     0.00083    -0.00025     1.00000
           0           4           5           6
    16.02163    -4.76736    15.97134
     0.28628     0.95815     0.00000
    -0.95815     0.28628     0.00087
     0.00083    -0.00025     1.00000
           0           4           6           1
    17.79597    -1.56579   -15.89990
     0.08861     0.99607     0.00000
    -0.99607     0.08861     0.00087
     0.00087    -0.00008     1.00000
           0           4           6           2
    17.80145    -1.56678    -9.52451
     0.08861     0.99607     0.00000
    -0.99607     0.08861     0.00087
     0.00087    -0.00008     1.00000
           0           4           6           3
    17.80693    -1.56777    -3.14911
     0.08861     0.99607     0.00000
    -0.99607     0.08861     0.00087
     0.00087    -0.00008     1.00000
           0           4           6           4
    17.81242    -1.56876     3.22629
     0.08861     0.99607     0.00000
    -0.99607     0.08861     0.00087
     0.00087    -0.00008     1.00000
           0           4           6           5
    17.81790    -1.56975     9.60169
     0.08861     0.99607     0.00000
    -0.99607     0.08861     0.00087
     0.00087    -0.00008     1.00000
           0           4           6           6
    17.82339    -1.57074    15.97708
     0.08861     0.99607     0.00000
    -0.99607     0.08861     0.00087
     0.00087    -0.00008     1.00000
           0           4           7           1
    15.35669     1.88215   -15.90447
    -0.12049     0.99271     0.00000
    -0.99271    -0.12049     0.00084
     0.00083     0.00010     1.00000
           0           4           7           2
    15.36216     1.88117    -9.52908
    -0.12049     0.99271     0.00000
    -0.99271    -0.12049     0.00084
     0.00083     0.00010     1.00000
           0           4           7           3
    15.36765     1.88019    -3.15368
    -0.12049     0.99271     0.00000
    -0.99271    -0.12049     0.00084
     0.00083     0.00010     1.00000
           0           4           7           4
    15.37313     1.87920     3.22172
    -0.12049     0.99271     0.00000
    -0.99271    -0.12049     0.00084
     0.00083     0.00010     1.00000
           0           4           7           5
    15.37862     1.87822     9.59712
    -0.12049     0.99271     0.00000
    -0.99271    -0.12049     0.00084
     0.00083     0.00010     1.00000
           0           4           7           6
    15.38409     1.87724    15.97251
    -0.12049     0.99271     0.00000
    -0.99271    -0.12049     0.00084
     0.00083     0.00010     1.00000
           0           4           8           1
    15.72490     5.54908   -15.91262
    -0.33174     0.94337     0.00000
    -0.94337    -0.33174     0.00076
     0.00072     0.00025     1.00000
           0           4           8           2
    15.73036     5.54809    -9.53722
    -0.33174     0.94337     0.00000
    -0.94337    -0.33174     0.00076
     0.00072     0.00025     1.00000
           0           4           8           3
    15.73585     5.54710    -3.16183
    -0.33174     0.94337     0.00000
    -0.94337    -0.33174     0.00076
     0.00072     0.00025     1.00000
           0           4           8           4
    15.74133     5.54611     3.21357
    -0.33174     0.94337     0.00000
    -0.94337    -0.33174     0.00076
     0.00072     0.00025     1.00000
           0           4           8           5
    15.74682     5.54512     9.58897
    -0.33174     0.94337     0.00000
    -0.94337    -0.33174     0.00076
     0.00072     0.00025     1.00000
           0           4           8           6
    15.75230     5.54414    15.96437
    -0.33174     0.94337     0.00000
    -0.94337    -0.33174     0.00076
     0.00072     0.00025     1.00000
           0           4           9           1
    15.30879     9.21562   -15.90126
    -0.51490     0.85725     0.00000
    -0.85725    -0.51490     0.00066
     0.00057     0.00034     1.00000
           0           4           9           2
    15.31428     9.21463    -9.52586
    -0.51490     0.85725     0.00000
    -0.85725    -0.51490     0.00066
     0.00057     0.00034     1.00000
           0           4           9           3
    15.31977     9.21363    -3.15046
    -0.51490     0.85725     0.00000
    -0.85725    -0.51490     0.00066
     0.00057     0.00034     1.00000
           0           4           9           4
    15.32525     9.21263     3.22494
    -0.51490     0.85725     0.00000
    -0.85725    -0.51490     0.00066
     0.00057     0.00034     1.00000
           0           4           9           5
    15.33074     9.21164     9.60033
    -0.51490     0.85725     0.00000
    -0.85725    -0.51490     0.00066
     0.00057     0.00034     1.00000
           0           4           9           6
    15.33623     9.21063    15.97573
    -0.51490     0.85725     0.00000
    -0.85725    -0.51490     0.00066
     0.00057     0.00034     1.00000
           0           4          10           1
    11.33229    10.57807   -15.90857
    -0.68159     0.73173     0.00000
    -0.73173    -0.68159     0.00052
     0.00038     0.00035     1.00000
           0           4          10           2
    11.33775    10.57709    -9.53318
    -0.68159     0.73173     0.00000
    -0.73173    -0.68159     0.00052
     0.00038     0.00035     1.00000
           0           4          10           3
    11.34323    10.57611    -3.15778
    -0.68159     0.73173     0.00000
    -0.73173    -0.68159     0.00052
     0.00038     0.00035     1.00000
           0           4          10           4
    11.34870    10.57513     3.21762
    -0.68159     0.73173     0.00000
    -0.73173    -0.68159     0.00052
     0.00038     0.00035     1.00000
           0           4          10           5
    11.35418    10.57414     9.59302
    -0.68159     0.73173     0.00000
    -0.73173    -0.68159     0.00052
     0.00038     0.00035     1.00000
           0           4          10           6
    11.35965    10.57316    15.96842
    -0.68159     0.73173     0.00000
    -0.73173    -0.68159     0.00052
     0.00038     0.00035     1.00000
           0           4          11           1
     9.46261    13.75910   -15.89687
    -0.82348     0.56735     0.00000
    -0.56735    -0.82348     0.00036
     0.00020     0.00030     1.00000
           0           4          11           2
     9.46809    13.75811    -9.52147
    -0.82348     0.56735     0.00000
    -0.56735    -0.82348     0.00036
     0.00020     0.00030     1.00000
           0           4          11           3
     9.47358    13.75712    -3.14607
    -0.82348     0.56735     0.00000
    -0.56735    -0.82348     0.00036
     0.00020     0.00030     1.00000
           0           4          11           4
     9.47906    13.75612     3.22933
    -0.82348     0.56735     0.00000
    -0.56735    -0.82348     0.00036
     0.00020     0.00030     1.00000
           0           4          11           5
     9.48455    13.75513     9.60472
    -0.82348     0.56735     0.00000
    -0.56735    -0.82348     0.00036
     0.00020     0.00030     1.00000
           0           4          11           6
     9.49003    13.75414    15.98012
    -0.82348     0.56735     0.00000
    -0.56735    -0.82348     0.00036
     0.00020     0.00030     1.00000
           0           4          12           1
     6.97493    16.46059   -15.89929
    -0.92050     0.39074     0.00000
    -0.39074    -0.92050     0.00019
     0.00007     0.00017     1.00000
           0           4          12           2
     6.98043    16.45960    -9.52389
    -0.92050     0.39074     0.00000
    -0.39074    -0.92050     0.00019
     0.00007     0.00017     1.00000
           0           4          12           3
     6.98592    16.45859    -3.14849
    -0.92050     0.39074     0.00000
    -0.39074    -0.92050     0.00019
     0.00007     0.00017     1.00000
           0           4          12           4
     6.99141    16.45760     3.22690
    -0.92050     0.39074     0.00000
    -0.39074    -0.92050     0.00019
     0.00007     0.00017     1.00000
           0           4          12           5
     6.99691    16.45660     9.60230
    -0.92050     0.39074     0.00000
    -0.39074    -0.92050     0.00019
     0.00007     0.00017     1.00000
           0           4          12           6
     7.00240    16.45561    15.97770
    -0.92050     0.39074     0.00000
    -0.39074    -0.92050     0.00019
     0.00007     0.00017     1.00000
           0           4          13           1
    -6.98928    16.43360    15.89880
     0.92063     0.39044    -0.00000
     0.39044    -0.92063    -0.00113
    -0.00044     0.00104    -1.00000
           0           4          13           2
    -6.99536    16.43887     9.52340
     0.92063     0.39044    -0.00000
     0.39044    -0.92063    -0.00113
    -0.00044     0.00104    -1.00000
           0           4          13           3
    -7.00144    16.44414     3.14801
     0.92063     0.39044    -0.00000
     0.39044    -0.92063    -0.00113
    -0.00044     0.00104    -1.00000
           0           4          13           4
    -7.00753    16.44941    -3.22739
     0.92063     0.39044    -0.00000
     0.39044    -0.92063    -0.00113
    -0.00044     0.00104    -1.00000
           0           4          13           5
    -7.01361    16.45466    -9.60278
     0.92063     0.39044    -0.00000
     0.39044    -0.92063    -0.00113
    -0.00044     0.00104    -1.00000
           0           4          13           6
    -7.01969    16.45993   -15.97818
     0.92063     0.39044    -0.00000
     0.39044    -0.92063    -0.00113
    -0.00044     0.00104    -1.00000
           0           4          14           1
    -9.45877    13.74002    15.87695
     0.82447     0.56591    -0.00000
     0.56591    -0.82447    -0.00122
    -0.00069     0.00101    -1.00000
           0           4          14           2
    -9.46484    13.74530     9.50155
     0.82447     0.56591    -0.00000
     0.56591    -0.82447    -0.00122
    -0.00069     0.00101    -1.00000
           0           4          14           3
    -9.47092    13.75057     3.12616
     0.82447     0.56591    -0.00000
     0.56591    -0.82447    -0.00122
    -0.00069     0.00101    -1.00000
           0           4          14           4
    -9.47700    13.75585    -3.24924
     0.82447     0.56591    -0.00000
     0.56591    -0.82447    -0.00122
    -0.00069     0.00101    -1.00000
           0           4          14           5
    -9.48307    13.76112    -9.62463
     0.82447     0.56591    -0.00000
     0.56591    -0.82447    -0.00122
    -0.00069     0.00101    -1.00000
           0           4          14           6
    -9.48914    13.76641   -16.00003
     0.82447     0.56591    -0.00000
     0.56591    -0.82447    -0.00122
    -0.00069     0.00101    -1.00000
           0           4          15           1
   -11.34901    10.53634    15.90243
     0.68164     0.73169    -0.00000
     0.73168    -0.68164    -0.00126
    -0.00092     0.00086    -1.00000
           0           4          15           2
   -11.35509    10.54162     9.52704
     0.68164     0.73169    -0.00000
     0.73168    -0.68164    -0.00126
    -0.00092     0.00086    -1.00000
           0           4          15           3
   -11.36116    10.54689     3.15164
     0.68164     0.73168    -0.00000
     0.73168    -0.68164    -0.00126
    -0.00092     0.00086    -1.00000
           0           4          15           4
   -11.36724    10.55217    -3.22375
     0.68164     0.73168    -0.00000
     0.73168    -0.68164    -0.00126
    -0.00092     0.00086    -1.00000
           0           4          15           5
   -11.37331    10.55744    -9.59915
     0.68164     0.73168    -0.00000
     0.73168    -0.68164    -0.00126
    -0.00092     0.00086    -1.00000
           0           4          15           6
   -11.37938    10.56272   -15.97454
     0.68164     0.73168    -0.00000
     0.73168    -0.68164    -0.00126
    -0.00092     0.00086    -1.00000
           0           4          16           1
   -15.34466     9.19888    15.90601
     0.51560     0.85683    -0.00000
     0.85683    -0.51560    -0.00124
    -0.00106     0.00064    -1.00000
           0           4          16           2
   -15.35073     9.20417     9.53062
     0.51560     0.85683    -0.00000
     0.85683    -0.51560    -0.00124
    -0.00106     0.00064    -1.00000
           0           4          16           3
   -15.35680     9.20944     3.15522
     0.51560     0.85683    -0.00000
     0.85683    -0.51559    -0.00124
    -0.00106     0.00064    -1.00000
           0           4          16           4
   -15.36287     9.21473    -3.22017
     0.51559     0.85683    -0.00000
     0.85683    -0.51559    -0.00124
    -0.00106     0.00064    -1.00000
           0           4          16           5
   -15.36895     9.22000    -9.59557
     0.51559     0.85683    -0.00000
     0.85683    -0.51559    -0.00124
    -0.00106     0.00064    -1.00000
           0           4          16           6
   -15.37501     9.22529   -15.97096
     0.51559     0.85683    -0.00000
     0.85683    -0.51559    -0.00124
    -0.00106     0.00064    -1.00000
           0           4          17           1
   -15.76555     5.53419    15.91319
     0.33298     0.94293    -0.00000
     0.94293    -0.33298    -0.00117
    -0.00110     0.00039    -1.00000
           0           4          17           2
   -15.77163     5.53947     9.53780
     0.33298     0.94293    -0.00000
     0.94293    -0.33298    -0.00117
    -0.00110     0.00039    -1.00000
           0           4          17           3
   -15.77770     5.54474     3.16240
     0.33298     0.94293    -0.00000
     0.94293    -0.33298    -0.00117
    -0.00110     0.00039    -1.00000
           0           4          17           4
   -15.78376     5.55003    -3.21299
     0.33298     0.94293    -0.00000
     0.94293    -0.33298    -0.00117
    -0.00110     0.00039    -1.00000
           0           4          17           5
   -15.78983     5.55530    -9.58839
     0.33298     0.94293    -0.00000
     0.94293    -0.33298    -0.00117
    -0.00110     0.00039    -1.00000
           0           4          17           6
   -15.79591     5.56058   -15.96379
     0.33298     0.94293    -0.00000
     0.94293    -0.33298    -0.00117
    -0.00110     0.00039    -1.00000
           0           4          18           1
   -15.41800     1.85953    15.87645
     0.12173     0.99256    -0.00000
     0.99256    -0.12173    -0.00105
    -0.00104     0.00013    -1.00000
           0           4          18           2
   -15.42407     1.86480     9.50106
     0.12173     0.99256    -0.00000
     0.99256    -0.12173    -0.00105
    -0.00104     0.00013    -1.00000
           0           4          18           3
   -15.43013     1.87007     3.12566
     0.12173     0.99256    -0.00000
     0.99256    -0.12173    -0.00105
    -0.00104     0.00013    -1.00000
           0           4          18           4
   -15.43620     1.87533    -3.24973
     0.12173     0.99256    -0.00000
     0.99256    -0.12173    -0.00105
    -0.00104     0.00013    -1.00000
           0           4          18           5
   -15.44228     1.88061    -9.62513
     0.12173     0.99256    -0.00000
     0.99256    -0.12173    -0.00105
    -0.00104     0.00013    -1.00000
           0           4          18           6
   -15.44835     1.88587   -16.00052
     0.12173     0.99256    -0.00000
     0.99256    -0.12173    -0.00105
    -0.00104     0.00013    -1.00000
           0           4          19           1
   -17.83432    -1.61515    15.88794
    -0.08853     0.99607    -0.00000
     0.99607     0.08853    -0.00088
    -0.00088    -0.00008    -1.00000
           0           4          19           2
   -17.84040    -1.60986     9.51255
    -0.08853     0.99607    -0.00000
     0.99607     0.08853    -0.00088
    -0.00088    -0.00008    -1.00000
           0           4          19           3
   -17.84646    -1.60455     3.13715
    -0.08853     0.99607    -0.00000
     0.99607     0.08853    -0.00088
    -0.00088    -0.00008    -1.00000
           0           4          19           4
   -17.85255    -1.59926    -3.23824
    -0.08853     0.99607    -0.00000
     0.99607     0.08853    -0.00088
    -0.00088    -0.00008    -1.00000
           0           4          19           5
   -17.85863    -1.59396    -9.61364
    -0.08853     0.99607    -0.00000
     0.99607     0.08853    -0.00088
    -0.00088    -0.00008    -1.00000
           0           4          19           6
   -17.86470    -1.58867   -15.98903
    -0.08853     0.99607    -0.00000
     0.99607     0.08853    -0.00088
    -0.00088    -0.00008    -1.00000
           0           4          20           1
   -16.00217    -4.82027    15.88763
    -0.28686     0.95797    -0.00000
     0.95797     0.28686    -0.00068
    -0.00065    -0.00020    -1.00000
           0           4          20           2
   -16.00825    -4.81500     9.51223
    -0.28686     0.95797    -0.00000
     0.95797     0.28686    -0.00068
    -0.00065    -0.00020    -1.00000
           0           4          20           3
   -16.01433    -4.80971     3.13684
    -0.28686     0.95797    -0.00000
     0.95797     0.28686    -0.00068
    -0.00065    -0.00020    -1.00000
           0           4          20           4
   -16.02041    -4.80444    -3.23856
    -0.28686     0.95797    -0.00000
     0.95797     0.28686    -0.00068
    -0.00065    -0.00020    -1.00000
           0           4          20           5
   -16.02648    -4.79916    -9.61395
    -0.28686     0.95797    -0.00000
     0.95797     0.28686    -0.00068
    -0.00065    -0.00020    -1.00000
           0           4          20           6
   -16.03256    -4.79389   -15.98935
    -0.28686     0.95797    -0.00000
     0.95797     0.28686    -0.00068
    -0.00065    -0.00020    -1.00000
           0           4          21           1
   -13.59110    -7.60493    15.88253
    -0.48699     0.87341    -0.00000
     0.87341     0.48699    -0.00043
    -0.00038    -0.00021    -1.00000
           0           4          21           2
   -13.59717    -7.59966     9.50714
    -0.48699     0.87341    -0.00000
     0.87341     0.48699    -0.00043
    -0.00038    -0.00021    -1.00000
           0           4          21           3
   -13.60325    -7.59438     3.13174
    -0.48699     0.87341    -0.00000
     0.87341     0.48699    -0.00043
    -0.00038    -0.00021    -1.00000
           0           4          21           4
   -13.60933    -7.58911    -3.24365
    -0.48699     0.87341    -0.00000
     0.87341     0.48699    -0.00043
    -0.00038    -0.00021    -1.00000
           0           4          21           5
   -13.61541    -7.58383    -9.61905
    -0.48699     0.87341    -0.00000
     0.87341     0.48699    -0.00043
    -0.00038    -0.00021    -1.00000
           0           4          21           6
   -13.62149    -7.57856   -15.99444
    -0.48699     0.87341    -0.00000
     0.87341     0.48699    -0.00043
    -0.00038    -0.00021    -1.00000
           0           4          22           1
   -13.47906   -11.81081    15.88181
    -0.65825     0.75280    -0.00000
     0.75280     0.65825    -0.00017
    -0.00013    -0.00011    -1.00000
           0           4          22           2
   -13.48516   -11.80553     9.50642
    -0.65825     0.75280    -0.00000
     0.75280     0.65825    -0.00017
    -0.00013    -0.00011    -1.00000
           0           4          22           3
   -13.49125   -11.80024     3.13102
    -0.65825     0.75280    -0.00000
     0.75280     0.65825    -0.00017
    -0.00013    -0.00011    -1.00000
           0           4          22           4
   -13.49736   -11.79494    -3.24437
    -0.65825     0.75280    -0.00000
     0.75280     0.65825    -0.00017
    -0.00013    -0.00011    -1.00000
           0           4          22           5
   -13.50345   -11.78965    -9.61977
    -0.65825     0.75280    -0.00000
     0.75280     0.65825    -0.00017
    -0.00013    -0.00011    -1.00000
           0           4          22           6
   -13.50955   -11.78435   -15.99516
    -0.65825     0.75280    -0.00000
     0.75280     0.65825    -0.00017
    -0.00013    -0.00011    -1.00000
           0           4          23           1
   -10.14189   -13.34137    15.87726
    -0.79562     0.60580     0.00000
     0.60580     0.79562     0.00008
     0.00005     0.00006    -1.00000
           0           4          23           2
   -10.14798   -13.33608     9.50187
    -0.79562     0.60580     0.00000
     0.60580     0.79562     0.00008
     0.00005     0.00006    -1.00000
           0           4          23           3
   -10.15408   -13.33080     3.12647
    -0.79562     0.60580     0.00000
     0.60580     0.79562     0.00008
     0.00005     0.00006    -1.00000
           0           4          23           4
   -10.16017   -13.32551    -3.24892
    -0.79562     0.60580     0.00000
     0.60580     0.79562     0.00008
     0.00005     0.00006    -1.00000
           0           4          23           5
   -10.16626   -13.32023    -9.62431
    -0.79562     0.60580     0.00000
     0.60580     0.79562     0.00008
     0.00005     0.00006    -1.00000
           0           4          23           6
   -10.17235   -13.31494   -15.99971
    -0.79562     0.60580     0.00000
     0.60580     0.79562     0.00008
     0.00005     0.00006    -1.00000
           0           4          24           1
    -6.54408   -14.13516    15.86988
    -0.90728     0.42052     0.00000
     0.42052     0.90728     0.00035
     0.00015     0.00032    -1.00000
           0           4          24           2
    -6.55016   -14.12988     9.49448
    -0.90728     0.42052     0.00000
     0.42052     0.90728     0.00035
     0.00015     0.00032    -1.00000
           0           4          24           3
    -6.55623   -14.12461     3.11909
    -0.90728     0.42052     0.00000
     0.42052     0.90728     0.00035
     0.00015     0.00032    -1.00000
           0           4          24           4
    -6.56230   -14.11932    -3.25631
    -0.90728     0.42052     0.00000
     0.42052     0.90728     0.00035
     0.00015     0.00032    -1.00000
           0           4          24           5
    -6.56837   -14.11405    -9.63170
    -0.90728     0.42052     0.00000
     0.42052     0.90728     0.00035
     0.00015     0.00032    -1.00000
           0           4          24           6
    -6.57445   -14.10877   -16.00710
    -0.90728     0.42052     0.00000
     0.42052     0.90728     0.00035
     0.00015     0.00032    -1.00000
