 SVX cage parameters:
     2.20000
     0.50000     0.20000
     0.00000
           6
   -40.00000   -26.50000   -26.50000    26.50000    26.50000    40.00000
    53.00000    53.00000    22.14782    22.14782    53.00000    53.00000
     0.00000     0.00000     0.00000
 SVX barrel parameters:
           4
     2.63000     5.19260    11.76500    16.68700     1.14100
     0.00000     0.00000     0.00000     0.00000
           4           4           5           6
     0.69600     0.69600     1.74500     1.74500
     0.01000     0.01000     0.03125     0.03125
     2.83600     2.83600     3.18770     3.18770
     0.01900     0.01900     0.00000     0.00000
     0.02000     0.02000     0.00000     0.00000
    26.70000    13.62600    17.00000    12.00000
   -13.00000   -12.98000     0.00000     0.00000
           2
           5           5
     0.00000   180.00000
           2
          10          10
     0.00000   180.00000
           2
           8           8
     0.00000   180.00000
           2
          12          12
     0.00000   180.00000
 SVX barrel sensor rotation matrices and translation vectors:
           0           1           1           1
     1.60636    -2.12431     8.59780
     0.63839     0.76972     0.00000
    -0.76972     0.63839     0.00076
     0.00058    -0.00049     1.00000
           0           1           1           2
     1.60161    -2.12326     2.90580
     0.63837     0.76973     0.00000
    -0.76973     0.63837     0.00076
     0.00058    -0.00049     1.00000
           0           1           1           3
     1.59688    -2.12221    -2.78620
     0.63836     0.76974     0.00000
    -0.76974     0.63836     0.00076
     0.00059    -0.00049     1.00000
           0           1           1           4
     1.59213    -2.12115    -8.47820
     0.63835     0.76975     0.00000
    -0.76975     0.63835     0.00076
     0.00059    -0.00049     1.00000
           0           1           2           1
     2.37602    -1.18467     8.59732
     0.22444     0.97449     0.00000
    -0.97449     0.22444     0.00086
     0.00084    -0.00019     1.00000
           0           1           2           2
     2.37127    -1.18359     2.90532
     0.22442     0.97449     0.00000
    -0.97449     0.22442     0.00086
     0.00084    -0.00019     1.00000
           0           1           2           3
     2.36652    -1.18252    -2.78667
     0.22440     0.97450     0.00000
    -0.97450     0.22440     0.00086
     0.00084    -0.00019     1.00000
           0           1           2           4
     2.36176    -1.18143    -8.47867
     0.22436     0.97451     0.00000
    -0.97451     0.22436     0.00086
     0.00084    -0.00019     1.00000
           0           1           3           1
     2.64136     0.00069     8.59731
    -0.23741     0.97141     0.00000
    -0.97141    -0.23741     0.00077
     0.00075     0.00018     1.00000
           0           1           3           2
     2.63658     0.00178     2.90531
    -0.23744     0.97140     0.00000
    -0.97140    -0.23744     0.00077
     0.00075     0.00018     1.00000
           0           1           3           3
     2.63181     0.00286    -2.78668
    -0.23746     0.97140     0.00000
    -0.97140    -0.23746     0.00077
     0.00075     0.00018     1.00000
           0           1           3           4
     2.62702     0.00395    -8.47868
    -0.23749     0.97139     0.00000
    -0.97139    -0.23749     0.00077
     0.00075     0.00018     1.00000
           0           1           4           1
     2.34573     1.17888     8.59777
    -0.64863     0.76110     0.00000
    -0.76110    -0.64863     0.00052
     0.00040     0.00034     1.00000
           0           1           4           2
     2.34093     1.17995     2.90577
    -0.64864     0.76109     0.00000
    -0.76109    -0.64864     0.00052
     0.00040     0.00034     1.00000
           0           1           4           3
     2.33613     1.18102    -2.78622
    -0.64866     0.76107     0.00000
    -0.76107    -0.64866     0.00052
     0.00040     0.00034     1.00000
           0           1           4           4
     2.33132     1.18209    -8.47822
    -0.64868     0.76107     0.00000
    -0.76107    -0.64868     0.00052
     0.00040     0.00034     1.00000
           0           1           5           1
     1.55216     2.09855     8.59860
    -0.92147     0.38844     0.00000
    -0.38844    -0.92147     0.00016
     0.00006     0.00015     1.00000
           0           1           5           2
     1.54736     2.09959     2.90660
    -0.92148     0.38843     0.00000
    -0.38843    -0.92148     0.00016
     0.00006     0.00015     1.00000
           0           1           5           3
     1.54256     2.10063    -2.78539
    -0.92148     0.38842     0.00000
    -0.38842    -0.92148     0.00016
     0.00006     0.00015     1.00000
           0           1           5           4
     1.53776     2.10167    -8.47739
    -0.92148     0.38842     0.00000
    -0.38842    -0.92148     0.00016
     0.00006     0.00015     1.00000
           0           1           6           1
    -1.56663     2.09016    -8.59117
     0.92091     0.38977    -0.00000
     0.38977    -0.92091    -0.00110
    -0.00043     0.00101    -1.00000
           0           1           6           2
    -1.56133     2.08564    -2.89917
     0.92092     0.38974    -0.00000
     0.38974    -0.92092    -0.00110
    -0.00043     0.00101    -1.00000
           0           1           6           3
    -1.55602     2.08110     2.79283
     0.92093     0.38972    -0.00000
     0.38972    -0.92093    -0.00110
    -0.00043     0.00101    -1.00000
           0           1           6           4
    -1.55071     2.07657     8.48482
     0.92095     0.38969    -0.00000
     0.38969    -0.92095    -0.00110
    -0.00043     0.00101    -1.00000
           0           1           7           1
    -2.35890     1.16932    -8.59118
     0.64751     0.76205    -0.00000
     0.76205    -0.64751    -0.00122
    -0.00093     0.00079    -1.00000
           0           1           7           2
    -2.35362     1.16481    -2.89918
     0.64754     0.76203    -0.00000
     0.76203    -0.64754    -0.00122
    -0.00093     0.00079    -1.00000
           0           1           7           3
    -2.34834     1.16030     2.79282
     0.64757     0.76201    -0.00000
     0.76201    -0.64757    -0.00122
    -0.00093     0.00079    -1.00000
           0           1           7           4
    -2.34306     1.15580     8.48481
     0.64759     0.76199    -0.00000
     0.76199    -0.64759    -0.00122
    -0.00093     0.00079    -1.00000
           0           1           8           1
    -2.65282    -0.00933    -8.59185
     0.23599     0.97175    -0.00000
     0.97175    -0.23599    -0.00109
    -0.00106     0.00026    -1.00000
           0           1           8           2
    -2.64757    -0.01385    -2.89986
     0.23601     0.97175    -0.00000
     0.97175    -0.23601    -0.00109
    -0.00106     0.00026    -1.00000
           0           1           8           3
    -2.64232    -0.01837     2.79214
     0.23603     0.97174    -0.00000
     0.97174    -0.23603    -0.00109
    -0.00106     0.00026    -1.00000
           0           1           8           4
    -2.63707    -0.02288     8.48413
     0.23605     0.97174    -0.00000
     0.97174    -0.23605    -0.00109
    -0.00106     0.00026    -1.00000
           0           1           9           1
    -2.38574    -1.19429    -8.59305
    -0.22586     0.97416    -0.00000
     0.97416     0.22586    -0.00072
    -0.00070    -0.00016    -1.00000
           0           1           9           2
    -2.38051    -1.19884    -2.90105
    -0.22585     0.97416    -0.00000
     0.97416     0.22585    -0.00072
    -0.00070    -0.00016    -1.00000
           0           1           9           3
    -2.37527    -1.20339     2.79094
    -0.22584     0.97416    -0.00000
     0.97416     0.22584    -0.00072
    -0.00070    -0.00016    -1.00000
           0           1           9           4
    -2.37004    -1.20793     8.48294
    -0.22583     0.97417    -0.00000
     0.97417     0.22583    -0.00072
    -0.00070    -0.00016    -1.00000
           0           1          10           1
    -1.61472    -2.13280    -8.59452
    -0.63951     0.76878    -0.00000
     0.76878     0.63951    -0.00019
    -0.00015    -0.00012    -1.00000
           0           1          10           2
    -1.60947    -2.13737    -2.90252
    -0.63951     0.76878    -0.00000
     0.76878     0.63951    -0.00019
    -0.00015    -0.00012    -1.00000
           0           1          10           3
    -1.60422    -2.14195     2.78948
    -0.63951     0.76878    -0.00000
     0.76878     0.63951    -0.00019
    -0.00015    -0.00012    -1.00000
           0           1          10           4
    -1.59897    -2.14653     8.48147
    -0.63951     0.76878    -0.00000
     0.76878     0.63951    -0.00019
    -0.00015    -0.00012    -1.00000
           0           2           1           1
     2.52544    -4.56284     8.60924
     0.74573     0.66625     0.00000
    -0.66625     0.74573     0.00070
     0.00047    -0.00052     1.00000
           0           2           1           2
     2.52067    -4.56176     2.91724
     0.74573     0.66625     0.00000
    -0.66625     0.74573     0.00070
     0.00047    -0.00052     1.00000
           0           2           1           3
     2.51591    -4.56069    -2.77476
     0.74572     0.66626     0.00000
    -0.66626     0.74572     0.00070
     0.00047    -0.00052     1.00000
           0           2           1           4
     2.51114    -4.55960    -8.46675
     0.74572     0.66626     0.00000
    -0.66626     0.74572     0.00070
     0.00047    -0.00052     1.00000
           0           2           2           1
     3.52702    -3.84547     8.60854
     0.56778     0.82318     0.00000
    -0.82318     0.56778     0.00080
     0.00066    -0.00045     1.00000
           0           2           2           2
     3.52226    -3.84439     2.91654
     0.56778     0.82318     0.00000
    -0.82318     0.56778     0.00080
     0.00066    -0.00045     1.00000
           0           2           2           3
     3.51750    -3.84331    -2.77546
     0.56778     0.82318     0.00000
    -0.82318     0.56778     0.00080
     0.00066    -0.00045     1.00000
           0           2           2           4
     3.51274    -3.84223    -8.46746
     0.56778     0.82318     0.00000
    -0.82318     0.56778     0.00080
     0.00066    -0.00045     1.00000
           0           2           3           1
     4.33141    -2.91235     8.60804
     0.35787     0.93377     0.00000
    -0.93377     0.35787     0.00085
     0.00079    -0.00030     1.00000
           0           2           3           2
     4.32664    -2.91126     2.91604
     0.35787     0.93377     0.00000
    -0.93377     0.35787     0.00085
     0.00079    -0.00030     1.00000
           0           2           3           3
     4.32189    -2.91018    -2.77596
     0.35786     0.93377     0.00000
    -0.93377     0.35786     0.00085
     0.00079    -0.00030     1.00000
           0           2           3           4
     4.31712    -2.90909    -8.46796
     0.35786     0.93377     0.00000
    -0.93377     0.35786     0.00085
     0.00079    -0.00030     1.00000
           0           2           4           1
     4.89334    -1.81597     8.60777
     0.12782     0.99180     0.00000
    -0.99180     0.12782     0.00085
     0.00084    -0.00011     1.00000
           0           2           4           2
     4.88857    -1.81488     2.91578
     0.12782     0.99180     0.00000
    -0.99180     0.12782     0.00085
     0.00084    -0.00011     1.00000
           0           2           4           3
     4.88381    -1.81380    -2.77622
     0.12781     0.99180     0.00000
    -0.99180     0.12781     0.00085
     0.00084    -0.00011     1.00000
           0           2           4           4
     4.87905    -1.81271    -8.46822
     0.12781     0.99180     0.00000
    -0.99180     0.12781     0.00085
     0.00084    -0.00011     1.00000
           0           2           5           1
     5.18117    -0.61807     8.60776
    -0.10944     0.99399     0.00000
    -0.99399    -0.10944     0.00081
     0.00081     0.00009     1.00000
           0           2           5           2
     5.17640    -0.61698     2.91576
    -0.10943     0.99399     0.00000
    -0.99399    -0.10943     0.00081
     0.00081     0.00009     1.00000
           0           2           5           3
     5.17164    -0.61590    -2.77624
    -0.10943     0.99399     0.00000
    -0.99399    -0.10943     0.00081
     0.00081     0.00009     1.00000
           0           2           5           4
     5.16687    -0.61481    -8.46823
    -0.10943     0.99399     0.00000
    -0.99399    -0.10943     0.00081
     0.00081     0.00009     1.00000
           0           2           6           1
     5.17868     0.61392     8.60799
    -0.34052     0.94024     0.00000
    -0.94024    -0.34052     0.00072
     0.00068     0.00025     1.00000
           0           2           6           2
     5.17391     0.61501     2.91600
    -0.34051     0.94024     0.00000
    -0.94024    -0.34051     0.00072
     0.00068     0.00025     1.00000
           0           2           6           3
     5.16914     0.61609    -2.77600
    -0.34052     0.94024     0.00000
    -0.94024    -0.34052     0.00072
     0.00068     0.00025     1.00000
           0           2           6           4
     5.16437     0.61718    -8.46800
    -0.34052     0.94024     0.00000
    -0.94024    -0.34052     0.00072
     0.00068     0.00025     1.00000
           0           2           7           1
     4.88603     1.81066     8.60846
    -0.55244     0.83355     0.00000
    -0.83355    -0.55244     0.00059
     0.00049     0.00033     1.00000
           0           2           7           2
     4.88126     1.81175     2.91647
    -0.55244     0.83355     0.00000
    -0.83355    -0.55244     0.00059
     0.00049     0.00033     1.00000
           0           2           7           3
     4.87650     1.81283    -2.77553
    -0.55244     0.83355     0.00000
    -0.83355    -0.55244     0.00059
     0.00049     0.00033     1.00000
           0           2           7           4
     4.87173     1.81391    -8.46753
    -0.55244     0.83355     0.00000
    -0.83355    -0.55244     0.00059
     0.00049     0.00033     1.00000
           0           2           8           1
     4.31968     2.90477     8.60915
    -0.73327     0.67994     0.00000
    -0.67994    -0.73327     0.00043
     0.00029     0.00032     1.00000
           0           2           8           2
     4.31491     2.90585     2.91715
    -0.73327     0.67994     0.00000
    -0.67994    -0.73327     0.00043
     0.00029     0.00032     1.00000
           0           2           8           3
     4.31014     2.90693    -2.77485
    -0.73327     0.67994     0.00000
    -0.67994    -0.73327     0.00043
     0.00029     0.00032     1.00000
           0           2           8           4
     4.30536     2.90802    -8.46685
    -0.73327     0.67994     0.00000
    -0.67994    -0.73327     0.00043
     0.00029     0.00032     1.00000
           0           2           9           1
     3.51152     3.83466     8.61000
    -0.87281     0.48806     0.00000
    -0.48806    -0.87281     0.00024
     0.00012     0.00021     1.00000
           0           2           9           2
     3.50675     3.83574     2.91800
    -0.87281     0.48806     0.00000
    -0.48806    -0.87281     0.00024
     0.00012     0.00021     1.00000
           0           2           9           3
     3.50198     3.83682    -2.77400
    -0.87281     0.48806     0.00000
    -0.48806    -0.87281     0.00024
     0.00012     0.00021     1.00000
           0           2           9           4
     3.49720     3.83790    -8.46600
    -0.87282     0.48805     0.00000
    -0.48805    -0.87282     0.00024
     0.00012     0.00021     1.00000
           0           2          10           1
     2.50704     4.54799     8.61097
    -0.96322     0.26870     0.00000
    -0.26870    -0.96322     0.00004
     0.00001     0.00004     1.00000
           0           2          10           2
     2.50227     4.54907     2.91898
    -0.96323     0.26869     0.00000
    -0.26869    -0.96323     0.00004
     0.00001     0.00004     1.00000
           0           2          10           3
     2.49749     4.55014    -2.77302
    -0.96323     0.26869     0.00000
    -0.26869    -0.96323     0.00004
     0.00001     0.00004     1.00000
           0           2          10           4
     2.49273     4.55122    -8.46502
    -0.96323     0.26869     0.00000
    -0.26869    -0.96323     0.00004
     0.00001     0.00004     1.00000
           0           2          11           1
    -2.51408     4.53772    -8.58893
     0.96340     0.26808    -0.00000
     0.26808    -0.96340    -0.00102
    -0.00027     0.00098    -1.00000
           0           2          11           2
    -2.50878     4.53320    -2.89693
     0.96340     0.26807    -0.00000
     0.26807    -0.96340    -0.00102
    -0.00027     0.00098    -1.00000
           0           2          11           3
    -2.50348     4.52867     2.79507
     0.96340     0.26807    -0.00000
     0.26807    -0.96340    -0.00102
    -0.00027     0.00098    -1.00000
           0           2          11           4
    -2.49818     4.52415     8.48706
     0.96340     0.26807    -0.00000
     0.26807    -0.96340    -0.00102
    -0.00027     0.00098    -1.00000
           0           2          12           1
    -3.51903     3.82502    -8.58856
     0.87312     0.48750    -0.00000
     0.48750    -0.87312    -0.00115
    -0.00056     0.00100    -1.00000
           0           2          12           2
    -3.51374     3.82051    -2.89656
     0.87313     0.48749    -0.00000
     0.48749    -0.87313    -0.00115
    -0.00056     0.00100    -1.00000
           0           2          12           3
    -3.50843     3.81599     2.79543
     0.87313     0.48749    -0.00000
     0.48749    -0.87313    -0.00115
    -0.00056     0.00100    -1.00000
           0           2          12           4
    -3.50313     3.81147     8.48743
     0.87313     0.48749    -0.00000
     0.48749    -0.87313    -0.00115
    -0.00056     0.00100    -1.00000
           0           2          13           1
    -4.32779     2.89564    -8.58855
     0.73370     0.67948    -0.00000
     0.67948    -0.73370    -0.00121
    -0.00082     0.00089    -1.00000
           0           2          13           2
    -4.32250     2.89113    -2.89655
     0.73371     0.67947    -0.00000
     0.67947    -0.73371    -0.00121
    -0.00082     0.00089    -1.00000
           0           2          13           3
    -4.31721     2.88661     2.79544
     0.73371     0.67947    -0.00000
     0.67947    -0.73371    -0.00121
    -0.00082     0.00089    -1.00000
           0           2          13           4
    -4.31191     2.88209     8.48744
     0.73371     0.67947    -0.00000
     0.67947    -0.73371    -0.00121
    -0.00082     0.00089    -1.00000
           0           2          14           1
    -4.89485     1.80188    -8.58889
     0.55297     0.83320    -0.00000
     0.83320    -0.55297    -0.00121
    -0.00101     0.00067    -1.00000
           0           2          14           2
    -4.88957     1.79737    -2.89690
     0.55297     0.83320    -0.00000
     0.83320    -0.55297    -0.00121
    -0.00101     0.00067    -1.00000
           0           2          14           3
    -4.88427     1.79286     2.79510
     0.55298     0.83320    -0.00000
     0.83320    -0.55298    -0.00121
    -0.00101     0.00067    -1.00000
           0           2          14           4
    -4.87898     1.78835     8.48709
     0.55298     0.83320    -0.00000
     0.83320    -0.55298    -0.00121
    -0.00101     0.00067    -1.00000
           0           2          15           1
    -5.18826     0.60534    -8.58957
     0.34112     0.94002    -0.00000
     0.94002    -0.34112    -0.00114
    -0.00107     0.00039    -1.00000
           0           2          15           2
    -5.18297     0.60082    -2.89758
     0.34112     0.94002    -0.00000
     0.94002    -0.34112    -0.00114
    -0.00107     0.00039    -1.00000
           0           2          15           3
    -5.17768     0.59630     2.79442
     0.34112     0.94002    -0.00000
     0.94002    -0.34112    -0.00114
    -0.00107     0.00039    -1.00000
           0           2          15           4
    -5.17239     0.59179     8.48641
     0.34112     0.94002    -0.00000
     0.94002    -0.34112    -0.00114
    -0.00107     0.00039    -1.00000
           0           2          16           1
    -5.19152    -0.62666    -8.59055
     0.11006     0.99392    -0.00000
     0.99392    -0.11006    -0.00101
    -0.00100     0.00011    -1.00000
           0           2          16           2
    -5.18624    -0.63118    -2.89855
     0.11006     0.99392    -0.00000
     0.99392    -0.11006    -0.00101
    -0.00100     0.00011    -1.00000
           0           2          16           3
    -5.18095    -0.63571     2.79344
     0.11006     0.99392    -0.00000
     0.99392    -0.11006    -0.00101
    -0.00100     0.00011    -1.00000
           0           2          16           4
    -5.17567    -0.64022     8.48544
     0.11006     0.99392    -0.00000
     0.99392    -0.11006    -0.00101
    -0.00100     0.00011    -1.00000
           0           2          17           1
    -4.90447    -1.82475    -8.59177
    -0.12720     0.99188    -0.00000
     0.99188     0.12720    -0.00082
    -0.00081    -0.00010    -1.00000
           0           2          17           2
    -4.89918    -1.82927    -2.89977
    -0.12720     0.99188    -0.00000
     0.99188     0.12720    -0.00082
    -0.00081    -0.00010    -1.00000
           0           2          17           3
    -4.89390    -1.83380     2.79222
    -0.12720     0.99188    -0.00000
     0.99188     0.12720    -0.00082
    -0.00081    -0.00010    -1.00000
           0           2          17           4
    -4.88862    -1.83831     8.48422
    -0.12720     0.99188    -0.00000
     0.99188     0.12720    -0.00082
    -0.00081    -0.00010    -1.00000
           0           2          18           1
    -4.34323    -2.92148    -8.59316
    -0.35728     0.93400    -0.00000
     0.93400     0.35728    -0.00058
    -0.00054    -0.00021    -1.00000
           0           2          18           2
    -4.33795    -2.92601    -2.90117
    -0.35728     0.93400    -0.00000
     0.93400     0.35728    -0.00058
    -0.00054    -0.00021    -1.00000
           0           2          18           3
    -4.33265    -2.93054     2.79083
    -0.35728     0.93400    -0.00000
     0.93400     0.35728    -0.00058
    -0.00054    -0.00021    -1.00000
           0           2          18           4
    -4.32738    -2.93506     8.48282
    -0.35728     0.93400    -0.00000
     0.93400     0.35728    -0.00058
    -0.00054    -0.00021    -1.00000
           0           2          19           1
    -3.53942    -3.85512    -8.59465
    -0.56727     0.82353    -0.00000
     0.82353     0.56727    -0.00031
    -0.00026    -0.00018    -1.00000
           0           2          19           2
    -3.53413    -3.85966    -2.90266
    -0.56727     0.82353    -0.00000
     0.82353     0.56727    -0.00031
    -0.00026    -0.00018    -1.00000
           0           2          19           3
    -3.52885    -3.86419     2.78934
    -0.56727     0.82353    -0.00000
     0.82353     0.56727    -0.00031
    -0.00026    -0.00018    -1.00000
           0           2          19           4
    -3.52357    -3.86872     8.48133
    -0.56727     0.82353    -0.00000
     0.82353     0.56727    -0.00031
    -0.00026    -0.00018    -1.00000
           0           2          20           1
    -2.53829    -4.57312    -8.59616
    -0.74530     0.66672    -0.00000
     0.66672     0.74530    -0.00003
    -0.00002    -0.00002    -1.00000
           0           2          20           2
    -2.53300    -4.57765    -2.90416
    -0.74530     0.66672    -0.00000
     0.66672     0.74530    -0.00003
    -0.00002    -0.00002    -1.00000
           0           2          20           3
    -2.52772    -4.58219     2.78784
    -0.74530     0.66672    -0.00000
     0.66672     0.74530    -0.00003
    -0.00002    -0.00002    -1.00000
           0           2          20           4
    -2.52243    -4.58671     8.47983
    -0.74530     0.66672    -0.00000
     0.66672     0.74530    -0.00003
    -0.00002    -0.00002    -1.00000
           0           3           1           1
     5.64446   -10.32372    12.80915
    -0.87809    -0.47849     0.00000
    -0.47849     0.87809     0.00057
    -0.00027     0.00050    -1.00000
           0           3           1           2
     5.63913   -10.32250     6.43374
    -0.87809    -0.47849     0.00000
    -0.47849     0.87809     0.00057
    -0.00027     0.00050    -1.00000
           0           3           1           3
     5.63379   -10.32129     0.05835
    -0.87809    -0.47849     0.00000
    -0.47849     0.87809     0.00057
    -0.00027     0.00050    -1.00000
           0           3           1           4
     5.62845   -10.32008    -6.31705
    -0.87809    -0.47849     0.00000
    -0.47849     0.87809     0.00057
    -0.00027     0.00050    -1.00000
           0           3           1           5
     5.62311   -10.31886   -12.69245
    -0.87809    -0.47849     0.00000
    -0.47849     0.87809     0.00057
    -0.00027     0.00050    -1.00000
           0           3           2           1
     7.56525    -7.12628    12.80814
    -0.68676    -0.72689     0.00000
    -0.72689     0.68676     0.00074
    -0.00054     0.00051    -1.00000
           0           3           2           2
     7.55992    -7.12506     6.43274
    -0.68676    -0.72689     0.00000
    -0.72689     0.68676     0.00074
    -0.00054     0.00051    -1.00000
           0           3           2           3
     7.55458    -7.12385     0.05735
    -0.68676    -0.72689     0.00000
    -0.72689     0.68676     0.00074
    -0.00054     0.00051    -1.00000
           0           3           2           4
     7.54924    -7.12264    -6.31805
    -0.68676    -0.72689     0.00000
    -0.72689     0.68676     0.00074
    -0.00054     0.00051    -1.00000
           0           3           2           5
     7.54390    -7.12142   -12.69345
    -0.68676    -0.72689     0.00000
    -0.72689     0.68676     0.00074
    -0.00054     0.00051    -1.00000
           0           3           3           1
    11.54175    -5.66805    12.80509
    -0.44171    -0.89716     0.00000
    -0.89716     0.44171     0.00084
    -0.00075     0.00037    -1.00000
           0           3           3           2
    11.53642    -5.66683     6.42969
    -0.44171    -0.89716     0.00000
    -0.89716     0.44171     0.00084
    -0.00075     0.00037    -1.00000
           0           3           3           3
    11.53107    -5.66562     0.05429
    -0.44171    -0.89716     0.00000
    -0.89716     0.44171     0.00084
    -0.00075     0.00037    -1.00000
           0           3           3           4
    11.52573    -5.66441    -6.32110
    -0.44171    -0.89716     0.00000
    -0.89716     0.44171     0.00084
    -0.00075     0.00037    -1.00000
           0           3           3           5
    11.52039    -5.66319   -12.69649
    -0.44171    -0.89716     0.00000
    -0.89716     0.44171     0.00084
    -0.00075     0.00037    -1.00000
           0           3           4           1
    11.59583    -2.06693    12.80573
    -0.17629    -0.98434     0.00000
    -0.98434     0.17629     0.00086
    -0.00085     0.00015    -1.00000
           0           3           4           2
    11.59050    -2.06571     6.43033
    -0.17629    -0.98434     0.00000
    -0.98434     0.17629     0.00086
    -0.00085     0.00015    -1.00000
           0           3           4           3
    11.58516    -2.06450     0.05494
    -0.17629    -0.98434     0.00000
    -0.98434     0.17629     0.00086
    -0.00085     0.00015    -1.00000
           0           3           4           4
    11.57982    -2.06329    -6.32046
    -0.17629    -0.98434     0.00000
    -0.98434     0.17629     0.00086
    -0.00085     0.00015    -1.00000
           0           3           4           5
    11.57448    -2.06207   -12.69585
    -0.17629    -0.98434     0.00000
    -0.98434     0.17629     0.00086
    -0.00085     0.00015    -1.00000
           0           3           5           1
    10.30383     1.43221    12.80748
     0.13720    -0.99054     0.00000
    -0.99054    -0.13720     0.00080
    -0.00079    -0.00011    -1.00000
           0           3           5           2
    10.29850     1.43343     6.43208
     0.13720    -0.99054     0.00000
    -0.99054    -0.13720     0.00080
    -0.00079    -0.00011    -1.00000
           0           3           5           3
    10.29316     1.43464     0.05668
     0.13720    -0.99054     0.00000
    -0.99054    -0.13720     0.00080
    -0.00079    -0.00011    -1.00000
           0           3           5           4
    10.28782     1.43585    -6.31871
     0.13720    -0.99054     0.00000
    -0.99054    -0.13720     0.00080
    -0.00079    -0.00011    -1.00000
           0           3           5           5
    10.28248     1.43707   -12.69411
     0.13720    -0.99054     0.00000
    -0.99054    -0.13720     0.00080
    -0.00079    -0.00011    -1.00000
           0           3           6           1
    11.65487     5.44638    12.80711
     0.42336    -0.90596     0.00000
    -0.90596    -0.42336     0.00068
    -0.00062    -0.00029    -1.00000
           0           3           6           2
    11.64954     5.44760     6.43171
     0.42336    -0.90596     0.00000
    -0.90596    -0.42336     0.00068
    -0.00062    -0.00029    -1.00000
           0           3           6           3
    11.64420     5.44881     0.05632
     0.42336    -0.90596     0.00000
    -0.90596    -0.42336     0.00068
    -0.00062    -0.00029    -1.00000
           0           3           6           4
    11.63886     5.45002    -6.31908
     0.42336    -0.90596     0.00000
    -0.90596    -0.42336     0.00068
    -0.00062    -0.00029    -1.00000
           0           3           6           5
    11.63352     5.45124   -12.69448
     0.42336    -0.90596     0.00000
    -0.90596    -0.42336     0.00068
    -0.00062    -0.00029    -1.00000
           0           3           7           1
     8.87987     7.74210    12.80987
     0.65746    -0.75349     0.00000
    -0.75349    -0.65746     0.00051
    -0.00038    -0.00034    -1.00000
           0           3           7           2
     8.87453     7.74332     6.43448
     0.65746    -0.75349     0.00000
    -0.75349    -0.65746     0.00051
    -0.00038    -0.00034    -1.00000
           0           3           7           3
     8.86919     7.74453     0.05908
     0.65746    -0.75349     0.00000
    -0.75349    -0.65746     0.00051
    -0.00038    -0.00034    -1.00000
           0           3           7           4
     8.86385     7.74574    -6.31632
     0.65746    -0.75349     0.00000
    -0.75349    -0.65746     0.00051
    -0.00038    -0.00034    -1.00000
           0           3           7           5
     8.85852     7.74696   -12.69172
     0.65746    -0.75349     0.00000
    -0.75349    -0.65746     0.00051
    -0.00038    -0.00034    -1.00000
           0           3           8           1
     5.34206     8.92407    12.81306
     0.85848    -0.51285     0.00000
    -0.51285    -0.85848     0.00027
    -0.00014    -0.00023    -1.00000
           0           3           8           2
     5.33671     8.92529     6.43766
     0.85848    -0.51285     0.00000
    -0.51285    -0.85848     0.00027
    -0.00014    -0.00023    -1.00000
           0           3           8           3
     5.33138     8.92650     0.06226
     0.85848    -0.51285     0.00000
    -0.51285    -0.85848     0.00027
    -0.00014    -0.00023    -1.00000
           0           3           8           4
     5.32604     8.92771    -6.31313
     0.85848    -0.51285     0.00000
    -0.51285    -0.85848     0.00027
    -0.00014    -0.00023    -1.00000
           0           3           8           5
     5.32071     8.92893   -12.68853
     0.85848    -0.51285     0.00000
    -0.51285    -0.85848     0.00027
    -0.00014    -0.00023    -1.00000
           0           3           9           1
    -5.35897     8.92927   -12.79368
    -0.85799    -0.51366    -0.00000
     0.51366    -0.85799    -0.00116
     0.00060    -0.00100     1.00000
           0           3           9           2
    -5.35304     8.92421    -6.41829
    -0.85799    -0.51366    -0.00000
     0.51366    -0.85799    -0.00116
     0.00060    -0.00100     1.00000
           0           3           9           3
    -5.34710     8.91915    -0.04289
    -0.85799    -0.51366    -0.00000
     0.51366    -0.85799    -0.00116
     0.00060    -0.00100     1.00000
           0           3           9           4
    -5.34117     8.91409     6.33250
    -0.85799    -0.51366    -0.00000
     0.51366    -0.85799    -0.00116
     0.00060    -0.00100     1.00000
           0           3           9           5
    -5.33525     8.90904    12.70790
    -0.85799    -0.51366    -0.00000
     0.51366    -0.85799    -0.00116
     0.00060    -0.00100     1.00000
           0           3          10           1
    -8.89480     7.74494   -12.79133
    -0.65683    -0.75404    -0.00000
     0.75404    -0.65683    -0.00122
     0.00092    -0.00080     1.00000
           0           3          10           2
    -8.88886     7.73988    -6.41593
    -0.65683    -0.75404    -0.00000
     0.75404    -0.65683    -0.00122
     0.00092    -0.00080     1.00000
           0           3          10           3
    -8.88293     7.73482    -0.04054
    -0.65683    -0.75404    -0.00000
     0.75404    -0.65683    -0.00122
     0.00092    -0.00080     1.00000
           0           3          10           4
    -8.87700     7.72976     6.33486
    -0.65683    -0.75404    -0.00000
     0.75404    -0.65683    -0.00122
     0.00092    -0.00080     1.00000
           0           3          10           5
    -8.87107     7.72470    12.71025
    -0.65683    -0.75404    -0.00000
     0.75404    -0.65683    -0.00122
     0.00092    -0.00080     1.00000
           0           3          11           1
   -11.66752     5.44773   -12.79057
    -0.42267    -0.90628    -0.00000
     0.90628    -0.42267    -0.00118
     0.00107    -0.00050     1.00000
           0           3          11           2
   -11.66159     5.44267    -6.41517
    -0.42267    -0.90628    -0.00000
     0.90628    -0.42267    -0.00118
     0.00107    -0.00050     1.00000
           0           3          11           3
   -11.65565     5.43761    -0.03978
    -0.42267    -0.90628    -0.00000
     0.90628    -0.42267    -0.00118
     0.00107    -0.00050     1.00000
           0           3          11           4
   -11.64972     5.43255     6.33562
    -0.42267    -0.90628    -0.00000
     0.90628    -0.42267    -0.00118
     0.00107    -0.00050     1.00000
           0           3          11           5
   -11.64379     5.42749    12.71101
    -0.42267    -0.90628    -0.00000
     0.90628    -0.42267    -0.00118
     0.00107    -0.00050     1.00000
           0           3          12           1
   -10.31368     1.43272   -12.79501
    -0.13627    -0.99067    -0.00000
     0.99067    -0.13627    -0.00103
     0.00102    -0.00014     1.00000
           0           3          12           2
   -10.30775     1.42766    -6.41962
    -0.13627    -0.99067    -0.00000
     0.99067    -0.13627    -0.00103
     0.00102    -0.00014     1.00000
           0           3          12           3
   -10.30182     1.42260    -0.04422
    -0.13627    -0.99067    -0.00000
     0.99067    -0.13627    -0.00103
     0.00102    -0.00014     1.00000
           0           3          12           4
   -10.29587     1.41754     6.33117
    -0.13627    -0.99067    -0.00000
     0.99067    -0.13627    -0.00103
     0.00102    -0.00014     1.00000
           0           3          12           5
   -10.28994     1.41248    12.70657
    -0.13627    -0.99067    -0.00000
     0.99067    -0.13627    -0.00103
     0.00102    -0.00014     1.00000
           0           3          13           1
   -11.60259    -2.06636   -12.79659
     0.17711    -0.98419    -0.00000
     0.98419     0.17711    -0.00078
     0.00077     0.00014     1.00000
           0           3          13           2
   -11.59666    -2.07142    -6.42119
     0.17711    -0.98419    -0.00000
     0.98419     0.17711    -0.00078
     0.00077     0.00014     1.00000
           0           3          13           3
   -11.59072    -2.07648    -0.04579
     0.17711    -0.98419    -0.00000
     0.98419     0.17711    -0.00078
     0.00077     0.00014     1.00000
           0           3          13           4
   -11.58479    -2.08154     6.32960
     0.17711    -0.98419    -0.00000
     0.98419     0.17711    -0.00078
     0.00077     0.00014     1.00000
           0           3          13           5
   -11.57885    -2.08660    12.70500
     0.17711    -0.98419    -0.00000
     0.98419     0.17711    -0.00078
     0.00077     0.00014     1.00000
           0           3          14           1
   -11.54591    -5.66663   -12.79949
     0.44239    -0.89682    -0.00000
     0.89682     0.44239    -0.00048
     0.00043     0.00021     1.00000
           0           3          14           2
   -11.53996    -5.67169    -6.42410
     0.44239    -0.89682    -0.00000
     0.89682     0.44239    -0.00048
     0.00043     0.00021     1.00000
           0           3          14           3
   -11.53403    -5.67675    -0.04870
     0.44239    -0.89682    -0.00000
     0.89682     0.44239    -0.00048
     0.00043     0.00021     1.00000
           0           3          14           4
   -11.52810    -5.68180     6.32669
     0.44239    -0.89682    -0.00000
     0.89682     0.44239    -0.00048
     0.00043     0.00021     1.00000
           0           3          14           5
   -11.52215    -5.68685    12.70209
     0.44240    -0.89682    -0.00000
     0.89682     0.44240    -0.00048
     0.00043     0.00021     1.00000
           0           3          15           1
    -7.56700    -7.12319   -12.80435
     0.68745    -0.72623    -0.00000
     0.72623     0.68745    -0.00013
     0.00009     0.00009     1.00000
           0           3          15           2
    -7.56107    -7.12824    -6.42895
     0.68745    -0.72623    -0.00000
     0.72623     0.68745    -0.00013
     0.00009     0.00009     1.00000
           0           3          15           3
    -7.55512    -7.13330    -0.05356
     0.68745    -0.72623    -0.00000
     0.72623     0.68745    -0.00013
     0.00009     0.00009     1.00000
           0           3          15           4
    -7.54919    -7.13835     6.32184
     0.68745    -0.72623    -0.00000
     0.72623     0.68745    -0.00013
     0.00009     0.00009     1.00000
           0           3          15           5
    -7.54325    -7.14340    12.69723
     0.68745    -0.72623    -0.00000
     0.72623     0.68745    -0.00013
     0.00009     0.00009     1.00000
           0           3          16           1
    -5.64432   -10.31820   -12.80867
     0.87850    -0.47775     0.00000
     0.47775     0.87850     0.00025
    -0.00012    -0.00022     1.00000
           0           3          16           2
    -5.63839   -10.32325    -6.43328
     0.87850    -0.47775     0.00000
     0.47775     0.87850     0.00025
    -0.00012    -0.00022     1.00000
           0           3          16           3
    -5.63245   -10.32830    -0.05788
     0.87850    -0.47775     0.00000
     0.47775     0.87850     0.00025
    -0.00012    -0.00022     1.00000
           0           3          16           4
    -5.62651   -10.33335     6.31751
     0.87850    -0.47775     0.00000
     0.47775     0.87850     0.00025
    -0.00012    -0.00022     1.00000
           0           3          16           5
    -5.62058   -10.33840    12.69291
     0.87850    -0.47775     0.00000
     0.47775     0.87850     0.00025
    -0.00012    -0.00022     1.00000
           0           4           1           1
     6.52537   -14.08873   -15.89575
     0.90748     0.42008     0.00000
    -0.42008     0.90748     0.00052
     0.00022    -0.00047     1.00000
           0           4           1           2
     6.53072   -14.08994    -9.52034
     0.90748     0.42008     0.00000
    -0.42008     0.90748     0.00052
     0.00022    -0.00047     1.00000
           0           4           1           3
     6.53606   -14.09115    -3.14494
     0.90748     0.42008     0.00000
    -0.42008     0.90748     0.00052
     0.00022    -0.00047     1.00000
           0           4           1           4
     6.54140   -14.09237     3.23046
     0.90748     0.42008     0.00000
    -0.42008     0.90748     0.00052
     0.00022    -0.00047     1.00000
           0           4           1           5
     6.54674   -14.09359     9.60584
     0.90748     0.42008     0.00000
    -0.42008     0.90748     0.00052
     0.00022    -0.00047     1.00000
           0           4           1           6
     6.55207   -14.09480    15.98125
     0.90748     0.42008     0.00000
    -0.42008     0.90748     0.00052
     0.00022    -0.00047     1.00000
           0           4           2           1
    10.10270   -13.25821   -15.89857
     0.79566     0.60574     0.00000
    -0.60574     0.79566     0.00066
     0.00040    -0.00053     1.00000
           0           4           2           2
    10.10804   -13.25942    -9.52318
     0.79566     0.60574     0.00000
    -0.60574     0.79566     0.00066
     0.00040    -0.00053     1.00000
           0           4           2           3
    10.11338   -13.26064    -3.14778
     0.79566     0.60574     0.00000
    -0.60574     0.79566     0.00066
     0.00040    -0.00053     1.00000
           0           4           2           4
    10.11872   -13.26186     3.22762
     0.79566     0.60574     0.00000
    -0.60574     0.79566     0.00066
     0.00040    -0.00053     1.00000
           0           4           2           5
    10.12405   -13.26307     9.60301
     0.79566     0.60574     0.00000
    -0.60574     0.79566     0.00066
     0.00040    -0.00053     1.00000
           0           4           2           6
    10.12940   -13.26428    15.97841
     0.79566     0.60574     0.00000
    -0.60574     0.79566     0.00066
     0.00040    -0.00053     1.00000
           0           4           3           1
    13.41982   -11.71148   -15.90106
     0.65798     0.75303     0.00000
    -0.75303     0.65798     0.00076
     0.00057    -0.00050     1.00000
           0           4           3           2
    13.42516   -11.71269    -9.52567
     0.65798     0.75303     0.00000
    -0.75303     0.65798     0.00076
     0.00057    -0.00050     1.00000
           0           4           3           3
    13.43050   -11.71390    -3.15026
     0.65798     0.75303     0.00000
    -0.75303     0.65798     0.00076
     0.00057    -0.00050     1.00000
           0           4           3           4
    13.43584   -11.71512     3.22514
     0.65798     0.75303     0.00000
    -0.75303     0.65798     0.00076
     0.00057    -0.00050     1.00000
           0           4           3           5
    13.44117   -11.71633     9.60053
     0.65798     0.75303     0.00000
    -0.75303     0.65798     0.00076
     0.00057    -0.00050     1.00000
           0           4           3           6
    13.44651   -11.71755    15.97592
     0.65798     0.75303     0.00000
    -0.75303     0.65798     0.00076
     0.00057    -0.00050     1.00000
           0           4           4           1
    13.57707    -7.54393   -15.90040
     0.48649     0.87369     0.00000
    -0.87369     0.48649     0.00082
     0.00072    -0.00040     1.00000
           0           4           4           2
    13.58241    -7.54514    -9.52499
     0.48649     0.87369     0.00000
    -0.87369     0.48649     0.00082
     0.00072    -0.00040     1.00000
           0           4           4           3
    13.58775    -7.54635    -3.14960
     0.48649     0.87369     0.00000
    -0.87369     0.48649     0.00082
     0.00072    -0.00040     1.00000
           0           4           4           4
    13.59310    -7.54757     3.22580
     0.48649     0.87369     0.00000
    -0.87369     0.48649     0.00082
     0.00072    -0.00040     1.00000
           0           4           4           5
    13.59843    -7.54878     9.60120
     0.48649     0.87369     0.00000
    -0.87369     0.48649     0.00082
     0.00072    -0.00040     1.00000
           0           4           4           6
    13.60377    -7.54999    15.97659
     0.48649     0.87369     0.00000
    -0.87369     0.48649     0.00082
     0.00072    -0.00040     1.00000
           0           4           5           1
    15.98061    -4.76722   -15.90188
     0.28683     0.95798     0.00000
    -0.95798     0.28683     0.00086
     0.00082    -0.00025     1.00000
           0           4           5           2
    15.98595    -4.76844    -9.52649
     0.28683     0.95798     0.00000
    -0.95798     0.28683     0.00086
     0.00082    -0.00025     1.00000
           0           4           5           3
    15.99129    -4.76964    -3.15108
     0.28683     0.95798     0.00000
    -0.95798     0.28683     0.00086
     0.00082    -0.00025     1.00000
           0           4           5           4
    15.99662    -4.77086     3.22432
     0.28683     0.95798     0.00000
    -0.95798     0.28683     0.00086
     0.00082    -0.00025     1.00000
           0           4           5           5
    16.00196    -4.77208     9.59972
     0.28683     0.95798     0.00000
    -0.95798     0.28683     0.00086
     0.00082    -0.00025     1.00000
           0           4           5           6
    16.00730    -4.77329    15.97511
     0.28683     0.95798     0.00000
    -0.95798     0.28683     0.00086
     0.00082    -0.00025     1.00000
           0           4           6           1
    17.75227    -1.56460   -15.90275
     0.08883     0.99605     0.00000
    -0.99605     0.08883     0.00085
     0.00085    -0.00008     1.00000
           0           4           6           2
    17.75761    -1.56581    -9.52736
     0.08883     0.99605     0.00000
    -0.99605     0.08883     0.00085
     0.00085    -0.00008     1.00000
           0           4           6           3
    17.76295    -1.56702    -3.15195
     0.08883     0.99605     0.00000
    -0.99605     0.08883     0.00085
     0.00085    -0.00008     1.00000
           0           4           6           4
    17.76829    -1.56824     3.22345
     0.08883     0.99605     0.00000
    -0.99605     0.08883     0.00085
     0.00085    -0.00008     1.00000
           0           4           6           5
    17.77361    -1.56945     9.59883
     0.08883     0.99605     0.00000
    -0.99605     0.08883     0.00085
     0.00085    -0.00008     1.00000
           0           4           6           6
    17.77896    -1.57067    15.97423
     0.08883     0.99605     0.00000
    -0.99605     0.08883     0.00085
     0.00085    -0.00008     1.00000
           0           4           7           1
    15.42684     1.89744   -15.90015
    -0.12083     0.99267     0.00000
    -0.99267    -0.12083     0.00081
     0.00080     0.00010     1.00000
           0           4           7           2
    15.43218     1.89623    -9.52474
    -0.12083     0.99267     0.00000
    -0.99267    -0.12083     0.00081
     0.00080     0.00010     1.00000
           0           4           7           3
    15.43752     1.89502    -3.14934
    -0.12083     0.99267     0.00000
    -0.99267    -0.12083     0.00081
     0.00080     0.00010     1.00000
           0           4           7           4
    15.44286     1.89380     3.22605
    -0.12083     0.99267     0.00000
    -0.99267    -0.12083     0.00081
     0.00080     0.00010     1.00000
           0           4           7           5
    15.44818     1.89259     9.60145
    -0.12083     0.99267     0.00000
    -0.99267    -0.12083     0.00081
     0.00080     0.00010     1.00000
           0           4           7           6
    15.45352     1.89137    15.97684
    -0.12083     0.99267     0.00000
    -0.99267    -0.12083     0.00081
     0.00080     0.00010     1.00000
           0           4           8           1
    15.73604     5.55687   -15.89970
    -0.33187     0.94332     0.00000
    -0.94332    -0.33187     0.00073
     0.00069     0.00024     1.00000
           0           4           8           2
    15.74138     5.55566    -9.52431
    -0.33187     0.94332     0.00000
    -0.94332    -0.33187     0.00073
     0.00069     0.00024     1.00000
           0           4           8           3
    15.74671     5.55445    -3.14890
    -0.33187     0.94332     0.00000
    -0.94332    -0.33187     0.00073
     0.00069     0.00024     1.00000
           0           4           8           4
    15.75205     5.55323     3.22649
    -0.33187     0.94332     0.00000
    -0.94332    -0.33187     0.00073
     0.00069     0.00024     1.00000
           0           4           8           5
    15.75738     5.55202     9.60188
    -0.33187     0.94332     0.00000
    -0.94332    -0.33187     0.00073
     0.00069     0.00024     1.00000
           0           4           8           6
    15.76272     5.55079    15.97728
    -0.33187     0.94332     0.00000
    -0.94332    -0.33187     0.00073
     0.00069     0.00024     1.00000
           0           4           9           1
    15.28371     9.18881   -15.89863
    -0.51435     0.85758     0.00000
    -0.85758    -0.51435     0.00062
     0.00053     0.00032     1.00000
           0           4           9           2
    15.28905     9.18760    -9.52324
    -0.51435     0.85758     0.00000
    -0.85758    -0.51435     0.00062
     0.00053     0.00032     1.00000
           0           4           9           3
    15.29439     9.18639    -3.14783
    -0.51435     0.85758     0.00000
    -0.85758    -0.51435     0.00062
     0.00053     0.00032     1.00000
           0           4           9           4
    15.29973     9.18517     3.22757
    -0.51435     0.85758     0.00000
    -0.85758    -0.51435     0.00062
     0.00053     0.00032     1.00000
           0           4           9           5
    15.30507     9.18396     9.60295
    -0.51435     0.85758     0.00000
    -0.85758    -0.51435     0.00062
     0.00053     0.00032     1.00000
           0           4           9           6
    15.31039     9.18275    15.97835
    -0.51435     0.85758     0.00000
    -0.85758    -0.51435     0.00062
     0.00053     0.00032     1.00000
           0           4          10           1
    11.36623    10.61939   -15.89507
    -0.68187     0.73147     0.00000
    -0.73147    -0.68187     0.00048
     0.00035     0.00033     1.00000
           0           4          10           2
    11.37156    10.61818    -9.51968
    -0.68187     0.73147     0.00000
    -0.73147    -0.68187     0.00048
     0.00035     0.00033     1.00000
           0           4          10           3
    11.37690    10.61696    -3.14428
    -0.68187     0.73147     0.00000
    -0.73147    -0.68187     0.00048
     0.00035     0.00033     1.00000
           0           4          10           4
    11.38223    10.61574     3.23112
    -0.68187     0.73147     0.00000
    -0.73147    -0.68187     0.00048
     0.00035     0.00033     1.00000
           0           4          10           5
    11.38757    10.61453     9.60651
    -0.68187     0.73147     0.00000
    -0.73147    -0.68187     0.00048
     0.00035     0.00033     1.00000
           0           4          10           6
    11.39290    10.61331    15.98190
    -0.68187     0.73147     0.00000
    -0.73147    -0.68187     0.00048
     0.00035     0.00033     1.00000
           0           4          11           1
     9.46268    13.76001   -15.89289
    -0.82345     0.56738     0.00000
    -0.56738    -0.82345     0.00032
     0.00018     0.00026     1.00000
           0           4          11           2
     9.46801    13.75880    -9.51748
    -0.82345     0.56738     0.00000
    -0.56738    -0.82345     0.00032
     0.00018     0.00026     1.00000
           0           4          11           3
     9.47335    13.75758    -3.14209
    -0.82345     0.56738     0.00000
    -0.56738    -0.82345     0.00032
     0.00018     0.00026     1.00000
           0           4          11           4
     9.47869    13.75636     3.23331
    -0.82345     0.56738     0.00000
    -0.56738    -0.82345     0.00032
     0.00018     0.00026     1.00000
           0           4          11           5
     9.48403    13.75515     9.60870
    -0.82345     0.56738     0.00000
    -0.56738    -0.82345     0.00032
     0.00018     0.00026     1.00000
           0           4          11           6
     9.48937    13.75393    15.98411
    -0.82345     0.56738     0.00000
    -0.56738    -0.82345     0.00032
     0.00018     0.00026     1.00000
           0           4          12           1
     6.95961    16.43026   -15.89029
    -0.92053     0.39067     0.00000
    -0.39067    -0.92053     0.00015
     0.00006     0.00014     1.00000
           0           4          12           2
     6.96495    16.42905    -9.51488
    -0.92053     0.39067     0.00000
    -0.39067    -0.92053     0.00015
     0.00006     0.00014     1.00000
           0           4          12           3
     6.97028    16.42784    -3.13948
    -0.92053     0.39067     0.00000
    -0.39067    -0.92053     0.00015
     0.00006     0.00014     1.00000
           0           4          12           4
     6.97562    16.42662     3.23592
    -0.92053     0.39067     0.00000
    -0.39067    -0.92053     0.00015
     0.00006     0.00014     1.00000
           0           4          12           5
     6.98095    16.42540     9.61131
    -0.92053     0.39067     0.00000
    -0.39067    -0.92053     0.00015
     0.00006     0.00014     1.00000
           0           4          12           6
     6.98629    16.42418    15.98670
    -0.92053     0.39067     0.00000
    -0.39067    -0.92053     0.00015
     0.00006     0.00014     1.00000
           0           4          13           1
    -6.96601    16.38493    15.89926
     0.92067     0.39034    -0.00000
     0.39034    -0.92067    -0.00109
    -0.00043     0.00100    -1.00000
           0           4          13           2
    -6.97195    16.38999     9.52387
     0.92067     0.39034    -0.00000
     0.39034    -0.92067    -0.00109
    -0.00043     0.00100    -1.00000
           0           4          13           3
    -6.97788    16.39505     3.14847
     0.92067     0.39034    -0.00000
     0.39034    -0.92067    -0.00109
    -0.00043     0.00100    -1.00000
           0           4          13           4
    -6.98381    16.40010    -3.22692
     0.92067     0.39034    -0.00000
     0.39034    -0.92067    -0.00109
    -0.00043     0.00100    -1.00000
           0           4          13           5
    -6.98975    16.40516    -9.60232
     0.92067     0.39034    -0.00000
     0.39034    -0.92067    -0.00109
    -0.00043     0.00100    -1.00000
           0           4          13           6
    -6.99568    16.41022   -15.97772
     0.92067     0.39034    -0.00000
     0.39034    -0.92067    -0.00109
    -0.00043     0.00100    -1.00000
           0           4          14           1
    -9.46970    13.71579    15.89947
     0.82367     0.56707    -0.00000
     0.56707    -0.82367    -0.00118
    -0.00067     0.00097    -1.00000
           0           4          14           2
    -9.47564    13.72085     9.52408
     0.82367     0.56707    -0.00000
     0.56707    -0.82367    -0.00118
    -0.00067     0.00097    -1.00000
           0           4          14           3
    -9.48157    13.72591     3.14868
     0.82367     0.56707    -0.00000
     0.56707    -0.82367    -0.00118
    -0.00067     0.00097    -1.00000
           0           4          14           4
    -9.48750    13.73097    -3.22671
     0.82367     0.56707    -0.00000
     0.56707    -0.82367    -0.00118
    -0.00067     0.00097    -1.00000
           0           4          14           5
    -9.49344    13.73602    -9.60211
     0.82367     0.56707    -0.00000
     0.56707    -0.82367    -0.00118
    -0.00067     0.00097    -1.00000
           0           4          14           6
    -9.49937    13.74108   -15.97750
     0.82367     0.56707    -0.00000
     0.56707    -0.82367    -0.00118
    -0.00067     0.00097    -1.00000
           0           4          15           1
   -11.37415    10.57622    15.89876
     0.68216     0.73120    -0.00000
     0.73120    -0.68216    -0.00122
    -0.00089     0.00083    -1.00000
           0           4          15           2
   -11.38008    10.58128     9.52336
     0.68216     0.73120    -0.00000
     0.73120    -0.68216    -0.00122
    -0.00089     0.00083    -1.00000
           0           4          15           3
   -11.38601    10.58633     3.14796
     0.68216     0.73120    -0.00000
     0.73120    -0.68216    -0.00122
    -0.00089     0.00083    -1.00000
           0           4          15           4
   -11.39196    10.59139    -3.22743
     0.68216     0.73120    -0.00000
     0.73120    -0.68216    -0.00122
    -0.00089     0.00083    -1.00000
           0           4          15           5
   -11.39789    10.59646    -9.60283
     0.68216     0.73120    -0.00000
     0.73120    -0.68216    -0.00122
    -0.00089     0.00083    -1.00000
           0           4          15           6
   -11.40382    10.60150   -15.97822
     0.68216     0.73120    -0.00000
     0.73120    -0.68216    -0.00122
    -0.00089     0.00083    -1.00000
           0           4          16           1
   -15.29270     9.14643    15.90127
     0.51465     0.85740    -0.00000
     0.85740    -0.51465    -0.00121
    -0.00104     0.00062    -1.00000
           0           4          16           2
   -15.29863     9.15149     9.52587
     0.51465     0.85740    -0.00000
     0.85740    -0.51465    -0.00121
    -0.00104     0.00062    -1.00000
           0           4          16           3
   -15.30456     9.15655     3.15048
     0.51465     0.85740    -0.00000
     0.85740    -0.51465    -0.00121
    -0.00104     0.00062    -1.00000
           0           4          16           4
   -15.31049     9.16161    -3.22492
     0.51465     0.85740    -0.00000
     0.85740    -0.51465    -0.00121
    -0.00104     0.00062    -1.00000
           0           4          16           5
   -15.31644     9.16667    -9.60031
     0.51465     0.85740    -0.00000
     0.85740    -0.51465    -0.00121
    -0.00104     0.00062    -1.00000
           0           4          16           6
   -15.32237     9.17173   -15.97571
     0.51465     0.85740    -0.00000
     0.85740    -0.51465    -0.00121
    -0.00104     0.00062    -1.00000
           0           4          17           1
   -15.74618     5.51504    15.89881
     0.33223     0.94320    -0.00000
     0.94320    -0.33223    -0.00114
    -0.00108     0.00038    -1.00000
           0           4          17           2
   -15.75211     5.52009     9.52341
     0.33223     0.94320    -0.00000
     0.94320    -0.33223    -0.00114
    -0.00108     0.00038    -1.00000
           0           4          17           3
   -15.75804     5.52516     3.14802
     0.33223     0.94320    -0.00000
     0.94320    -0.33223    -0.00114
    -0.00108     0.00038    -1.00000
           0           4          17           4
   -15.76398     5.53022    -3.22738
     0.33223     0.94320    -0.00000
     0.94320    -0.33223    -0.00114
    -0.00108     0.00038    -1.00000
           0           4          17           5
   -15.76991     5.53527    -9.60277
     0.33223     0.94320    -0.00000
     0.94320    -0.33223    -0.00114
    -0.00108     0.00038    -1.00000
           0           4          17           6
   -15.77584     5.54034   -15.97817
     0.33223     0.94320    -0.00000
     0.94320    -0.33223    -0.00114
    -0.00108     0.00038    -1.00000
           0           4          18           1
   -15.43832     1.85593    15.89562
     0.12124     0.99262    -0.00000
     0.99262    -0.12124    -0.00102
    -0.00101     0.00012    -1.00000
           0           4          18           2
   -15.44425     1.86099     9.52022
     0.12124     0.99262    -0.00000
     0.99262    -0.12124    -0.00102
    -0.00101     0.00012    -1.00000
           0           4          18           3
   -15.45019     1.86605     3.14483
     0.12124     0.99262    -0.00000
     0.99262    -0.12124    -0.00102
    -0.00101     0.00012    -1.00000
           0           4          18           4
   -15.45612     1.87111    -3.23057
     0.12124     0.99262    -0.00000
     0.99262    -0.12124    -0.00102
    -0.00101     0.00012    -1.00000
           0           4          18           5
   -15.46205     1.87617    -9.60596
     0.12124     0.99262    -0.00000
     0.99262    -0.12124    -0.00102
    -0.00101     0.00012    -1.00000
           0           4          18           6
   -15.46799     1.88123   -15.98136
     0.12124     0.99262    -0.00000
     0.99262    -0.12124    -0.00102
    -0.00101     0.00012    -1.00000
           0           4          19           1
   -17.76508    -1.60609    15.89504
    -0.08847     0.99608    -0.00000
     0.99608     0.08847    -0.00086
    -0.00086    -0.00008    -1.00000
           0           4          19           2
   -17.77102    -1.60103     9.51964
    -0.08847     0.99608    -0.00000
     0.99608     0.08847    -0.00086
    -0.00086    -0.00008    -1.00000
           0           4          19           3
   -17.77695    -1.59597     3.14425
    -0.08847     0.99608    -0.00000
     0.99608     0.08847    -0.00086
    -0.00086    -0.00008    -1.00000
           0           4          19           4
   -17.78288    -1.59091    -3.23115
    -0.08847     0.99608    -0.00000
     0.99608     0.08847    -0.00086
    -0.00086    -0.00008    -1.00000
           0           4          19           5
   -17.78882    -1.58585    -9.60654
    -0.08847     0.99608    -0.00000
     0.99608     0.08847    -0.00086
    -0.00086    -0.00008    -1.00000
           0           4          19           6
   -17.79475    -1.58079   -15.98194
    -0.08847     0.99608    -0.00000
     0.99608     0.08847    -0.00086
    -0.00086    -0.00008    -1.00000
           0           4          20           1
   -15.99468    -4.80895    15.89085
    -0.28647     0.95809    -0.00000
     0.95809     0.28647    -0.00066
    -0.00063    -0.00019    -1.00000
           0           4          20           2
   -16.00061    -4.80389     9.51545
    -0.28647     0.95809    -0.00000
     0.95809     0.28647    -0.00066
    -0.00063    -0.00019    -1.00000
           0           4          20           3
   -16.00654    -4.79883     3.14006
    -0.28647     0.95809    -0.00000
     0.95809     0.28647    -0.00066
    -0.00063    -0.00019    -1.00000
           0           4          20           4
   -16.01247    -4.79377    -3.23534
    -0.28647     0.95809    -0.00000
     0.95809     0.28647    -0.00066
    -0.00063    -0.00019    -1.00000
           0           4          20           5
   -16.01842    -4.78871    -9.61073
    -0.28647     0.95809    -0.00000
     0.95809     0.28647    -0.00066
    -0.00063    -0.00019    -1.00000
           0           4          20           6
   -16.02435    -4.78365   -15.98613
    -0.28647     0.95809    -0.00000
     0.95809     0.28647    -0.00066
    -0.00063    -0.00019    -1.00000
           0           4          21           1
   -13.59242    -7.58617    15.88641
    -0.48613     0.87389    -0.00000
     0.87389     0.48613    -0.00043
    -0.00038    -0.00021    -1.00000
           0           4          21           2
   -13.59835    -7.58112     9.51101
    -0.48613     0.87389    -0.00000
     0.87389     0.48613    -0.00043
    -0.00038    -0.00021    -1.00000
           0           4          21           3
   -13.60428    -7.57606     3.13562
    -0.48613     0.87389    -0.00000
     0.87389     0.48613    -0.00043
    -0.00038    -0.00021    -1.00000
           0           4          21           4
   -13.61023    -7.57101    -3.23978
    -0.48613     0.87389    -0.00000
     0.87389     0.48613    -0.00043
    -0.00038    -0.00021    -1.00000
           0           4          21           5
   -13.61616    -7.56595    -9.61517
    -0.48613     0.87389    -0.00000
     0.87389     0.48613    -0.00043
    -0.00038    -0.00021    -1.00000
           0           4          21           6
   -13.62209    -7.56089   -15.99057
    -0.48613     0.87389    -0.00000
     0.87389     0.48613    -0.00043
    -0.00038    -0.00021    -1.00000
           0           4          22           1
   -13.43624   -11.75449    15.88296
    -0.65772     0.75326    -0.00000
     0.75326     0.65772    -0.00018
    -0.00014    -0.00012    -1.00000
           0           4          22           2
   -13.44218   -11.74943     9.50756
    -0.65772     0.75326    -0.00000
     0.75326     0.65772    -0.00018
    -0.00014    -0.00012    -1.00000
           0           4          22           3
   -13.44812   -11.74439     3.13217
    -0.65772     0.75326    -0.00000
     0.75326     0.65772    -0.00018
    -0.00014    -0.00012    -1.00000
           0           4          22           4
   -13.45405   -11.73933    -3.24323
    -0.65772     0.75326    -0.00000
     0.75326     0.65772    -0.00018
    -0.00014    -0.00012    -1.00000
           0           4          22           5
   -13.45998   -11.73427    -9.61862
    -0.65772     0.75326    -0.00000
     0.75326     0.65772    -0.00018
    -0.00014    -0.00012    -1.00000
           0           4          22           6
   -13.46592   -11.72921   -15.99402
    -0.65772     0.75326    -0.00000
     0.75326     0.65772    -0.00018
    -0.00014    -0.00012    -1.00000
           0           4          23           1
   -10.12000   -13.30216    15.87864
    -0.79543     0.60604     0.00000
     0.60604     0.79543     0.00007
     0.00004     0.00006    -1.00000
           0           4          23           2
   -10.12594   -13.29710     9.50325
    -0.79543     0.60604     0.00000
     0.60604     0.79543     0.00007
     0.00004     0.00006    -1.00000
           0           4          23           3
   -10.13187   -13.29204     3.12785
    -0.79543     0.60604     0.00000
     0.60604     0.79543     0.00007
     0.00004     0.00006    -1.00000
           0           4          23           4
   -10.13780   -13.28699    -3.24754
    -0.79543     0.60604     0.00000
     0.60604     0.79543     0.00007
     0.00004     0.00006    -1.00000
           0           4          23           5
   -10.14374   -13.28193    -9.62294
    -0.79543     0.60604     0.00000
     0.60604     0.79543     0.00007
     0.00004     0.00006    -1.00000
           0           4          23           6
   -10.14967   -13.27687   -15.99833
    -0.79543     0.60604     0.00000
     0.60604     0.79543     0.00007
     0.00004     0.00006    -1.00000
           0           4          24           1
    -6.54341   -14.13385    15.87466
    -0.90731     0.42045     0.00000
     0.42045     0.90731     0.00033
     0.00014     0.00030    -1.00000
           0           4          24           2
    -6.54934   -14.12879     9.49926
    -0.90731     0.42045     0.00000
     0.42045     0.90731     0.00033
     0.00014     0.00030    -1.00000
           0           4          24           3
    -6.55527   -14.12373     3.12386
    -0.90731     0.42045     0.00000
     0.42045     0.90731     0.00033
     0.00014     0.00030    -1.00000
           0           4          24           4
    -6.56121   -14.11868    -3.25153
    -0.90731     0.42045     0.00000
     0.42045     0.90731     0.00033
     0.00014     0.00030    -1.00000
           0           4          24           5
    -6.56714   -14.11363    -9.62693
    -0.90731     0.42045     0.00000
     0.42045     0.90731     0.00033
     0.00014     0.00030    -1.00000
           0           4          24           6
    -6.57307   -14.10857   -16.00232
    -0.90731     0.42045     0.00000
     0.42045     0.90731     0.00033
     0.00014     0.00030    -1.00000
