 SVX cage parameters:
     2.20000
     0.50000     0.20000
     0.00000
           6
   -40.00000   -26.50000   -26.50000    26.50000    26.50000    40.00000
    53.00000    53.00000    22.14782    22.14782    53.00000    53.00000
     0.00000     0.00000     0.00000
 SVX barrel parameters:
           4
     2.63000     5.19260    11.76500    16.68700     1.14100
     0.00000     0.00000     0.00000     0.00000
           4           4           5           6
     0.69600     0.69600     1.74500     1.74500
     0.01000     0.01000     0.03125     0.03125
     2.83600     2.83600     3.18770     3.18770
     0.01900     0.01900     0.00000     0.00000
     0.02000     0.02000     0.00000     0.00000
    26.70000    13.62600    17.00000    12.00000
   -13.00000   -12.98000     0.00000     0.00000
           2
           5           5
     0.00000   180.00000
           2
          10          10
     0.00000   180.00000
           2
           8           8
     0.00000   180.00000
           2
          12          12
     0.00000   180.00000
 SVX barrel sensor rotation matrices and translation vectors:
           0           1           1           1
     1.60598    -2.12512     8.60124
     0.63839     0.76972     0.00004
    -0.76972     0.63839     0.00086
     0.00064    -0.00058     1.00000
           0           1           1           2
     1.60091    -2.12355     2.90924
     0.63837     0.76973     0.00004
    -0.76973     0.63837     0.00086
     0.00064    -0.00058     1.00000
           0           1           1           3
     1.59587    -2.12198    -2.78276
     0.63836     0.76974     0.00004
    -0.76974     0.63836     0.00086
     0.00064    -0.00058     1.00000
           0           1           1           4
     1.59081    -2.12039    -8.47476
     0.63835     0.76975     0.00004
    -0.76975     0.63835     0.00086
     0.00064    -0.00058     1.00000
           0           1           2           1
     2.37564    -1.18548     8.60081
     0.22444     0.97449     0.00008
    -0.97449     0.22444     0.00093
     0.00089    -0.00028     1.00000
           0           1           2           2
     2.37057    -1.18388     2.90881
     0.22442     0.97449     0.00008
    -0.97449     0.22442     0.00093
     0.00089    -0.00028     1.00000
           0           1           2           3
     2.36551    -1.18229    -2.78318
     0.22440     0.97450     0.00008
    -0.97450     0.22440     0.00093
     0.00089    -0.00028     1.00000
           0           1           2           4
     2.36044    -1.18067    -8.47518
     0.22436     0.97451     0.00008
    -0.97451     0.22436     0.00093
     0.00089    -0.00028     1.00000
           0           1           3           1
     2.64098    -0.00012     8.60089
    -0.23741     0.97141     0.00010
    -0.97141    -0.23741     0.00080
     0.00080     0.00009     1.00000
           0           1           3           2
     2.63589     0.00149     2.90889
    -0.23744     0.97140     0.00010
    -0.97140    -0.23744     0.00080
     0.00080     0.00009     1.00000
           0           1           3           3
     2.63080     0.00309    -2.78310
    -0.23746     0.97140     0.00010
    -0.97140    -0.23746     0.00080
     0.00080     0.00009     1.00000
           0           1           3           4
     2.62570     0.00471    -8.47510
    -0.23749     0.97139     0.00010
    -0.97139    -0.23749     0.00080
     0.00080     0.00009     1.00000
           0           1           4           1
     2.34535     1.17807     8.60147
    -0.64863     0.76110     0.00011
    -0.76110    -0.64863     0.00050
     0.00045     0.00025     1.00000
           0           1           4           2
     2.34023     1.17966     2.90948
    -0.64864     0.76109     0.00011
    -0.76109    -0.64864     0.00050
     0.00045     0.00025     1.00000
           0           1           4           3
     2.33512     1.18125    -2.78251
    -0.64866     0.76107     0.00011
    -0.76107    -0.64866     0.00050
     0.00045     0.00025     1.00000
           0           1           4           4
     2.33000     1.18285    -8.47451
    -0.64868     0.76106     0.00011
    -0.76106    -0.64868     0.00050
     0.00045     0.00025     1.00000
           0           1           5           1
     1.55178     2.09774     8.60243
    -0.92147     0.38844     0.00009
    -0.38844    -0.92147     0.00010
     0.00012     0.00006     1.00000
           0           1           5           2
     1.54666     2.09930     2.91043
    -0.92148     0.38843     0.00009
    -0.38843    -0.92148     0.00010
     0.00012     0.00006     1.00000
           0           1           5           3
     1.54155     2.10086    -2.78156
    -0.92148     0.38842     0.00009
    -0.38842    -0.92148     0.00010
     0.00012     0.00006     1.00000
           0           1           5           4
     1.53644     2.10243    -8.47356
    -0.92148     0.38842     0.00009
    -0.38842    -0.92148     0.00010
     0.00012     0.00006     1.00000
           0           1           6           1
    -1.56916     2.08976    -8.58720
     0.92091     0.38977    -0.00026
     0.38977    -0.92091    -0.00126
    -0.00073     0.00106    -1.00000
           0           1           6           2
    -1.56214     2.08497    -2.89520
     0.92092     0.38974    -0.00026
     0.38974    -0.92092    -0.00126
    -0.00073     0.00106    -1.00000
           0           1           6           3
    -1.55511     2.08016     2.79680
     0.92093     0.38972    -0.00026
     0.38972    -0.92093    -0.00126
    -0.00073     0.00106    -1.00000
           0           1           6           4
    -1.54808     2.07535     8.48879
     0.92095     0.38969    -0.00026
     0.38969    -0.92095    -0.00126
    -0.00073     0.00106    -1.00000
           0           1           7           1
    -2.36143     1.16892    -8.58701
     0.64751     0.76205    -0.00016
     0.76205    -0.64751    -0.00148
    -0.00123     0.00084    -1.00000
           0           1           7           2
    -2.35443     1.16414    -2.89502
     0.64754     0.76203    -0.00016
     0.76203    -0.64754    -0.00148
    -0.00123     0.00084    -1.00000
           0           1           7           3
    -2.34743     1.15936     2.79698
     0.64757     0.76201    -0.00016
     0.76201    -0.64757    -0.00148
    -0.00123     0.00084    -1.00000
           0           1           7           4
    -2.34043     1.15458     8.48897
     0.64759     0.76199    -0.00016
     0.76199    -0.64759    -0.00148
    -0.00123     0.00084    -1.00000
           0           1           8           1
    -2.65535    -0.00973    -8.58765
     0.23599     0.97176    -0.00002
     0.97175    -0.23599    -0.00139
    -0.00136     0.00031    -1.00000
           0           1           8           2
    -2.64838    -0.01452    -2.89566
     0.23601     0.97175    -0.00002
     0.97175    -0.23601    -0.00139
    -0.00136     0.00031    -1.00000
           0           1           8           3
    -2.64141    -0.01931     2.79633
     0.23603     0.97175    -0.00002
     0.97174    -0.23603    -0.00139
    -0.00136     0.00031    -1.00000
           0           1           8           4
    -2.63444    -0.02410     8.48832
     0.23605     0.97174    -0.00002
     0.97174    -0.23605    -0.00139
    -0.00136     0.00031    -1.00000
           0           1           9           1
    -2.38827    -1.19469    -8.58899
    -0.22586     0.97416     0.00012
     0.97416     0.22586    -0.00100
    -0.00100    -0.00011    -1.00000
           0           1           9           2
    -2.38132    -1.19951    -2.89699
    -0.22585     0.97416     0.00012
     0.97416     0.22585    -0.00100
    -0.00100    -0.00011    -1.00000
           0           1           9           3
    -2.37436    -1.20433     2.79500
    -0.22584     0.97416     0.00012
     0.97416     0.22584    -0.00100
    -0.00100    -0.00011    -1.00000
           0           1           9           4
    -2.36742    -1.20915     8.48699
    -0.22583     0.97417     0.00012
     0.97417     0.22583    -0.00100
    -0.00100    -0.00011    -1.00000
           0           1          10           1
    -1.61725    -2.13320    -8.59074
    -0.63951     0.76878     0.00023
     0.76878     0.63951    -0.00039
    -0.00045    -0.00007    -1.00000
           0           1          10           2
    -1.61028    -2.13804    -2.89874
    -0.63951     0.76878     0.00023
     0.76878     0.63951    -0.00039
    -0.00045    -0.00007    -1.00000
           0           1          10           3
    -1.60331    -2.14289     2.79326
    -0.63951     0.76878     0.00023
     0.76878     0.63951    -0.00039
    -0.00045    -0.00007    -1.00000
           0           1          10           4
    -1.59635    -2.14775     8.48525
    -0.63951     0.76878     0.00023
     0.76878     0.63951    -0.00039
    -0.00045    -0.00007    -1.00000
           0           2           1           1
     2.52506    -4.56365     8.61241
     0.74573     0.66625     0.00002
    -0.66625     0.74573     0.00080
     0.00052    -0.00061     1.00000
           0           2           1           2
     2.51998    -4.56205     2.92041
     0.74573     0.66625     0.00002
    -0.66625     0.74573     0.00080
     0.00052    -0.00061     1.00000
           0           2           1           3
     2.51490    -4.56046    -2.77159
     0.74572     0.66626     0.00002
    -0.66626     0.74572     0.00080
     0.00052    -0.00061     1.00000
           0           2           1           4
     2.50982    -4.55885    -8.46358
     0.74572     0.66626     0.00002
    -0.66626     0.74572     0.00080
     0.00052    -0.00061     1.00000
           0           2           2           1
     3.52664    -3.84628     8.61172
     0.56778     0.82318     0.00004
    -0.82318     0.56778     0.00090
     0.00071    -0.00055     1.00000
           0           2           2           2
     3.52157    -3.84468     2.91972
     0.56778     0.82318     0.00004
    -0.82318     0.56778     0.00090
     0.00071    -0.00055     1.00000
           0           2           2           3
     3.51649    -3.84308    -2.77228
     0.56778     0.82318     0.00004
    -0.82318     0.56778     0.00090
     0.00071    -0.00055     1.00000
           0           2           2           4
     3.51142    -3.84148    -8.46428
     0.56778     0.82318     0.00004
    -0.82318     0.56778     0.00090
     0.00071    -0.00055     1.00000
           0           2           3           1
     4.33103    -2.91316     8.61126
     0.35787     0.93377     0.00007
    -0.93377     0.35787     0.00093
     0.00085    -0.00040     1.00000
           0           2           3           2
     4.32595    -2.91155     2.91926
     0.35787     0.93377     0.00007
    -0.93377     0.35787     0.00093
     0.00085    -0.00040     1.00000
           0           2           3           3
     4.32088    -2.90995    -2.77274
     0.35786     0.93377     0.00007
    -0.93377     0.35786     0.00093
     0.00085    -0.00040     1.00000
           0           2           3           4
     4.31580    -2.90834    -8.46474
     0.35786     0.93377     0.00007
    -0.93377     0.35786     0.00093
     0.00085    -0.00040     1.00000
           0           2           4           1
     4.89296    -1.81678     8.61106
     0.12782     0.99180     0.00008
    -0.99180     0.12782     0.00092
     0.00090    -0.00020     1.00000
           0           2           4           2
     4.88788    -1.81517     2.91907
     0.12782     0.99180     0.00008
    -0.99180     0.12782     0.00092
     0.00090    -0.00020     1.00000
           0           2           4           3
     4.88280    -1.81357    -2.77293
     0.12781     0.99180     0.00008
    -0.99180     0.12781     0.00092
     0.00090    -0.00020     1.00000
           0           2           4           4
     4.87773    -1.81196    -8.46493
     0.12781     0.99180     0.00008
    -0.99180     0.12781     0.00092
     0.00090    -0.00020     1.00000
           0           2           5           1
     5.18079    -0.61888     8.61114
    -0.10944     0.99399     0.00010
    -0.99399    -0.10944     0.00085
     0.00086    -0.00000     1.00000
           0           2           5           2
     5.17571    -0.61727     2.91914
    -0.10943     0.99399     0.00010
    -0.99399    -0.10943     0.00085
     0.00086    -0.00000     1.00000
           0           2           5           3
     5.17063    -0.61567    -2.77286
    -0.10943     0.99399     0.00010
    -0.99399    -0.10943     0.00085
     0.00086    -0.00000     1.00000
           0           2           5           4
     5.16555    -0.61406    -8.46484
    -0.10943     0.99399     0.00010
    -0.99399    -0.10943     0.00085
     0.00086    -0.00000     1.00000
           0           2           6           1
     5.17830     0.61311     8.61149
    -0.34052     0.94024     0.00010
    -0.94024    -0.34052     0.00074
     0.00073     0.00015     1.00000
           0           2           6           2
     5.17322     0.61472     2.91950
    -0.34051     0.94024     0.00010
    -0.94024    -0.34051     0.00074
     0.00073     0.00015     1.00000
           0           2           6           3
     5.16813     0.61632    -2.77250
    -0.34052     0.94024     0.00010
    -0.94024    -0.34052     0.00074
     0.00073     0.00015     1.00000
           0           2           6           4
     5.16305     0.61793    -8.46450
    -0.34052     0.94024     0.00010
    -0.94024    -0.34052     0.00074
     0.00073     0.00015     1.00000
           0           2           7           1
     4.88565     1.80985     8.61208
    -0.55244     0.83355     0.00011
    -0.83355    -0.55244     0.00059
     0.00055     0.00023     1.00000
           0           2           7           2
     4.88057     1.81146     2.92009
    -0.55244     0.83355     0.00011
    -0.83355    -0.55244     0.00059
     0.00055     0.00023     1.00000
           0           2           7           3
     4.87549     1.81306    -2.77191
    -0.55244     0.83355     0.00011
    -0.83355    -0.55244     0.00059
     0.00055     0.00023     1.00000
           0           2           7           4
     4.87041     1.81466    -8.46391
    -0.55244     0.83355     0.00011
    -0.83355    -0.55244     0.00059
     0.00055     0.00023     1.00000
           0           2           8           1
     4.31930     2.90396     8.61290
    -0.73327     0.67994     0.00010
    -0.67994    -0.73327     0.00040
     0.00035     0.00022     1.00000
           0           2           8           2
     4.31422     2.90556     2.92090
    -0.73327     0.67994     0.00010
    -0.67994    -0.73327     0.00040
     0.00035     0.00022     1.00000
           0           2           8           3
     4.30913     2.90716    -2.77110
    -0.73327     0.67994     0.00010
    -0.67994    -0.73327     0.00040
     0.00035     0.00022     1.00000
           0           2           8           4
     4.30404     2.90877    -8.46309
    -0.73327     0.67994     0.00010
    -0.67994    -0.73327     0.00040
     0.00035     0.00022     1.00000
           0           2           9           1
     3.51114     3.83385     8.61388
    -0.87281     0.48806     0.00009
    -0.48806    -0.87281     0.00019
     0.00017     0.00012     1.00000
           0           2           9           2
     3.50606     3.83545     2.92188
    -0.87281     0.48806     0.00009
    -0.48806    -0.87281     0.00019
     0.00017     0.00012     1.00000
           0           2           9           3
     3.50097     3.83705    -2.77012
    -0.87281     0.48806     0.00009
    -0.48806    -0.87281     0.00019
     0.00017     0.00012     1.00000
           0           2           9           4
     3.49588     3.83865    -8.46211
    -0.87282     0.48805     0.00009
    -0.48805    -0.87282     0.00019
     0.00017     0.00012     1.00000
           0           2          10           1
     2.50666     4.54718     8.61497
    -0.96322     0.26870     0.00008
    -0.26870    -0.96322    -0.00003
     0.00007    -0.00005     1.00000
           0           2          10           2
     2.50158     4.54878     2.92298
    -0.96323     0.26869     0.00008
    -0.26869    -0.96323    -0.00003
     0.00007    -0.00005     1.00000
           0           2          10           3
     2.49648     4.55037    -2.76901
    -0.96323     0.26869     0.00008
    -0.26869    -0.96323    -0.00003
     0.00007    -0.00005     1.00000
           0           2          10           4
     2.49141     4.55197    -8.46101
    -0.96323     0.26869     0.00008
    -0.26869    -0.96323    -0.00003
     0.00007    -0.00005     1.00000
           0           2          11           1
    -2.51661     4.53732    -8.58455
     0.96340     0.26808    -0.00028
     0.26808    -0.96340    -0.00115
    -0.00058     0.00103    -1.00000
           0           2          11           2
    -2.50959     4.53253    -2.89256
     0.96340     0.26807    -0.00028
     0.26807    -0.96340    -0.00115
    -0.00058     0.00103    -1.00000
           0           2          11           3
    -2.50257     4.52773     2.79944
     0.96340     0.26807    -0.00028
     0.26807    -0.96340    -0.00115
    -0.00058     0.00103    -1.00000
           0           2          11           4
    -2.49555     4.52293     8.49143
     0.96340     0.26807    -0.00028
     0.26807    -0.96340    -0.00115
    -0.00058     0.00103    -1.00000
           0           2          12           1
    -3.52156     3.82462    -8.58391
     0.87312     0.48750    -0.00024
     0.48750    -0.87312    -0.00134
    -0.00086     0.00105    -1.00000
           0           2          12           2
    -3.51455     3.81984    -2.89192
     0.87313     0.48749    -0.00024
     0.48749    -0.87313    -0.00134
    -0.00086     0.00105    -1.00000
           0           2          12           3
    -3.50752     3.81505     2.80007
     0.87313     0.48749    -0.00024
     0.48749    -0.87313    -0.00134
    -0.00086     0.00105    -1.00000
           0           2          12           4
    -3.50050     3.81025     8.49207
     0.87313     0.48749    -0.00024
     0.48749    -0.87313    -0.00134
    -0.00086     0.00105    -1.00000
           0           2          13           1
    -4.33031     2.89524    -8.58370
     0.73370     0.67948    -0.00019
     0.67948    -0.73370    -0.00145
    -0.00112     0.00094    -1.00000
           0           2          13           2
    -4.32331     2.89046    -2.89171
     0.73371     0.67947    -0.00019
     0.67947    -0.73371    -0.00145
    -0.00112     0.00094    -1.00000
           0           2          13           3
    -4.31630     2.88567     2.80028
     0.73371     0.67947    -0.00019
     0.67947    -0.73371    -0.00145
    -0.00112     0.00094    -1.00000
           0           2          13           4
    -4.30928     2.88087     8.49228
     0.73371     0.67947    -0.00019
     0.67947    -0.73371    -0.00145
    -0.00112     0.00094    -1.00000
           0           2          14           1
    -4.89738     1.80148    -8.58393
     0.55297     0.83320    -0.00013
     0.83320    -0.55297    -0.00149
    -0.00131     0.00072    -1.00000
           0           2          14           2
    -4.89038     1.79670    -2.89194
     0.55297     0.83320    -0.00013
     0.83320    -0.55297    -0.00149
    -0.00131     0.00072    -1.00000
           0           2          14           3
    -4.88336     1.79192     2.80006
     0.55298     0.83320    -0.00013
     0.83320    -0.55298    -0.00149
    -0.00131     0.00072    -1.00000
           0           2          14           4
    -4.87635     1.78713     8.49205
     0.55298     0.83320    -0.00013
     0.83320    -0.55298    -0.00149
    -0.00131     0.00072    -1.00000
           0           2          15           1
    -5.19079     0.60494    -8.58458
     0.34112     0.94002    -0.00006
     0.94002    -0.34112    -0.00144
    -0.00137     0.00044    -1.00000
           0           2          15           2
    -5.18378     0.60015    -2.89259
     0.34112     0.94002    -0.00006
     0.94002    -0.34112    -0.00144
    -0.00137     0.00044    -1.00000
           0           2          15           3
    -5.17677     0.59536     2.79941
     0.34112     0.94002    -0.00006
     0.94002    -0.34112    -0.00144
    -0.00137     0.00044    -1.00000
           0           2          15           4
    -5.16976     0.59057     8.49140
     0.34112     0.94002    -0.00006
     0.94002    -0.34112    -0.00144
    -0.00137     0.00044    -1.00000
           0           2          16           1
    -5.19405    -0.62706    -8.58562
     0.11006     0.99392     0.00001
     0.99392    -0.11006    -0.00132
    -0.00131     0.00016    -1.00000
           0           2          16           2
    -5.18705    -0.63185    -2.89362
     0.11006     0.99392     0.00001
     0.99392    -0.11006    -0.00132
    -0.00131     0.00016    -1.00000
           0           2          16           3
    -5.18004    -0.63665     2.79837
     0.11006     0.99392     0.00001
     0.99392    -0.11006    -0.00132
    -0.00131     0.00016    -1.00000
           0           2          16           4
    -5.17304    -0.64144     8.49037
     0.11006     0.99392     0.00001
     0.99392    -0.11006    -0.00132
    -0.00131     0.00016    -1.00000
           0           2          17           1
    -4.90700    -1.82515    -8.58698
    -0.12720     0.99188     0.00009
     0.99188     0.12720    -0.00111
    -0.00112    -0.00006    -1.00000
           0           2          17           2
    -4.89999    -1.82994    -2.89498
    -0.12720     0.99188     0.00009
     0.99188     0.12720    -0.00111
    -0.00112    -0.00006    -1.00000
           0           2          17           3
    -4.89299    -1.83474     2.79701
    -0.12720     0.99188     0.00009
     0.99188     0.12720    -0.00111
    -0.00112    -0.00006    -1.00000
           0           2          17           4
    -4.88599    -1.83953     8.48900
    -0.12720     0.99188     0.00009
     0.99188     0.12720    -0.00111
    -0.00112    -0.00006    -1.00000
           0           2          18           1
    -4.34576    -2.92188    -8.58859
    -0.35728     0.93400     0.00015
     0.93400     0.35728    -0.00084
    -0.00084    -0.00016    -1.00000
           0           2          18           2
    -4.33876    -2.92668    -2.89660
    -0.35728     0.93400     0.00015
     0.93400     0.35728    -0.00084
    -0.00084    -0.00016    -1.00000
           0           2          18           3
    -4.33174    -2.93148     2.79539
    -0.35728     0.93400     0.00015
     0.93400     0.35728    -0.00084
    -0.00084    -0.00016    -1.00000
           0           2          18           4
    -4.32476    -2.93628     8.48738
    -0.35728     0.93400     0.00015
     0.93400     0.35728    -0.00084
    -0.00084    -0.00016    -1.00000
           0           2          19           1
    -3.54195    -3.85552    -8.59037
    -0.56727     0.82353     0.00021
     0.82353     0.56727    -0.00053
    -0.00056    -0.00013    -1.00000
           0           2          19           2
    -3.53494    -3.86033    -2.89838
    -0.56727     0.82353     0.00021
     0.82353     0.56727    -0.00053
    -0.00056    -0.00013    -1.00000
           0           2          19           3
    -3.52794    -3.86513     2.79362
    -0.56727     0.82353     0.00021
     0.82353     0.56727    -0.00053
    -0.00056    -0.00013    -1.00000
           0           2          19           4
    -3.52095    -3.86994     8.48560
    -0.56727     0.82353     0.00021
     0.82353     0.56727    -0.00053
    -0.00056    -0.00013    -1.00000
           0           2          20           1
    -2.54082    -4.57352    -8.59222
    -0.74530     0.66672     0.00026
     0.66672     0.74530    -0.00020
    -0.00032     0.00003    -1.00000
           0           2          20           2
    -2.53381    -4.57832    -2.90022
    -0.74530     0.66672     0.00026
     0.66672     0.74530    -0.00020
    -0.00032     0.00003    -1.00000
           0           2          20           3
    -2.52681    -4.58313     2.79178
    -0.74530     0.66672     0.00026
     0.66672     0.74530    -0.00020
    -0.00032     0.00003    -1.00000
           0           2          20           4
    -2.51981    -4.58793     8.48377
    -0.74530     0.66672     0.00026
     0.66672     0.74530    -0.00020
    -0.00032     0.00003    -1.00000
           0           3           1           1
     5.64431   -10.32491    12.81162
    -0.87809    -0.47849     0.00000
    -0.47849     0.87809     0.00068
    -0.00033     0.00059    -1.00000
           0           3           1           2
     5.63863   -10.32311     6.43621
    -0.87809    -0.47849     0.00000
    -0.47849     0.87809     0.00068
    -0.00033     0.00059    -1.00000
           0           3           1           3
     5.63294   -10.32132     0.06082
    -0.87809    -0.47849     0.00000
    -0.47849     0.87809     0.00068
    -0.00033     0.00059    -1.00000
           0           3           1           4
     5.62725   -10.31952    -6.31458
    -0.87809    -0.47849     0.00000
    -0.47849     0.87809     0.00068
    -0.00033     0.00059    -1.00000
           0           3           1           5
     5.62156   -10.31772   -12.68998
    -0.87809    -0.47849     0.00000
    -0.47849     0.87809     0.00068
    -0.00033     0.00059    -1.00000
           0           3           2           1
     7.56510    -7.12747    12.81080
    -0.68676    -0.72689    -0.00003
    -0.72689     0.68676     0.00084
    -0.00059     0.00060    -1.00000
           0           3           2           2
     7.55942    -7.12567     6.43540
    -0.68676    -0.72689    -0.00003
    -0.72689     0.68676     0.00084
    -0.00059     0.00060    -1.00000
           0           3           2           3
     7.55373    -7.12388     0.06001
    -0.68676    -0.72689    -0.00003
    -0.72689     0.68676     0.00084
    -0.00059     0.00060    -1.00000
           0           3           2           4
     7.54804    -7.12208    -6.31539
    -0.68676    -0.72689    -0.00003
    -0.72689     0.68676     0.00084
    -0.00059     0.00060    -1.00000
           0           3           2           5
     7.54235    -7.12028   -12.69079
    -0.68676    -0.72689    -0.00003
    -0.72689     0.68676     0.00084
    -0.00059     0.00060    -1.00000
           0           3           3           1
    11.54160    -5.66924    12.80766
    -0.44171    -0.89716    -0.00006
    -0.89716     0.44171     0.00093
    -0.00081     0.00046    -1.00000
           0           3           3           2
    11.53592    -5.66744     6.43226
    -0.44171    -0.89716    -0.00006
    -0.89716     0.44171     0.00093
    -0.00081     0.00046    -1.00000
           0           3           3           3
    11.53022    -5.66565     0.05686
    -0.44171    -0.89716    -0.00006
    -0.89716     0.44171     0.00093
    -0.00081     0.00046    -1.00000
           0           3           3           4
    11.52453    -5.66385    -6.31853
    -0.44171    -0.89716    -0.00006
    -0.89716     0.44171     0.00093
    -0.00081     0.00046    -1.00000
           0           3           3           5
    11.51884    -5.66205   -12.69392
    -0.44171    -0.89716    -0.00006
    -0.89716     0.44171     0.00093
    -0.00081     0.00046    -1.00000
           0           3           4           1
    11.59568    -2.06812    12.80863
    -0.17629    -0.98434    -0.00008
    -0.98434     0.17629     0.00093
    -0.00090     0.00024    -1.00000
           0           3           4           2
    11.59000    -2.06632     6.43323
    -0.17629    -0.98434    -0.00008
    -0.98434     0.17629     0.00093
    -0.00090     0.00024    -1.00000
           0           3           4           3
    11.58431    -2.06453     0.05784
    -0.17629    -0.98434    -0.00008
    -0.98434     0.17629     0.00093
    -0.00090     0.00024    -1.00000
           0           3           4           4
    11.57862    -2.06273    -6.31756
    -0.17629    -0.98434    -0.00008
    -0.98434     0.17629     0.00093
    -0.00090     0.00024    -1.00000
           0           3           4           5
    11.57293    -2.06093   -12.69295
    -0.17629    -0.98434    -0.00008
    -0.98434     0.17629     0.00093
    -0.00090     0.00024    -1.00000
           0           3           5           1
    10.30368     1.43102    12.81077
     0.13720    -0.99054    -0.00010
    -0.99054    -0.13720     0.00084
    -0.00085    -0.00002    -1.00000
           0           3           5           2
    10.29800     1.43282     6.43537
     0.13720    -0.99054    -0.00010
    -0.99054    -0.13720     0.00084
    -0.00085    -0.00002    -1.00000
           0           3           5           3
    10.29231     1.43461     0.05997
     0.13720    -0.99054    -0.00010
    -0.99054    -0.13720     0.00084
    -0.00085    -0.00002    -1.00000
           0           3           5           4
    10.28662     1.43641    -6.31542
     0.13720    -0.99054    -0.00010
    -0.99054    -0.13720     0.00084
    -0.00085    -0.00002    -1.00000
           0           3           5           5
    10.28093     1.43821   -12.69082
     0.13720    -0.99054    -0.00010
    -0.99054    -0.13720     0.00084
    -0.00085    -0.00002    -1.00000
           0           3           6           1
    11.65472     5.44519    12.81069
     0.42336    -0.90596    -0.00011
    -0.90596    -0.42336     0.00069
    -0.00067    -0.00020    -1.00000
           0           3           6           2
    11.64904     5.44699     6.43529
     0.42336    -0.90596    -0.00011
    -0.90596    -0.42336     0.00069
    -0.00067    -0.00020    -1.00000
           0           3           6           3
    11.64335     5.44878     0.05990
     0.42336    -0.90596    -0.00011
    -0.90596    -0.42336     0.00069
    -0.00067    -0.00020    -1.00000
           0           3           6           4
    11.63766     5.45058    -6.31550
     0.42336    -0.90596    -0.00011
    -0.90596    -0.42336     0.00069
    -0.00067    -0.00020    -1.00000
           0           3           6           5
    11.63197     5.45238   -12.69090
     0.42336    -0.90596    -0.00011
    -0.90596    -0.42336     0.00069
    -0.00067    -0.00020    -1.00000
           0           3           7           1
     8.87972     7.74091    12.81382
     0.65746    -0.75349    -0.00011
    -0.75349    -0.65746     0.00049
    -0.00044    -0.00024    -1.00000
           0           3           7           2
     8.87403     7.74271     6.43843
     0.65746    -0.75349    -0.00011
    -0.75349    -0.65746     0.00049
    -0.00044    -0.00024    -1.00000
           0           3           7           3
     8.86834     7.74450     0.06303
     0.65746    -0.75349    -0.00011
    -0.75349    -0.65746     0.00049
    -0.00044    -0.00024    -1.00000
           0           3           7           4
     8.86265     7.74630    -6.31237
     0.65746    -0.75349    -0.00011
    -0.75349    -0.65746     0.00049
    -0.00044    -0.00024    -1.00000
           0           3           7           5
     8.85697     7.74810   -12.68777
     0.65746    -0.75349    -0.00011
    -0.75349    -0.65746     0.00049
    -0.00044    -0.00024    -1.00000
           0           3           8           1
     5.34191     8.92288    12.81731
     0.85848    -0.51285    -0.00009
    -0.51285    -0.85848     0.00022
    -0.00019    -0.00014    -1.00000
           0           3           8           2
     5.33621     8.92468     6.44191
     0.85848    -0.51285    -0.00009
    -0.51285    -0.85848     0.00022
    -0.00019    -0.00014    -1.00000
           0           3           8           3
     5.33053     8.92647     0.06651
     0.85848    -0.51285    -0.00009
    -0.51285    -0.85848     0.00022
    -0.00019    -0.00014    -1.00000
           0           3           8           4
     5.32484     8.92827    -6.30888
     0.85848    -0.51285    -0.00009
    -0.51285    -0.85848     0.00022
    -0.00019    -0.00014    -1.00000
           0           3           8           5
     5.31916     8.93007   -12.68428
     0.85848    -0.51285    -0.00009
    -0.51285    -0.85848     0.00022
    -0.00019    -0.00014    -1.00000
           0           3           9           1
    -5.36276     8.92908   -12.78823
    -0.85799    -0.51366     0.00023
     0.51366    -0.85799    -0.00136
     0.00090    -0.00104     1.00000
           0           3           9           2
    -5.35491     8.92371    -6.41285
    -0.85799    -0.51366     0.00023
     0.51366    -0.85799    -0.00136
     0.00090    -0.00104     1.00000
           0           3           9           3
    -5.34705     8.91834    -0.03745
    -0.85799    -0.51366     0.00023
     0.51366    -0.85799    -0.00136
     0.00090    -0.00104     1.00000
           0           3           9           4
    -5.33919     8.91298     6.33794
    -0.85799    -0.51366     0.00023
     0.51366    -0.85799    -0.00136
     0.00090    -0.00104     1.00000
           0           3           9           5
    -5.33135     8.90762    12.71334
    -0.85799    -0.51366     0.00023
     0.51366    -0.85799    -0.00136
     0.00090    -0.00104     1.00000
           0           3          10           1
    -8.89859     7.74475   -12.78487
    -0.65683    -0.75404     0.00016
     0.75404    -0.65683    -0.00148
     0.00122    -0.00085     1.00000
           0           3          10           2
    -8.89073     7.73938    -6.40948
    -0.65683    -0.75404     0.00016
     0.75404    -0.65683    -0.00148
     0.00122    -0.00085     1.00000
           0           3          10           3
    -8.88288     7.73401    -0.03409
    -0.65683    -0.75404     0.00016
     0.75404    -0.65683    -0.00148
     0.00122    -0.00085     1.00000
           0           3          10           4
    -8.87502     7.72864     6.34131
    -0.65683    -0.75404     0.00016
     0.75404    -0.65683    -0.00148
     0.00122    -0.00085     1.00000
           0           3          10           5
    -8.86717     7.72328    12.71670
    -0.65683    -0.75404     0.00016
     0.75404    -0.65683    -0.00148
     0.00122    -0.00085     1.00000
           0           3          11           1
   -11.67131     5.44754   -12.78339
    -0.42267    -0.90628     0.00008
     0.90628    -0.42267    -0.00147
     0.00137    -0.00055     1.00000
           0           3          11           2
   -11.66346     5.44217    -6.40799
    -0.42267    -0.90628     0.00008
     0.90628    -0.42267    -0.00147
     0.00137    -0.00055     1.00000
           0           3          11           3
   -11.65560     5.43680    -0.03260
    -0.42267    -0.90628     0.00008
     0.90628    -0.42267    -0.00147
     0.00137    -0.00055     1.00000
           0           3          11           4
   -11.64774     5.43143     6.34279
    -0.42267    -0.90628     0.00008
     0.90628    -0.42267    -0.00147
     0.00137    -0.00055     1.00000
           0           3          11           5
   -11.63989     5.42607    12.71818
    -0.42267    -0.90628     0.00008
     0.90628    -0.42267    -0.00147
     0.00137    -0.00055     1.00000
           0           3          12           1
   -10.31747     1.43253   -12.78843
    -0.13627    -0.99067    -0.00001
     0.99067    -0.13627    -0.00134
     0.00132    -0.00019     1.00000
           0           3          12           2
   -10.30962     1.42716    -6.41304
    -0.13627    -0.99067    -0.00001
     0.99067    -0.13627    -0.00134
     0.00132    -0.00019     1.00000
           0           3          12           3
   -10.30177     1.42179    -0.03764
    -0.13627    -0.99067    -0.00001
     0.99067    -0.13627    -0.00134
     0.00132    -0.00019     1.00000
           0           3          12           4
   -10.29389     1.41642     6.33774
    -0.13627    -0.99067    -0.00001
     0.99067    -0.13627    -0.00134
     0.00132    -0.00019     1.00000
           0           3          12           5
   -10.28604     1.41106    12.71314
    -0.13627    -0.99067    -0.00001
     0.99067    -0.13627    -0.00134
     0.00132    -0.00019     1.00000
           0           3          13           1
   -11.60638    -2.06655   -12.78979
     0.17711    -0.98419    -0.00010
     0.98419     0.17711    -0.00107
     0.00107     0.00009     1.00000
           0           3          13           2
   -11.59853    -2.07192    -6.41439
     0.17711    -0.98419    -0.00010
     0.98419     0.17711    -0.00107
     0.00107     0.00009     1.00000
           0           3          13           3
   -11.59067    -2.07729    -0.03899
     0.17711    -0.98419    -0.00010
     0.98419     0.17711    -0.00107
     0.00107     0.00009     1.00000
           0           3          13           4
   -11.58281    -2.08266     6.33639
     0.17711    -0.98419    -0.00010
     0.98419     0.17711    -0.00107
     0.00107     0.00009     1.00000
           0           3          13           5
   -11.57495    -2.08802    12.71179
     0.17711    -0.98419    -0.00010
     0.98419     0.17711    -0.00107
     0.00107     0.00009     1.00000
           0           3          14           1
   -11.54970    -5.66682   -12.79288
     0.44239    -0.89682    -0.00018
     0.89682     0.44239    -0.00073
     0.00073     0.00016     1.00000
           0           3          14           2
   -11.54183    -5.67219    -6.41749
     0.44239    -0.89682    -0.00018
     0.89682     0.44239    -0.00073
     0.00073     0.00016     1.00000
           0           3          14           3
   -11.53398    -5.67756    -0.04210
     0.44239    -0.89682    -0.00018
     0.89682     0.44239    -0.00073
     0.00073     0.00016     1.00000
           0           3          14           4
   -11.52612    -5.68291     6.33329
     0.44239    -0.89682    -0.00018
     0.89682     0.44239    -0.00073
     0.00073     0.00016     1.00000
           0           3          14           5
   -11.51825    -5.68827    12.70869
     0.44240    -0.89682    -0.00018
     0.89682     0.44240    -0.00073
     0.00073     0.00016     1.00000
           0           3          15           1
    -7.57080    -7.12338   -12.79901
     0.68745    -0.72623    -0.00024
     0.72623     0.68745    -0.00032
     0.00040     0.00004     1.00000
           0           3          15           2
    -7.56294    -7.12874    -6.42361
     0.68745    -0.72623    -0.00024
     0.72623     0.68745    -0.00032
     0.00040     0.00004     1.00000
           0           3          15           3
    -7.55507    -7.13411    -0.04823
     0.68745    -0.72623    -0.00024
     0.72623     0.68745    -0.00032
     0.00040     0.00004     1.00000
           0           3          15           4
    -7.54722    -7.13946     6.32717
     0.68745    -0.72623    -0.00024
     0.72623     0.68745    -0.00032
     0.00040     0.00004     1.00000
           0           3          15           5
    -7.53935    -7.14482    12.70256
     0.68745    -0.72623    -0.00024
     0.72623     0.68745    -0.00032
     0.00040     0.00004     1.00000
           0           3          16           1
    -5.64812   -10.31839   -12.80407
     0.87850    -0.47775    -0.00029
     0.47775     0.87850     0.00015
     0.00018    -0.00027     1.00000
           0           3          16           2
    -5.64026   -10.32375    -6.42868
     0.87850    -0.47775    -0.00029
     0.47775     0.87850     0.00015
     0.00018    -0.00027     1.00000
           0           3          16           3
    -5.63240   -10.32911    -0.05328
     0.87850    -0.47775    -0.00029
     0.47775     0.87850     0.00015
     0.00018    -0.00027     1.00000
           0           3          16           4
    -5.62454   -10.33447     6.32211
     0.87850    -0.47775    -0.00029
     0.47775     0.87850     0.00015
     0.00018    -0.00027     1.00000
           0           3          16           5
    -5.61669   -10.33982    12.69750
     0.87850    -0.47775    -0.00029
     0.47775     0.87850     0.00015
     0.00018    -0.00027     1.00000
           0           4           1           1
     6.52364   -14.08729   -15.89367
     0.90749     0.42008    -0.00001
    -0.42008     0.90749     0.00063
     0.00027    -0.00056     1.00000
           0           4           1           2
     6.52934   -14.08909    -9.51826
     0.90749     0.42008    -0.00001
    -0.42008     0.90749     0.00063
     0.00027    -0.00056     1.00000
           0           4           1           3
     6.53503   -14.09088    -3.14286
     0.90749     0.42008    -0.00001
    -0.42008     0.90749     0.00063
     0.00027    -0.00056     1.00000
           0           4           1           4
     6.54072   -14.09269     3.23253
     0.90749     0.42008    -0.00001
    -0.42008     0.90749     0.00063
     0.00027    -0.00056     1.00000
           0           4           1           5
     6.54641   -14.09449     9.60791
     0.90749     0.42008    -0.00001
    -0.42008     0.90749     0.00063
     0.00027    -0.00056     1.00000
           0           4           1           6
     6.55209   -14.09628    15.98332
     0.90749     0.42008    -0.00001
    -0.42008     0.90749     0.00063
     0.00027    -0.00056     1.00000
           0           4           2           1
    10.10097   -13.25677   -15.89662
     0.79566     0.60574     0.00001
    -0.60574     0.79566     0.00077
     0.00045    -0.00062     1.00000
           0           4           2           2
    10.10666   -13.25857    -9.52122
     0.79566     0.60574     0.00001
    -0.60574     0.79566     0.00077
     0.00045    -0.00062     1.00000
           0           4           2           3
    10.11235   -13.26037    -3.14583
     0.79566     0.60574     0.00001
    -0.60574     0.79566     0.00077
     0.00045    -0.00062     1.00000
           0           4           2           4
    10.11804   -13.26218     3.22957
     0.79566     0.60574     0.00001
    -0.60574     0.79566     0.00077
     0.00045    -0.00062     1.00000
           0           4           2           5
    10.12372   -13.26397     9.60496
     0.79566     0.60574     0.00001
    -0.60574     0.79566     0.00077
     0.00045    -0.00062     1.00000
           0           4           2           6
    10.12943   -13.26577    15.98036
     0.79566     0.60574     0.00001
    -0.60574     0.79566     0.00077
     0.00045    -0.00062     1.00000
           0           4           3           1
    13.41809   -11.71004   -15.89915
     0.65798     0.75303     0.00003
    -0.75303     0.65798     0.00086
     0.00063    -0.00059     1.00000
           0           4           3           2
    13.42378   -11.71184    -9.52376
     0.65798     0.75303     0.00003
    -0.75303     0.65798     0.00086
     0.00063    -0.00059     1.00000
           0           4           3           3
    13.42947   -11.71363    -3.14835
     0.65798     0.75303     0.00003
    -0.75303     0.65798     0.00086
     0.00063    -0.00059     1.00000
           0           4           3           4
    13.43516   -11.71544     3.22705
     0.65798     0.75303     0.00003
    -0.75303     0.65798     0.00086
     0.00063    -0.00059     1.00000
           0           4           3           5
    13.44084   -11.71723     9.60244
     0.65798     0.75303     0.00003
    -0.75303     0.65798     0.00086
     0.00063    -0.00059     1.00000
           0           4           3           6
    13.44653   -11.71904    15.97783
     0.65798     0.75303     0.00003
    -0.75303     0.65798     0.00086
     0.00063    -0.00059     1.00000
           0           4           4           1
    13.57534    -7.54249   -15.89811
     0.48649     0.87369     0.00005
    -0.87369     0.48649     0.00091
     0.00077    -0.00049     1.00000
           0           4           4           2
    13.58103    -7.54429    -9.52270
     0.48649     0.87369     0.00005
    -0.87369     0.48649     0.00091
     0.00077    -0.00049     1.00000
           0           4           4           3
    13.58672    -7.54608    -3.14731
     0.48649     0.87369     0.00005
    -0.87369     0.48649     0.00091
     0.00077    -0.00049     1.00000
           0           4           4           4
    13.59242    -7.54789     3.22809
     0.48649     0.87369     0.00005
    -0.87369     0.48649     0.00091
     0.00077    -0.00049     1.00000
           0           4           4           5
    13.59810    -7.54968     9.60349
     0.48649     0.87369     0.00005
    -0.87369     0.48649     0.00091
     0.00077    -0.00049     1.00000
           0           4           4           6
    13.60380    -7.55148    15.97888
     0.48649     0.87369     0.00005
    -0.87369     0.48649     0.00091
     0.00077    -0.00049     1.00000
           0           4           5           1
    15.97888    -4.76578   -15.89947
     0.28683     0.95798     0.00007
    -0.95798     0.28683     0.00094
     0.00088    -0.00034     1.00000
           0           4           5           2
    15.98457    -4.76759    -9.52408
     0.28683     0.95798     0.00007
    -0.95798     0.28683     0.00094
     0.00088    -0.00034     1.00000
           0           4           5           3
    15.99026    -4.76937    -3.14867
     0.28683     0.95798     0.00007
    -0.95798     0.28683     0.00094
     0.00088    -0.00034     1.00000
           0           4           5           4
    15.99594    -4.77118     3.22673
     0.28683     0.95798     0.00007
    -0.95798     0.28683     0.00094
     0.00088    -0.00034     1.00000
           0           4           5           5
    16.00163    -4.77298     9.60213
     0.28683     0.95798     0.00007
    -0.95798     0.28683     0.00094
     0.00088    -0.00034     1.00000
           0           4           5           6
    16.00732    -4.77477    15.97752
     0.28683     0.95798     0.00007
    -0.95798     0.28683     0.00094
     0.00088    -0.00034     1.00000
           0           4           6           1
    17.75054    -1.56316   -15.90014
     0.08883     0.99605     0.00009
    -0.99605     0.08883     0.00091
     0.00090    -0.00017     1.00000
           0           4           6           2
    17.75623    -1.56496    -9.52475
     0.08883     0.99605     0.00009
    -0.99605     0.08883     0.00091
     0.00090    -0.00017     1.00000
           0           4           6           3
    17.76192    -1.56675    -3.14935
     0.08883     0.99605     0.00009
    -0.99605     0.08883     0.00091
     0.00090    -0.00017     1.00000
           0           4           6           4
    17.76761    -1.56856     3.22605
     0.08883     0.99605     0.00009
    -0.99605     0.08883     0.00091
     0.00090    -0.00017     1.00000
           0           4           6           5
    17.77328    -1.57035     9.60143
     0.08883     0.99605     0.00009
    -0.99605     0.08883     0.00091
     0.00090    -0.00017     1.00000
           0           4           6           6
    17.77898    -1.57215    15.97683
     0.08883     0.99605     0.00009
    -0.99605     0.08883     0.00091
     0.00090    -0.00017     1.00000
           0           4           7           1
    15.42511     1.89888   -15.89710
    -0.12083     0.99267     0.00010
    -0.99267    -0.12083     0.00085
     0.00086     0.00001     1.00000
           0           4           7           2
    15.43080     1.89708    -9.52169
    -0.12083     0.99267     0.00010
    -0.99267    -0.12083     0.00085
     0.00086     0.00001     1.00000
           0           4           7           3
    15.43649     1.89529    -3.14629
    -0.12083     0.99267     0.00010
    -0.99267    -0.12083     0.00085
     0.00086     0.00001     1.00000
           0           4           7           4
    15.44218     1.89348     3.22910
    -0.12083     0.99267     0.00010
    -0.99267    -0.12083     0.00085
     0.00086     0.00001     1.00000
           0           4           7           5
    15.44785     1.89169     9.60450
    -0.12083     0.99267     0.00010
    -0.99267    -0.12083     0.00085
     0.00086     0.00001     1.00000
           0           4           7           6
    15.45354     1.88989    15.97989
    -0.12083     0.99267     0.00010
    -0.99267    -0.12083     0.00085
     0.00086     0.00001     1.00000
           0           4           8           1
    15.73431     5.55831   -15.89633
    -0.33187     0.94332     0.00010
    -0.94332    -0.33187     0.00075
     0.00074     0.00015     1.00000
           0           4           8           2
    15.74000     5.55651    -9.52094
    -0.33187     0.94332     0.00010
    -0.94332    -0.33187     0.00075
     0.00074     0.00015     1.00000
           0           4           8           3
    15.74568     5.55472    -3.14553
    -0.33187     0.94332     0.00010
    -0.94332    -0.33187     0.00075
     0.00074     0.00015     1.00000
           0           4           8           4
    15.75137     5.55291     3.22986
    -0.33187     0.94332     0.00010
    -0.94332    -0.33187     0.00075
     0.00074     0.00015     1.00000
           0           4           8           5
    15.75705     5.55112     9.60525
    -0.33187     0.94332     0.00010
    -0.94332    -0.33187     0.00075
     0.00074     0.00015     1.00000
           0           4           8           6
    15.76274     5.54930    15.98065
    -0.33187     0.94332     0.00010
    -0.94332    -0.33187     0.00075
     0.00074     0.00015     1.00000
           0           4           9           1
    15.28198     9.19025   -15.89490
    -0.51435     0.85758     0.00011
    -0.85758    -0.51435     0.00062
     0.00059     0.00023     1.00000
           0           4           9           2
    15.28767     9.18845    -9.51951
    -0.51435     0.85758     0.00011
    -0.85758    -0.51435     0.00062
     0.00059     0.00023     1.00000
           0           4           9           3
    15.29336     9.18666    -3.14410
    -0.51435     0.85758     0.00011
    -0.85758    -0.51435     0.00062
     0.00059     0.00023     1.00000
           0           4           9           4
    15.29905     9.18485     3.23130
    -0.51435     0.85758     0.00011
    -0.85758    -0.51435     0.00062
     0.00059     0.00023     1.00000
           0           4           9           5
    15.30474     9.18306     9.60668
    -0.51435     0.85758     0.00011
    -0.85758    -0.51435     0.00062
     0.00059     0.00023     1.00000
           0           4           9           6
    15.31042     9.18126    15.98207
    -0.51435     0.85758     0.00011
    -0.85758    -0.51435     0.00062
     0.00059     0.00023     1.00000
           0           4          10           1
    11.36450    10.62082   -15.89100
    -0.68187     0.73147     0.00010
    -0.73147    -0.68187     0.00046
     0.00041     0.00024     1.00000
           0           4          10           2
    11.37018    10.61903    -9.51561
    -0.68187     0.73147     0.00010
    -0.73147    -0.68187     0.00046
     0.00041     0.00024     1.00000
           0           4          10           3
    11.37587    10.61723    -3.14021
    -0.68187     0.73147     0.00010
    -0.73147    -0.68187     0.00046
     0.00041     0.00024     1.00000
           0           4          10           4
    11.38155    10.61542     3.23519
    -0.68187     0.73147     0.00010
    -0.73147    -0.68187     0.00046
     0.00041     0.00024     1.00000
           0           4          10           5
    11.38724    10.61363     9.61058
    -0.68187     0.73147     0.00010
    -0.73147    -0.68187     0.00046
     0.00041     0.00024     1.00000
           0           4          10           6
    11.39293    10.61182    15.98597
    -0.68187     0.73147     0.00010
    -0.73147    -0.68187     0.00046
     0.00041     0.00024     1.00000
           0           4          11           1
     9.46095    13.76145   -15.88842
    -0.82345     0.56738     0.00010
    -0.56738    -0.82345     0.00028
     0.00024     0.00017     1.00000
           0           4          11           2
     9.46663    13.75965    -9.51301
    -0.82345     0.56738     0.00010
    -0.56738    -0.82345     0.00028
     0.00024     0.00017     1.00000
           0           4          11           3
     9.47232    13.75785    -3.13763
    -0.82345     0.56738     0.00010
    -0.56738    -0.82345     0.00028
     0.00024     0.00017     1.00000
           0           4          11           4
     9.47801    13.75604     3.23777
    -0.82345     0.56738     0.00010
    -0.56738    -0.82345     0.00028
     0.00024     0.00017     1.00000
           0           4          11           5
     9.48370    13.75425     9.61316
    -0.82345     0.56738     0.00010
    -0.56738    -0.82345     0.00028
     0.00024     0.00017     1.00000
           0           4          11           6
     9.48940    13.75244    15.98857
    -0.82345     0.56738     0.00010
    -0.56738    -0.82345     0.00028
     0.00024     0.00017     1.00000
           0           4          12           1
     6.95788    16.43169   -15.88544
    -0.92053     0.39067     0.00009
    -0.39067    -0.92053     0.00009
     0.00011     0.00005     1.00000
           0           4          12           2
     6.96357    16.42990    -9.51003
    -0.92053     0.39067     0.00009
    -0.39067    -0.92053     0.00009
     0.00011     0.00005     1.00000
           0           4          12           3
     6.96925    16.42811    -3.13463
    -0.92053     0.39067     0.00009
    -0.39067    -0.92053     0.00009
     0.00011     0.00005     1.00000
           0           4          12           4
     6.97494    16.42630     3.24077
    -0.92053     0.39067     0.00009
    -0.39067    -0.92053     0.00009
     0.00011     0.00005     1.00000
           0           4          12           5
     6.98062    16.42450     9.61616
    -0.92053     0.39067     0.00009
    -0.39067    -0.92053     0.00009
     0.00011     0.00005     1.00000
           0           4          12           6
     6.98631    16.42269    15.99155
    -0.92053     0.39067     0.00009
    -0.39067    -0.92053     0.00009
     0.00011     0.00005     1.00000
           0           4          13           1
    -6.96115    16.38335    15.90555
     0.92067     0.39034    -0.00026
     0.39034    -0.92067    -0.00125
    -0.00073     0.00105    -1.00000
           0           4          13           2
    -6.96901    16.38872     9.53016
     0.92067     0.39034    -0.00026
     0.39034    -0.92067    -0.00125
    -0.00073     0.00105    -1.00000
           0           4          13           3
    -6.97686    16.39409     3.15476
     0.92067     0.39034    -0.00026
     0.39034    -0.92067    -0.00125
    -0.00073     0.00105    -1.00000
           0           4          13           4
    -6.98472    16.39945    -3.22062
     0.92067     0.39034    -0.00026
     0.39034    -0.92067    -0.00125
    -0.00073     0.00105    -1.00000
           0           4          13           5
    -6.99258    16.40481    -9.59602
     0.92067     0.39034    -0.00026
     0.39034    -0.92067    -0.00125
    -0.00073     0.00105    -1.00000
           0           4          13           6
    -7.00043    16.41018   -15.97142
     0.92067     0.39034    -0.00026
     0.39034    -0.92067    -0.00125
    -0.00073     0.00105    -1.00000
           0           4          14           1
    -9.46484    13.71421    15.90639
     0.82367     0.56707    -0.00022
     0.56707    -0.82367    -0.00139
    -0.00097     0.00102    -1.00000
           0           4          14           2
    -9.47270    13.71958     9.53100
     0.82367     0.56707    -0.00022
     0.56707    -0.82367    -0.00139
    -0.00097     0.00102    -1.00000
           0           4          14           3
    -9.48055    13.72495     3.15560
     0.82367     0.56707    -0.00022
     0.56707    -0.82367    -0.00139
    -0.00097     0.00102    -1.00000
           0           4          14           4
    -9.48841    13.73032    -3.21979
     0.82367     0.56707    -0.00022
     0.56707    -0.82367    -0.00139
    -0.00097     0.00102    -1.00000
           0           4          14           5
    -9.49627    13.73567    -9.59518
     0.82367     0.56707    -0.00022
     0.56707    -0.82367    -0.00139
    -0.00097     0.00102    -1.00000
           0           4          14           6
    -9.50412    13.74104   -15.97057
     0.82367     0.56707    -0.00022
     0.56707    -0.82367    -0.00139
    -0.00097     0.00102    -1.00000
           0           4          15           1
   -11.36929    10.57464    15.90610
     0.68216     0.73120    -0.00017
     0.73120    -0.68216    -0.00147
    -0.00119     0.00088    -1.00000
           0           4          15           2
   -11.37714    10.58001     9.53070
     0.68216     0.73120    -0.00017
     0.73120    -0.68216    -0.00147
    -0.00119     0.00088    -1.00000
           0           4          15           3
   -11.38499    10.58537     3.15530
     0.68216     0.73120    -0.00017
     0.73120    -0.68216    -0.00147
    -0.00119     0.00088    -1.00000
           0           4          15           4
   -11.39287    10.59074    -3.22008
     0.68216     0.73120    -0.00017
     0.73120    -0.68216    -0.00147
    -0.00119     0.00088    -1.00000
           0           4          15           5
   -11.40072    10.59611    -9.59548
     0.68216     0.73120    -0.00017
     0.73120    -0.68216    -0.00147
    -0.00119     0.00088    -1.00000
           0           4          15           6
   -11.40857    10.60146   -15.97087
     0.68216     0.73120    -0.00017
     0.73120    -0.68216    -0.00147
    -0.00119     0.00088    -1.00000
           0           4          16           1
   -15.28784     9.14485    15.90972
     0.51465     0.85740    -0.00011
     0.85740    -0.51465    -0.00149
    -0.00134     0.00067    -1.00000
           0           4          16           2
   -15.29569     9.15022     9.53432
     0.51465     0.85740    -0.00011
     0.85740    -0.51465    -0.00149
    -0.00134     0.00067    -1.00000
           0           4          16           3
   -15.30354     9.15559     3.15894
     0.51465     0.85740    -0.00011
     0.85740    -0.51465    -0.00149
    -0.00134     0.00067    -1.00000
           0           4          16           4
   -15.31140     9.16096    -3.21646
     0.51465     0.85740    -0.00011
     0.85740    -0.51465    -0.00149
    -0.00134     0.00067    -1.00000
           0           4          16           5
   -15.31927     9.16632    -9.59185
     0.51465     0.85740    -0.00011
     0.85740    -0.51465    -0.00149
    -0.00134     0.00067    -1.00000
           0           4          16           6
   -15.32712     9.17169   -15.96725
     0.51465     0.85740    -0.00011
     0.85740    -0.51465    -0.00149
    -0.00134     0.00067    -1.00000
           0           4          17           1
   -15.74132     5.51346    15.90722
     0.33223     0.94320    -0.00005
     0.94320    -0.33223    -0.00144
    -0.00138     0.00043    -1.00000
           0           4          17           2
   -15.74917     5.51882     9.53183
     0.33223     0.94320    -0.00005
     0.94320    -0.33223    -0.00144
    -0.00138     0.00043    -1.00000
           0           4          17           3
   -15.75702     5.52420     3.15644
     0.33223     0.94320    -0.00005
     0.94320    -0.33223    -0.00144
    -0.00138     0.00043    -1.00000
           0           4          17           4
   -15.76489     5.52957    -3.21896
     0.33223     0.94320    -0.00005
     0.94320    -0.33223    -0.00144
    -0.00138     0.00043    -1.00000
           0           4          17           5
   -15.77274     5.53492    -9.59435
     0.33223     0.94320    -0.00005
     0.94320    -0.33223    -0.00144
    -0.00138     0.00043    -1.00000
           0           4          17           6
   -15.78059     5.54030   -15.96974
     0.33223     0.94320    -0.00005
     0.94320    -0.33223    -0.00144
    -0.00138     0.00043    -1.00000
           0           4          18           1
   -15.43346     1.85435    15.90376
     0.12124     0.99262     0.00001
     0.99262    -0.12124    -0.00133
    -0.00131     0.00017    -1.00000
           0           4          18           2
   -15.44131     1.85972     9.52837
     0.12124     0.99262     0.00001
     0.99262    -0.12124    -0.00133
    -0.00131     0.00017    -1.00000
           0           4          18           3
   -15.44917     1.86509     3.15298
     0.12124     0.99262     0.00001
     0.99262    -0.12124    -0.00133
    -0.00131     0.00017    -1.00000
           0           4          18           4
   -15.45703     1.87046    -3.22242
     0.12124     0.99262     0.00001
     0.99262    -0.12124    -0.00133
    -0.00131     0.00017    -1.00000
           0           4          18           5
   -15.46488     1.87582    -9.59781
     0.12124     0.99262     0.00001
     0.99262    -0.12124    -0.00133
    -0.00131     0.00017    -1.00000
           0           4          18           6
   -15.47274     1.88119   -15.97320
     0.12124     0.99262     0.00001
     0.99262    -0.12124    -0.00133
    -0.00131     0.00017    -1.00000
           0           4          19           1
   -17.76022    -1.60767    15.90372
    -0.08847     0.99608     0.00007
     0.99608     0.08847    -0.00116
    -0.00116    -0.00003    -1.00000
           0           4          19           2
   -17.76808    -1.60230     9.52832
    -0.08847     0.99608     0.00007
     0.99608     0.08847    -0.00116
    -0.00116    -0.00003    -1.00000
           0           4          19           3
   -17.77594    -1.59693     3.15293
    -0.08847     0.99608     0.00007
     0.99608     0.08847    -0.00116
    -0.00116    -0.00003    -1.00000
           0           4          19           4
   -17.78379    -1.59156    -3.22246
    -0.08847     0.99608     0.00007
     0.99608     0.08847    -0.00116
    -0.00116    -0.00003    -1.00000
           0           4          19           5
   -17.79165    -1.58620    -9.59785
    -0.08847     0.99608     0.00007
     0.99608     0.08847    -0.00116
    -0.00116    -0.00003    -1.00000
           0           4          19           6
   -17.79951    -1.58083   -15.97325
    -0.08847     0.99608     0.00007
     0.99608     0.08847    -0.00116
    -0.00116    -0.00003    -1.00000
           0           4          20           1
   -15.98982    -4.81053    15.89884
    -0.28647     0.95809     0.00013
     0.95809     0.28647    -0.00094
    -0.00093    -0.00014    -1.00000
           0           4          20           2
   -15.99767    -4.80516     9.52344
    -0.28647     0.95809     0.00013
     0.95809     0.28647    -0.00094
    -0.00093    -0.00014    -1.00000
           0           4          20           3
   -16.00553    -4.79979     3.14806
    -0.28647     0.95809     0.00013
     0.95809     0.28647    -0.00094
    -0.00093    -0.00014    -1.00000
           0           4          20           4
   -16.01338    -4.79442    -3.22734
    -0.28647     0.95809     0.00013
     0.95809     0.28647    -0.00094
    -0.00093    -0.00014    -1.00000
           0           4          20           5
   -16.02125    -4.78906    -9.60273
    -0.28647     0.95809     0.00013
     0.95809     0.28647    -0.00094
    -0.00093    -0.00014    -1.00000
           0           4          20           6
   -16.02911    -4.78369   -15.97813
    -0.28647     0.95809     0.00013
     0.95809     0.28647    -0.00094
    -0.00093    -0.00014    -1.00000
           0           4          21           1
   -13.58756    -7.58775    15.89354
    -0.48613     0.87389     0.00019
     0.87389     0.48613    -0.00067
    -0.00068    -0.00016    -1.00000
           0           4          21           2
   -13.59541    -7.58239     9.51814
    -0.48613     0.87389     0.00019
     0.87389     0.48613    -0.00067
    -0.00068    -0.00016    -1.00000
           0           4          21           3
   -13.60327    -7.57702     3.14276
    -0.48613     0.87389     0.00019
     0.87389     0.48613    -0.00067
    -0.00068    -0.00016    -1.00000
           0           4          21           4
   -13.61114    -7.57166    -3.23264
    -0.48613     0.87389     0.00019
     0.87389     0.48613    -0.00067
    -0.00068    -0.00016    -1.00000
           0           4          21           5
   -13.61899    -7.56630    -9.60803
    -0.48613     0.87389     0.00019
     0.87389     0.48613    -0.00067
    -0.00068    -0.00016    -1.00000
           0           4          21           6
   -13.62685    -7.56093   -15.98343
    -0.48613     0.87389     0.00019
     0.87389     0.48613    -0.00067
    -0.00068    -0.00016    -1.00000
           0           4          22           1
   -13.43138   -11.75607    15.88984
    -0.65772     0.75326     0.00023
     0.75326     0.65772    -0.00038
    -0.00044    -0.00007    -1.00000
           0           4          22           2
   -13.43925   -11.75070     9.51445
    -0.65772     0.75326     0.00023
     0.75326     0.65772    -0.00038
    -0.00044    -0.00007    -1.00000
           0           4          22           3
   -13.44711   -11.74535     3.13906
    -0.65772     0.75326     0.00023
     0.75326     0.65772    -0.00038
    -0.00044    -0.00007    -1.00000
           0           4          22           4
   -13.45496   -11.73998    -3.23634
    -0.65772     0.75326     0.00023
     0.75326     0.65772    -0.00038
    -0.00044    -0.00007    -1.00000
           0           4          22           5
   -13.46282   -11.73462    -9.61173
    -0.65772     0.75326     0.00023
     0.75326     0.65772    -0.00038
    -0.00044    -0.00007    -1.00000
           0           4          22           6
   -13.47068   -11.72925   -15.98712
    -0.65772     0.75326     0.00023
     0.75326     0.65772    -0.00038
    -0.00044    -0.00007    -1.00000
           0           4          23           1
   -10.11514   -13.30374    15.88445
    -0.79543     0.60604     0.00027
     0.60604     0.79543    -0.00007
    -0.00026     0.00010    -1.00000
           0           4          23           2
   -10.12301   -13.29837     9.50906
    -0.79543     0.60604     0.00027
     0.60604     0.79543    -0.00007
    -0.00026     0.00010    -1.00000
           0           4          23           3
   -10.13086   -13.29300     3.13366
    -0.79543     0.60604     0.00027
     0.60604     0.79543    -0.00007
    -0.00026     0.00010    -1.00000
           0           4          23           4
   -10.13871   -13.28764    -3.24172
    -0.79543     0.60604     0.00027
     0.60604     0.79543    -0.00007
    -0.00026     0.00010    -1.00000
           0           4          23           5
   -10.14658   -13.28228    -9.61712
    -0.79543     0.60604     0.00027
     0.60604     0.79543    -0.00007
    -0.00026     0.00010    -1.00000
           0           4          23           6
   -10.15443   -13.27691   -15.99251
    -0.79543     0.60604     0.00027
     0.60604     0.79543    -0.00007
    -0.00026     0.00010    -1.00000
           0           4          24           1
    -6.53856   -14.13543    15.87935
    -0.90731     0.42045     0.00029
     0.42045     0.90731     0.00025
    -0.00016     0.00035    -1.00000
           0           4          24           2
    -6.54641   -14.13006     9.50395
    -0.90731     0.42045     0.00029
     0.42045     0.90731     0.00025
    -0.00016     0.00035    -1.00000
           0           4          24           3
    -6.55426   -14.12469     3.12855
    -0.90731     0.42045     0.00029
     0.42045     0.90731     0.00025
    -0.00016     0.00035    -1.00000
           0           4          24           4
    -6.56213   -14.11933    -3.24683
    -0.90731     0.42045     0.00029
     0.42045     0.90731     0.00025
    -0.00016     0.00035    -1.00000
           0           4          24           5
    -6.56998   -14.11398    -9.62223
    -0.90731     0.42045     0.00029
     0.42045     0.90731     0.00025
    -0.00016     0.00035    -1.00000
           0           4          24           6
    -6.57783   -14.10861   -15.99762
    -0.90731     0.42045     0.00029
     0.42045     0.90731     0.00025
    -0.00016     0.00035    -1.00000
