 SVX cage parameters:
     2.20000
     0.50000     0.20000
     0.00000
           6
   -40.00000   -26.50000   -26.50000    26.50000    26.50000    40.00000
    53.00000    53.00000    22.14782    22.14782    53.00000    53.00000
     0.00000     0.00000     0.00000
 SVX barrel parameters:
           4
     2.63000     5.19260    11.76500    16.68700     1.14100
     0.00000     0.00000     0.00000     0.00000
           4           4           5           6
     0.69600     0.69600     1.74500     1.74500
     0.01000     0.01000     0.03125     0.03125
     2.83600     2.83600     3.18770     3.18770
     0.01900     0.01900     0.00000     0.00000
     0.02000     0.02000     0.00000     0.00000
    26.70000    13.62600    17.00000    12.00000
   -13.00000   -12.98000     0.00000     0.00000
           2
           5           5
     0.00000   180.00000
           2
          10          10
     0.00000   180.00000
           2
           8           8
     0.00000   180.00000
           2
          12          12
     0.00000   180.00000
 SVX barrel sensor rotation matrices and translation vectors:
           0           1           1           1
     1.60598    -2.12512     8.59649
     0.63839     0.76972     0.00000
    -0.76972     0.63839     0.00086
     0.00066    -0.00055     1.00000
           0           1           1           2
     1.60091    -2.12355     2.90449
     0.63837     0.76973     0.00000
    -0.76973     0.63837     0.00086
     0.00066    -0.00055     1.00000
           0           1           1           3
     1.59587    -2.12198    -2.78751
     0.63836     0.76974     0.00000
    -0.76974     0.63836     0.00086
     0.00066    -0.00055     1.00000
           0           1           1           4
     1.59081    -2.12039    -8.47951
     0.63835     0.76975     0.00000
    -0.76975     0.63835     0.00086
     0.00066    -0.00055     1.00000
           0           1           2           1
     2.37658    -1.18353     8.60184
     0.22365     0.97467     0.00000
    -0.97467     0.22365     0.00093
     0.00091    -0.00021     1.00000
           0           1           2           2
     2.37151    -1.18194     2.90984
     0.22363     0.97468     0.00000
    -0.97467     0.22363     0.00093
     0.00091    -0.00021     1.00000
           0           1           2           3
     2.36646    -1.18035    -2.78215
     0.22360     0.97468     0.00000
    -0.97468     0.22360     0.00093
     0.00091    -0.00021     1.00000
           0           1           2           4
     2.36139    -1.17873    -8.47415
     0.22356     0.97469     0.00000
    -0.97469     0.22356     0.00093
     0.00091    -0.00021     1.00000
           0           1           3           1
     2.64579    -0.00028     8.60201
    -0.23735     0.97142     0.00000
    -0.97142    -0.23735     0.00080
     0.00078     0.00019     1.00000
           0           1           3           2
     2.64070     0.00134     2.91001
    -0.23738     0.97142     0.00000
    -0.97142    -0.23738     0.00080
     0.00078     0.00019     1.00000
           0           1           3           3
     2.63561     0.00294    -2.78198
    -0.23740     0.97141     0.00000
    -0.97141    -0.23740     0.00080
     0.00078     0.00019     1.00000
           0           1           3           4
     2.63051     0.00456    -8.47398
    -0.23743     0.97140     0.00000
    -0.97140    -0.23743     0.00080
     0.00078     0.00019     1.00000
           0           1           4           1
     2.35231     1.17900     8.60726
    -0.64797     0.76167     0.00000
    -0.76167    -0.64797     0.00050
     0.00038     0.00032     1.00000
           0           1           4           2
     2.34719     1.18060     2.91527
    -0.64798     0.76166     0.00000
    -0.76166    -0.64798     0.00050
     0.00038     0.00032     1.00000
           0           1           4           3
     2.34208     1.18220    -2.77672
    -0.64800     0.76164     0.00000
    -0.76164    -0.64800     0.00050
     0.00038     0.00032     1.00000
           0           1           4           4
     2.33696     1.18381    -8.46872
    -0.64801     0.76163     0.00000
    -0.76163    -0.64801     0.00050
     0.00038     0.00032     1.00000
           0           1           5           1
     1.55518     2.10175     8.60244
    -0.92142     0.38856     0.00000
    -0.38856    -0.92142     0.00010
     0.00004     0.00009     1.00000
           0           1           5           2
     1.55005     2.10331     2.91044
    -0.92143     0.38855     0.00000
    -0.38855    -0.92143     0.00010
     0.00004     0.00009     1.00000
           0           1           5           3
     1.54493     2.10488    -2.78155
    -0.92143     0.38854     0.00000
    -0.38854    -0.92143     0.00010
     0.00004     0.00009     1.00000
           0           1           5           4
     1.53982     2.10646    -8.47355
    -0.92143     0.38854     0.00000
    -0.38854    -0.92143     0.00010
     0.00004     0.00009     1.00000
           0           1           6           1
    -1.55758     2.07004    -8.57700
     0.92052     0.39069    -0.00000
     0.39069    -0.92052    -0.00126
    -0.00049     0.00116    -1.00000
           0           1           6           2
    -1.55058     2.06523    -2.88500
     0.92053     0.39066    -0.00000
     0.39066    -0.92053    -0.00126
    -0.00049     0.00116    -1.00000
           0           1           6           3
    -1.54357     2.06041     2.80700
     0.92054     0.39065    -0.00000
     0.39065    -0.92054    -0.00126
    -0.00049     0.00116    -1.00000
           0           1           6           4
    -1.53656     2.05559     8.49899
     0.92055     0.39062    -0.00000
     0.39062    -0.92055    -0.00126
    -0.00049     0.00116    -1.00000
           0           1           7           1
    -2.33354     1.15593    -8.58153
     0.64773     0.76187    -0.00000
     0.76187    -0.64773    -0.00148
    -0.00113     0.00096    -1.00000
           0           1           7           2
    -2.32654     1.15117    -2.88954
     0.64776     0.76185    -0.00000
     0.76185    -0.64775    -0.00148
    -0.00113     0.00096    -1.00000
           0           1           7           3
    -2.31953     1.14640     2.80246
     0.64778     0.76182    -0.00000
     0.76182    -0.64778    -0.00148
    -0.00113     0.00096    -1.00000
           0           1           7           4
    -2.31253     1.14163     8.49445
     0.64781     0.76181    -0.00000
     0.76180    -0.64780    -0.00148
    -0.00113     0.00096    -1.00000
           0           1           8           1
    -2.63092    -0.00746    -8.59418
     0.23679     0.97156    -0.00000
     0.97156    -0.23679    -0.00139
    -0.00135     0.00033    -1.00000
           0           1           8           2
    -2.62395    -0.01220    -2.90219
     0.23682     0.97155    -0.00000
     0.97155    -0.23682    -0.00139
    -0.00135     0.00033    -1.00000
           0           1           8           3
    -2.61699    -0.01695     2.78980
     0.23684     0.97155    -0.00000
     0.97155    -0.23684    -0.00139
    -0.00135     0.00033    -1.00000
           0           1           8           4
    -2.61002    -0.02170     8.48179
     0.23686     0.97154    -0.00000
     0.97154    -0.23686    -0.00139
    -0.00135     0.00033    -1.00000
           0           1           9           1
    -2.35907    -1.18319    -8.58641
    -0.22688     0.97392    -0.00000
     0.97392     0.22688    -0.00100
    -0.00097    -0.00023    -1.00000
           0           1           9           2
    -2.35216    -1.18793    -2.89441
    -0.22688     0.97392    -0.00000
     0.97392     0.22688    -0.00100
    -0.00097    -0.00023    -1.00000
           0           1           9           3
    -2.34523    -1.19267     2.79758
    -0.22687     0.97393    -0.00000
     0.97392     0.22687    -0.00100
    -0.00097    -0.00023    -1.00000
           0           1           9           4
    -2.33832    -1.19741     8.48957
    -0.22686     0.97393    -0.00000
     0.97393     0.22686    -0.00100
    -0.00097    -0.00023    -1.00000
           0           1          10           1
    -1.60483    -2.11567    -8.59191
    -0.63931     0.76895    -0.00000
     0.76895     0.63931    -0.00039
    -0.00030    -0.00025    -1.00000
           0           1          10           2
    -1.59792    -2.12047    -2.89991
    -0.63931     0.76895    -0.00000
     0.76895     0.63931    -0.00039
    -0.00030    -0.00025    -1.00000
           0           1          10           3
    -1.59100    -2.12528     2.79209
    -0.63931     0.76895    -0.00000
     0.76895     0.63931    -0.00039
    -0.00030    -0.00025    -1.00000
           0           1          10           4
    -1.58410    -2.13010     8.48408
    -0.63931     0.76895    -0.00000
     0.76895     0.63931    -0.00039
    -0.00030    -0.00025    -1.00000
           0           2           1           1
     2.52896    -4.56834     8.60516
     0.74558     0.66641     0.00000
    -0.66641     0.74558     0.00080
     0.00053    -0.00060     1.00000
           0           2           1           2
     2.52388    -4.56674     2.91316
     0.74558     0.66641     0.00000
    -0.66641     0.74558     0.00080
     0.00053    -0.00060     1.00000
           0           2           1           3
     2.51879    -4.56516    -2.77884
     0.74557     0.66642     0.00000
    -0.66642     0.74557     0.00080
     0.00053    -0.00060     1.00000
           0           2           1           4
     2.51371    -4.56355    -8.47083
     0.74557     0.66642     0.00000
    -0.66642     0.74557     0.00080
     0.00053    -0.00060     1.00000
           0           2           2           1
     3.52685    -3.85086     8.61420
     0.56824     0.82286     0.00000
    -0.82286     0.56824     0.00090
     0.00074    -0.00051     1.00000
           0           2           2           2
     3.52178    -3.84926     2.92220
     0.56824     0.82286     0.00000
    -0.82286     0.56824     0.00090
     0.00074    -0.00051     1.00000
           0           2           2           3
     3.51669    -3.84766    -2.76980
     0.56824     0.82286     0.00000
    -0.82286     0.56824     0.00090
     0.00074    -0.00051     1.00000
           0           2           2           4
     3.51162    -3.84606    -8.46180
     0.56824     0.82286     0.00000
    -0.82286     0.56824     0.00090
     0.00074    -0.00051     1.00000
           0           2           3           1
     4.34004    -2.91549     8.60963
     0.35732     0.93398     0.00000
    -0.93398     0.35732     0.00093
     0.00087    -0.00033     1.00000
           0           2           3           2
     4.33496    -2.91388     2.91763
     0.35732     0.93398     0.00000
    -0.93398     0.35732     0.00093
     0.00087    -0.00033     1.00000
           0           2           3           3
     4.32989    -2.91228    -2.77437
     0.35731     0.93399     0.00000
    -0.93399     0.35731     0.00093
     0.00087    -0.00033     1.00000
           0           2           3           4
     4.32481    -2.91068    -8.46637
     0.35731     0.93399     0.00000
    -0.93399     0.35731     0.00093
     0.00087    -0.00033     1.00000
           0           2           4           1
     4.89579    -1.81861     8.61334
     0.12796     0.99178     0.00000
    -0.99178     0.12796     0.00092
     0.00091    -0.00012     1.00000
           0           2           4           2
     4.89071    -1.81700     2.92135
     0.12796     0.99178     0.00000
    -0.99178     0.12796     0.00092
     0.00091    -0.00012     1.00000
           0           2           4           3
     4.88563    -1.81540    -2.77065
     0.12795     0.99178     0.00000
    -0.99178     0.12795     0.00092
     0.00091    -0.00012     1.00000
           0           2           4           4
     4.88056    -1.81379    -8.46265
     0.12795     0.99178     0.00000
    -0.99178     0.12795     0.00092
     0.00091    -0.00012     1.00000
           0           2           5           1
     5.19812    -0.61774     8.61375
    -0.11005     0.99393     0.00000
    -0.99393    -0.11005     0.00085
     0.00084     0.00009     1.00000
           0           2           5           2
     5.19304    -0.61612     2.92175
    -0.11004     0.99393     0.00000
    -0.99393    -0.11004     0.00085
     0.00084     0.00009     1.00000
           0           2           5           3
     5.18796    -0.61452    -2.77025
    -0.11004     0.99393     0.00000
    -0.99393    -0.11004     0.00085
     0.00084     0.00009     1.00000
           0           2           5           4
     5.18288    -0.61291    -8.46223
    -0.11004     0.99393     0.00000
    -0.99393    -0.11004     0.00085
     0.00084     0.00009     1.00000
           0           2           6           1
     5.19099     0.61408     8.61556
    -0.34042     0.94027     0.00000
    -0.94027    -0.34042     0.00074
     0.00070     0.00025     1.00000
           0           2           6           2
     5.18591     0.61570     2.92357
    -0.34042     0.94028     0.00000
    -0.94027    -0.34042     0.00074
     0.00070     0.00025     1.00000
           0           2           6           3
     5.18082     0.61730    -2.76843
    -0.34042     0.94027     0.00000
    -0.94027    -0.34042     0.00074
     0.00070     0.00025     1.00000
           0           2           6           4
     5.17574     0.61892    -8.46043
    -0.34042     0.94027     0.00000
    -0.94027    -0.34042     0.00074
     0.00070     0.00025     1.00000
           0           2           7           1
     4.89710     1.81499     8.61311
    -0.55258     0.83346     0.00000
    -0.83346    -0.55258     0.00059
     0.00049     0.00033     1.00000
           0           2           7           2
     4.89201     1.81660     2.92112
    -0.55258     0.83346     0.00000
    -0.83346    -0.55258     0.00059
     0.00049     0.00033     1.00000
           0           2           7           3
     4.88693     1.81821    -2.77088
    -0.55258     0.83346     0.00000
    -0.83346    -0.55258     0.00059
     0.00049     0.00033     1.00000
           0           2           7           4
     4.88185     1.81982    -8.46288
    -0.55258     0.83346     0.00000
    -0.83346    -0.55258     0.00059
     0.00049     0.00033     1.00000
           0           2           8           1
     4.32466     2.90323     8.61395
    -0.73280     0.68044     0.00000
    -0.68044    -0.73280     0.00040
     0.00027     0.00029     1.00000
           0           2           8           2
     4.31958     2.90484     2.92195
    -0.73280     0.68044     0.00000
    -0.68044    -0.73280     0.00040
     0.00027     0.00029     1.00000
           0           2           8           3
     4.31449     2.90644    -2.77005
    -0.73280     0.68045     0.00000
    -0.68045    -0.73280     0.00040
     0.00027     0.00029     1.00000
           0           2           8           4
     4.30940     2.90805    -8.46204
    -0.73280     0.68045     0.00000
    -0.68045    -0.73280     0.00040
     0.00027     0.00029     1.00000
           0           2           9           1
     3.51785     3.84345     8.60904
    -0.87295     0.48780     0.00000
    -0.48780    -0.87295     0.00019
     0.00009     0.00017     1.00000
           0           2           9           2
     3.51276     3.84506     2.91704
    -0.87295     0.48780     0.00000
    -0.48780    -0.87295     0.00019
     0.00009     0.00017     1.00000
           0           2           9           3
     3.50766     3.84666    -2.77496
    -0.87295     0.48780     0.00000
    -0.48780    -0.87295     0.00019
     0.00009     0.00017     1.00000
           0           2           9           4
     3.50256     3.84827    -8.46695
    -0.87296     0.48779     0.00000
    -0.48779    -0.87296     0.00019
     0.00009     0.00017     1.00000
           0           2          10           1
     2.50451     4.53923     8.62108
    -0.96312     0.26906    -0.00000
    -0.26906    -0.96312    -0.00003
    -0.00001    -0.00003     1.00000
           0           2          10           2
     2.49944     4.54083     2.92909
    -0.96313     0.26905    -0.00000
    -0.26905    -0.96313    -0.00003
    -0.00001    -0.00003     1.00000
           0           2          10           3
     2.49435     4.54242    -2.76290
    -0.96313     0.26905    -0.00000
    -0.26905    -0.96313    -0.00003
    -0.00001    -0.00003     1.00000
           0           2          10           4
     2.48929     4.54402    -8.45490
    -0.96313     0.26905    -0.00000
    -0.26905    -0.96313    -0.00003
    -0.00001    -0.00003     1.00000
           0           2          11           1
    -2.51598     4.53204    -8.57905
     0.96329     0.26845    -0.00000
     0.26845    -0.96329    -0.00115
    -0.00031     0.00111    -1.00000
           0           2          11           2
    -2.50896     4.52725    -2.88706
     0.96330     0.26844    -0.00000
     0.26844    -0.96329    -0.00115
    -0.00031     0.00111    -1.00000
           0           2          11           3
    -2.50195     4.52245     2.80494
     0.96330     0.26844    -0.00000
     0.26844    -0.96329    -0.00115
    -0.00031     0.00111    -1.00000
           0           2          11           4
    -2.49493     4.51765     8.49693
     0.96329     0.26845    -0.00000
     0.26845    -0.96329    -0.00115
    -0.00031     0.00111    -1.00000
           0           2          12           1
    -3.52156     3.82462    -8.58391
     0.87312     0.48750    -0.00000
     0.48750    -0.87312    -0.00134
    -0.00065     0.00117    -1.00000
           0           2          12           2
    -3.51455     3.81984    -2.89192
     0.87313     0.48749    -0.00000
     0.48749    -0.87313    -0.00134
    -0.00065     0.00117    -1.00000
           0           2          12           3
    -3.50752     3.81505     2.80007
     0.87313     0.48749    -0.00000
     0.48749    -0.87313    -0.00134
    -0.00065     0.00117    -1.00000
           0           2          12           4
    -3.50050     3.81025     8.49207
     0.87313     0.48749    -0.00000
     0.48749    -0.87313    -0.00134
    -0.00065     0.00117    -1.00000
           0           2          13           1
    -4.31855     2.88715    -8.58643
     0.73367     0.67950    -0.00000
     0.67950    -0.73367    -0.00145
    -0.00099     0.00106    -1.00000
           0           2          13           2
    -4.31155     2.88237    -2.89444
     0.73368     0.67949    -0.00000
     0.67949    -0.73368    -0.00145
    -0.00099     0.00106    -1.00000
           0           2          13           3
    -4.30454     2.87758     2.79755
     0.73368     0.67949    -0.00000
     0.67949    -0.73368    -0.00145
    -0.00099     0.00106    -1.00000
           0           2          13           4
    -4.29752     2.87278     8.48955
     0.73368     0.67949    -0.00000
     0.67949    -0.73368    -0.00145
    -0.00099     0.00106    -1.00000
           0           2          14           1
    -4.88627     1.80241    -8.58455
     0.55372     0.83270    -0.00000
     0.83270    -0.55372    -0.00149
    -0.00124     0.00083    -1.00000
           0           2          14           2
    -4.87927     1.79763    -2.89256
     0.55372     0.83270    -0.00000
     0.83270    -0.55372    -0.00149
    -0.00124     0.00083    -1.00000
           0           2          14           3
    -4.87226     1.79286     2.79944
     0.55373     0.83269    -0.00000
     0.83269    -0.55373    -0.00149
    -0.00124     0.00083    -1.00000
           0           2          14           4
    -4.86525     1.78807     8.49143
     0.55373     0.83269    -0.00000
     0.83269    -0.55373    -0.00149
    -0.00124     0.00083    -1.00000
           0           2          15           1
    -5.19188     0.60710    -8.58602
     0.34148     0.93989    -0.00000
     0.93989    -0.34148    -0.00144
    -0.00135     0.00049    -1.00000
           0           2          15           2
    -5.18488     0.60231    -2.89403
     0.34148     0.93989    -0.00000
     0.93989    -0.34148    -0.00144
    -0.00135     0.00049    -1.00000
           0           2          15           3
    -5.17787     0.59752     2.79797
     0.34148     0.93989    -0.00000
     0.93989    -0.34148    -0.00144
    -0.00135     0.00049    -1.00000
           0           2          15           4
    -5.17086     0.59273     8.48996
     0.34148     0.93989    -0.00000
     0.93989    -0.34148    -0.00144
    -0.00135     0.00049    -1.00000
           0           2          16           1
    -5.18008    -0.62498    -8.58333
     0.11013     0.99392    -0.00000
     0.99392    -0.11013    -0.00132
    -0.00131     0.00015    -1.00000
           0           2          16           2
    -5.17308    -0.62976    -2.89133
     0.11013     0.99392    -0.00000
     0.99392    -0.11013    -0.00132
    -0.00131     0.00015    -1.00000
           0           2          16           3
    -5.16608    -0.63454     2.80066
     0.11013     0.99392    -0.00000
     0.99392    -0.11013    -0.00132
    -0.00131     0.00015    -1.00000
           0           2          16           4
    -5.15908    -0.63932     8.49266
     0.11013     0.99392    -0.00000
     0.99392    -0.11013    -0.00132
    -0.00131     0.00015    -1.00000
           0           2          17           1
    -4.88941    -1.82017    -8.58687
    -0.12748     0.99184    -0.00000
     0.99184     0.12748    -0.00111
    -0.00110    -0.00014    -1.00000
           0           2          17           2
    -4.88240    -1.82494    -2.89487
    -0.12748     0.99184    -0.00000
     0.99184     0.12748    -0.00111
    -0.00110    -0.00014    -1.00000
           0           2          17           3
    -4.87541    -1.82971     2.79712
    -0.12748     0.99184    -0.00000
     0.99184     0.12748    -0.00111
    -0.00110    -0.00014    -1.00000
           0           2          17           4
    -4.86842    -1.83448     8.48911
    -0.12748     0.99184    -0.00000
     0.99184     0.12748    -0.00111
    -0.00110    -0.00014    -1.00000
           0           2          18           1
    -4.33405    -2.91587    -8.59103
    -0.35756     0.93389    -0.00000
     0.93389     0.35756    -0.00084
    -0.00078    -0.00030    -1.00000
           0           2          18           2
    -4.32706    -2.92065    -2.89904
    -0.35756     0.93389    -0.00000
     0.93389     0.35756    -0.00084
    -0.00078    -0.00030    -1.00000
           0           2          18           3
    -4.32005    -2.92544     2.79295
    -0.35756     0.93389    -0.00000
     0.93389     0.35756    -0.00084
    -0.00078    -0.00030    -1.00000
           0           2          18           4
    -4.31308    -2.93022     8.48494
    -0.35756     0.93389    -0.00000
     0.93389     0.35756    -0.00084
    -0.00078    -0.00030    -1.00000
           0           2          19           1
    -3.53248    -3.84731    -8.59154
    -0.56749     0.82338    -0.00000
     0.82338     0.56749    -0.00053
    -0.00044    -0.00030    -1.00000
           0           2          19           2
    -3.52548    -3.85210    -2.89955
    -0.56749     0.82338    -0.00000
     0.82338     0.56749    -0.00053
    -0.00044    -0.00030    -1.00000
           0           2          19           3
    -3.51849    -3.85689     2.79245
    -0.56749     0.82338    -0.00000
     0.82338     0.56749    -0.00053
    -0.00044    -0.00030    -1.00000
           0           2          19           4
    -3.51152    -3.86168     8.48443
    -0.56750     0.82338    -0.00000
     0.82338     0.56749    -0.00053
    -0.00044    -0.00030    -1.00000
           0           2          20           1
    -2.53949    -4.57204    -8.59351
    -0.74536     0.66666    -0.00000
     0.66666     0.74536    -0.00020
    -0.00013    -0.00015    -1.00000
           0           2          20           2
    -2.53248    -4.57684    -2.90151
    -0.74536     0.66666    -0.00000
     0.66666     0.74536    -0.00020
    -0.00013    -0.00015    -1.00000
           0           2          20           3
    -2.52549    -4.58165     2.79049
    -0.74536     0.66666    -0.00000
     0.66666     0.74536    -0.00020
    -0.00013    -0.00015    -1.00000
           0           2          20           4
    -2.51849    -4.58645     8.48248
    -0.74536     0.66666    -0.00000
     0.66666     0.74536    -0.00020
    -0.00013    -0.00015    -1.00000
           0           3           1           1
     5.64944   -10.34012    12.80467
    -0.87821    -0.47828     0.00000
    -0.47828     0.87821     0.00068
    -0.00033     0.00060    -1.00000
           0           3           1           2
     5.64375   -10.33832     6.42926
    -0.87821    -0.47828     0.00000
    -0.47828     0.87821     0.00068
    -0.00033     0.00060    -1.00000
           0           3           1           3
     5.63805   -10.33653     0.05387
    -0.87821    -0.47828     0.00000
    -0.47828     0.87821     0.00068
    -0.00033     0.00060    -1.00000
           0           3           1           4
     5.63236   -10.33473    -6.32153
    -0.87821    -0.47828     0.00000
    -0.47828     0.87821     0.00068
    -0.00033     0.00060    -1.00000
           0           3           1           5
     5.62666   -10.33293   -12.69693
    -0.87821    -0.47828     0.00000
    -0.47828     0.87821     0.00068
    -0.00033     0.00060    -1.00000
           0           3           2           1
     7.56479    -7.14197    12.79947
    -0.68751    -0.72618     0.00000
    -0.72618     0.68751     0.00084
    -0.00061     0.00058    -1.00000
           0           3           2           2
     7.55911    -7.14016     6.42407
    -0.68751    -0.72618     0.00000
    -0.72618     0.68751     0.00084
    -0.00061     0.00058    -1.00000
           0           3           2           3
     7.55341    -7.13837     0.04868
    -0.68751    -0.72618     0.00000
    -0.72618     0.68751     0.00084
    -0.00061     0.00058    -1.00000
           0           3           2           4
     7.54772    -7.13657    -6.32672
    -0.68751    -0.72618     0.00000
    -0.72617     0.68751     0.00084
    -0.00061     0.00058    -1.00000
           0           3           2           5
     7.54203    -7.13477   -12.70212
    -0.68751    -0.72617     0.00000
    -0.72617     0.68751     0.00084
    -0.00061     0.00058    -1.00000
           0           3           3           1
    11.54974    -5.65815    12.81268
    -0.44076    -0.89762     0.00000
    -0.89762     0.44076     0.00093
    -0.00083     0.00041    -1.00000
           0           3           3           2
    11.54406    -5.65635     6.43728
    -0.44076    -0.89762     0.00000
    -0.89762     0.44076     0.00093
    -0.00083     0.00041    -1.00000
           0           3           3           3
    11.53836    -5.65456     0.06188
    -0.44076    -0.89762     0.00000
    -0.89762     0.44076     0.00093
    -0.00083     0.00041    -1.00000
           0           3           3           4
    11.53268    -5.65276    -6.31351
    -0.44076    -0.89762     0.00000
    -0.89762     0.44076     0.00093
    -0.00083     0.00041    -1.00000
           0           3           3           5
    11.52699    -5.65096   -12.68890
    -0.44076    -0.89762     0.00000
    -0.89762     0.44076     0.00093
    -0.00083     0.00041    -1.00000
           0           3           4           1
    11.59749    -2.05979    12.81176
    -0.17558    -0.98447     0.00000
    -0.98447     0.17558     0.00093
    -0.00092     0.00016    -1.00000
           0           3           4           2
    11.59181    -2.05799     6.43637
    -0.17558    -0.98447     0.00000
    -0.98447     0.17558     0.00093
    -0.00092     0.00016    -1.00000
           0           3           4           3
    11.58612    -2.05620     0.06098
    -0.17558    -0.98447     0.00000
    -0.98447     0.17558     0.00093
    -0.00092     0.00016    -1.00000
           0           3           4           4
    11.58043    -2.05440    -6.31442
    -0.17558    -0.98447     0.00000
    -0.98447     0.17558     0.00093
    -0.00092     0.00016    -1.00000
           0           3           4           5
    11.57474    -2.05260   -12.68982
    -0.17558    -0.98447     0.00000
    -0.98447     0.17558     0.00093
    -0.00092     0.00016    -1.00000
           0           3           5           1
    10.29525     1.42622    12.80294
     0.13686    -0.99059     0.00000
    -0.99059    -0.13686     0.00084
    -0.00083    -0.00011    -1.00000
           0           3           5           2
    10.28957     1.42802     6.42754
     0.13686    -0.99059     0.00000
    -0.99059    -0.13686     0.00084
    -0.00083    -0.00011    -1.00000
           0           3           5           3
    10.28388     1.42980     0.05214
     0.13686    -0.99059     0.00000
    -0.99059    -0.13686     0.00084
    -0.00083    -0.00011    -1.00000
           0           3           5           4
    10.27819     1.43160    -6.32325
     0.13686    -0.99059     0.00000
    -0.99059    -0.13686     0.00084
    -0.00083    -0.00011    -1.00000
           0           3           5           5
    10.27250     1.43340   -12.69865
     0.13686    -0.99059     0.00000
    -0.99059    -0.13686     0.00084
    -0.00083    -0.00011    -1.00000
           0           3           6           1
    11.66276     5.43952    12.81453
     0.42276    -0.90624     0.00000
    -0.90624    -0.42276     0.00069
    -0.00063    -0.00029    -1.00000
           0           3           6           2
    11.65709     5.44132     6.43913
     0.42276    -0.90624     0.00000
    -0.90624    -0.42276     0.00069
    -0.00063    -0.00029    -1.00000
           0           3           6           3
    11.65140     5.44311     0.06374
     0.42276    -0.90624     0.00000
    -0.90624    -0.42276     0.00069
    -0.00063    -0.00029    -1.00000
           0           3           6           4
    11.64571     5.44492    -6.31166
     0.42276    -0.90624     0.00000
    -0.90624    -0.42276     0.00069
    -0.00063    -0.00029    -1.00000
           0           3           6           5
    11.64002     5.44672   -12.68706
     0.42276    -0.90624     0.00000
    -0.90624    -0.42276     0.00069
    -0.00063    -0.00029    -1.00000
           0           3           7           1
     8.88133     7.73513    12.80981
     0.65711    -0.75379     0.00000
    -0.75379    -0.65711     0.00049
    -0.00037    -0.00032    -1.00000
           0           3           7           2
     8.87565     7.73693     6.43442
     0.65711    -0.75379     0.00000
    -0.75379    -0.65711     0.00049
    -0.00037    -0.00032    -1.00000
           0           3           7           3
     8.86996     7.73872     0.05902
     0.65711    -0.75379     0.00000
    -0.75379    -0.65711     0.00049
    -0.00037    -0.00032    -1.00000
           0           3           7           4
     8.86427     7.74052    -6.31638
     0.65711    -0.75379     0.00000
    -0.75379    -0.65711     0.00049
    -0.00037    -0.00032    -1.00000
           0           3           7           5
     8.85859     7.74232   -12.69178
     0.65711    -0.75379     0.00000
    -0.75379    -0.65711     0.00049
    -0.00037    -0.00032    -1.00000
           0           3           8           1
     5.32458     8.90125    12.82133
     0.85866    -0.51254     0.00000
    -0.51254    -0.85866     0.00022
    -0.00011    -0.00019    -1.00000
           0           3           8           2
     5.31889     8.90304     6.44593
     0.85866    -0.51254     0.00000
    -0.51254    -0.85866     0.00022
    -0.00011    -0.00019    -1.00000
           0           3           8           3
     5.31323     8.90482     0.07053
     0.85866    -0.51254     0.00000
    -0.51254    -0.85866     0.00022
    -0.00011    -0.00019    -1.00000
           0           3           8           4
     5.30755     8.90661    -6.30486
     0.85866    -0.51254     0.00000
    -0.51254    -0.85866     0.00022
    -0.00011    -0.00019    -1.00000
           0           3           8           5
     5.30188     8.90840   -12.68026
     0.85866    -0.51254     0.00000
    -0.51254    -0.85866     0.00022
    -0.00011    -0.00019    -1.00000
           0           3           9           1
    -5.35273     8.90513   -12.79607
    -0.85781    -0.51397    -0.00000
     0.51397    -0.85781    -0.00136
     0.00070    -0.00117     1.00000
           0           3           9           2
    -5.34489     8.89976    -6.42069
    -0.85781    -0.51397    -0.00000
     0.51397    -0.85781    -0.00136
     0.00070    -0.00117     1.00000
           0           3           9           3
    -5.33704     8.89439    -0.04529
    -0.85781    -0.51397    -0.00000
     0.51397    -0.85781    -0.00136
     0.00070    -0.00117     1.00000
           0           3           9           4
    -5.32918     8.88902     6.33010
    -0.85781    -0.51397    -0.00000
     0.51397    -0.85781    -0.00136
     0.00070    -0.00117     1.00000
           0           3           9           5
    -5.32135     8.88366    12.70550
    -0.85781    -0.51397    -0.00000
     0.51397    -0.85781    -0.00136
     0.00070    -0.00117     1.00000
           0           3          10           1
    -8.88824     7.73608   -12.78907
    -0.65685    -0.75402    -0.00000
     0.75402    -0.65685    -0.00148
     0.00112    -0.00097     1.00000
           0           3          10           2
    -8.88038     7.73071    -6.41367
    -0.65685    -0.75402    -0.00000
     0.75402    -0.65685    -0.00148
     0.00112    -0.00097     1.00000
           0           3          10           3
    -8.87253     7.72534    -0.03828
    -0.65685    -0.75402    -0.00000
     0.75402    -0.65685    -0.00148
     0.00112    -0.00097     1.00000
           0           3          10           4
    -8.86467     7.71997     6.33712
    -0.65685    -0.75402    -0.00000
     0.75402    -0.65685    -0.00148
     0.00112    -0.00097     1.00000
           0           3          10           5
    -8.85682     7.71461    12.71250
    -0.65685    -0.75402    -0.00000
     0.75402    -0.65685    -0.00148
     0.00112    -0.00097     1.00000
           0           3          11           1
   -11.69475     5.46693   -12.79351
    -0.42321    -0.90603    -0.00000
     0.90603    -0.42321    -0.00147
     0.00133    -0.00062     1.00000
           0           3          11           2
   -11.68690     5.46156    -6.41811
    -0.42321    -0.90603    -0.00000
     0.90603    -0.42321    -0.00147
     0.00133    -0.00062     1.00000
           0           3          11           3
   -11.67905     5.45619    -0.04272
    -0.42321    -0.90603    -0.00000
     0.90603    -0.42321    -0.00147
     0.00133    -0.00062     1.00000
           0           3          11           4
   -11.67119     5.45081     6.33267
    -0.42321    -0.90603    -0.00000
     0.90603    -0.42321    -0.00147
     0.00133    -0.00062     1.00000
           0           3          11           5
   -11.66334     5.44545    12.70806
    -0.42321    -0.90603    -0.00000
     0.90603    -0.42321    -0.00147
     0.00133    -0.00062     1.00000
           0           3          12           1
   -10.31334     1.42809   -12.78634
    -0.13591    -0.99072    -0.00000
     0.99072    -0.13591    -0.00134
     0.00133    -0.00018     1.00000
           0           3          12           2
   -10.30549     1.42272    -6.41095
    -0.13591    -0.99072    -0.00000
     0.99072    -0.13591    -0.00134
     0.00133    -0.00018     1.00000
           0           3          12           3
   -10.29764     1.41735    -0.03555
    -0.13591    -0.99072    -0.00000
     0.99072    -0.13591    -0.00134
     0.00133    -0.00018     1.00000
           0           3          12           4
   -10.28976     1.41199     6.33983
    -0.13590    -0.99072    -0.00000
     0.99072    -0.13590    -0.00134
     0.00133    -0.00018     1.00000
           0           3          12           5
   -10.28191     1.40663    12.71523
    -0.13590    -0.99072    -0.00000
     0.99072    -0.13590    -0.00134
     0.00133    -0.00018     1.00000
           0           3          13           1
   -11.58398    -2.05903   -12.78675
     0.17682    -0.98424    -0.00000
     0.98424     0.17682    -0.00107
     0.00105     0.00019     1.00000
           0           3          13           2
   -11.57613    -2.06438    -6.41135
     0.17682    -0.98424    -0.00000
     0.98424     0.17682    -0.00107
     0.00105     0.00019     1.00000
           0           3          13           3
   -11.56828    -2.06974    -0.03595
     0.17682    -0.98424    -0.00000
     0.98424     0.17682    -0.00107
     0.00105     0.00019     1.00000
           0           3          13           4
   -11.56042    -2.07510     6.33943
     0.17682    -0.98424    -0.00000
     0.98424     0.17682    -0.00107
     0.00105     0.00019     1.00000
           0           3          13           5
   -11.55257    -2.08045    12.71483
     0.17682    -0.98424    -0.00000
     0.98424     0.17682    -0.00107
     0.00105     0.00019     1.00000
           0           3          14           1
   -11.55210    -5.65712   -12.80253
     0.44171    -0.89716    -0.00000
     0.89716     0.44171    -0.00073
     0.00065     0.00032     1.00000
           0           3          14           2
   -11.54423    -5.66249    -6.42714
     0.44171    -0.89716    -0.00000
     0.89716     0.44171    -0.00073
     0.00065     0.00032     1.00000
           0           3          14           3
   -11.53639    -5.66786    -0.05175
     0.44171    -0.89716    -0.00000
     0.89716     0.44171    -0.00073
     0.00065     0.00032     1.00000
           0           3          14           4
   -11.52853    -5.67321     6.32364
     0.44171    -0.89716    -0.00000
     0.89716     0.44171    -0.00073
     0.00065     0.00032     1.00000
           0           3          14           5
   -11.52067    -5.67857    12.69904
     0.44172    -0.89715    -0.00000
     0.89715     0.44172    -0.00073
     0.00065     0.00032     1.00000
           0           3          15           1
    -7.53620    -7.10258   -12.80039
     0.68805    -0.72566    -0.00000
     0.72566     0.68805    -0.00032
     0.00023     0.00022     1.00000
           0           3          15           2
    -7.52836    -7.10791    -6.42499
     0.68805    -0.72566    -0.00000
     0.72566     0.68805    -0.00032
     0.00023     0.00022     1.00000
           0           3          15           3
    -7.52050    -7.11325    -0.04961
     0.68805    -0.72566    -0.00000
     0.72566     0.68805    -0.00032
     0.00023     0.00022     1.00000
           0           3          15           4
    -7.51267    -7.11857     6.32579
     0.68805    -0.72566    -0.00000
     0.72566     0.68805    -0.00032
     0.00023     0.00022     1.00000
           0           3          15           5
    -7.50482    -7.12390    12.70118
     0.68805    -0.72566    -0.00000
     0.72566     0.68805    -0.00032
     0.00023     0.00022     1.00000
           0           3          16           1
    -5.65939   -10.33891   -12.80323
     0.87850    -0.47775     0.00000
     0.47775     0.87850     0.00015
    -0.00007    -0.00013     1.00000
           0           3          16           2
    -5.65152   -10.34427    -6.42784
     0.87850    -0.47775     0.00000
     0.47775     0.87850     0.00015
    -0.00007    -0.00013     1.00000
           0           3          16           3
    -5.64364   -10.34964    -0.05244
     0.87850    -0.47775     0.00000
     0.47775     0.87850     0.00015
    -0.00007    -0.00013     1.00000
           0           3          16           4
    -5.63576   -10.35501     6.32295
     0.87850    -0.47775     0.00000
     0.47775     0.87850     0.00015
    -0.00007    -0.00013     1.00000
           0           3          16           5
    -5.62790   -10.36037    12.69834
     0.87850    -0.47775     0.00000
     0.47775     0.87850     0.00015
    -0.00007    -0.00013     1.00000
           0           4           1           1
     6.51690   -14.06852   -15.88515
     0.90744     0.42018     0.00000
    -0.42018     0.90744     0.00063
     0.00026    -0.00057     1.00000
           0           4           1           2
     6.52259   -14.07032    -9.50974
     0.90744     0.42018     0.00000
    -0.42018     0.90744     0.00063
     0.00026    -0.00057     1.00000
           0           4           1           3
     6.52828   -14.07211    -3.13435
     0.90744     0.42018     0.00000
    -0.42018     0.90744     0.00063
     0.00026    -0.00057     1.00000
           0           4           1           4
     6.53396   -14.07393     3.24104
     0.90744     0.42018     0.00000
    -0.42018     0.90744     0.00063
     0.00026    -0.00057     1.00000
           0           4           1           5
     6.53965   -14.07573     9.61643
     0.90744     0.42018     0.00000
    -0.42018     0.90744     0.00063
     0.00026    -0.00057     1.00000
           0           4           1           6
     6.54532   -14.07752    15.99184
     0.90744     0.42018     0.00000
    -0.42018     0.90744     0.00063
     0.00026    -0.00057     1.00000
           0           4           2           1
    10.10247   -13.27478   -15.89362
     0.79601     0.60528     0.00000
    -0.60528     0.79601     0.00077
     0.00047    -0.00061     1.00000
           0           4           2           2
    10.10816   -13.27658    -9.51822
     0.79601     0.60528     0.00000
    -0.60528     0.79601     0.00077
     0.00047    -0.00061     1.00000
           0           4           2           3
    10.11386   -13.27838    -3.14283
     0.79601     0.60528     0.00000
    -0.60528     0.79601     0.00077
     0.00047    -0.00061     1.00000
           0           4           2           4
    10.11955   -13.28019     3.23257
     0.79601     0.60528     0.00000
    -0.60528     0.79601     0.00077
     0.00047    -0.00061     1.00000
           0           4           2           5
    10.12524   -13.28198     9.60796
     0.79601     0.60528     0.00000
    -0.60528     0.79601     0.00077
     0.00047    -0.00061     1.00000
           0           4           2           6
    10.13095   -13.28378    15.98336
     0.79601     0.60528     0.00000
    -0.60528     0.79601     0.00077
     0.00047    -0.00061     1.00000
           0           4           3           1
    13.41809   -11.71004   -15.89915
     0.65798     0.75303     0.00000
    -0.75303     0.65798     0.00086
     0.00065    -0.00057     1.00000
           0           4           3           2
    13.42378   -11.71184    -9.52376
     0.65798     0.75303     0.00000
    -0.75303     0.65798     0.00086
     0.00065    -0.00057     1.00000
           0           4           3           3
    13.42947   -11.71363    -3.14835
     0.65798     0.75303     0.00000
    -0.75303     0.65798     0.00086
     0.00065    -0.00057     1.00000
           0           4           3           4
    13.43516   -11.71544     3.22705
     0.65798     0.75303     0.00000
    -0.75303     0.65798     0.00086
     0.00065    -0.00057     1.00000
           0           4           3           5
    13.44084   -11.71723     9.60244
     0.65798     0.75303     0.00000
    -0.75303     0.65798     0.00086
     0.00065    -0.00057     1.00000
           0           4           3           6
    13.44653   -11.71904    15.97783
     0.65798     0.75303     0.00000
    -0.75303     0.65798     0.00086
     0.00065    -0.00057     1.00000
           0           4           4           1
    13.57534    -7.54249   -15.89811
     0.48649     0.87369     0.00000
    -0.87369     0.48649     0.00091
     0.00080    -0.00044     1.00000
           0           4           4           2
    13.58103    -7.54429    -9.52270
     0.48649     0.87369     0.00000
    -0.87369     0.48649     0.00091
     0.00080    -0.00044     1.00000
           0           4           4           3
    13.58672    -7.54608    -3.14731
     0.48649     0.87369     0.00000
    -0.87369     0.48649     0.00091
     0.00080    -0.00044     1.00000
           0           4           4           4
    13.59242    -7.54789     3.22809
     0.48649     0.87369     0.00000
    -0.87369     0.48649     0.00091
     0.00080    -0.00044     1.00000
           0           4           4           5
    13.59810    -7.54968     9.60349
     0.48649     0.87369     0.00000
    -0.87369     0.48649     0.00091
     0.00080    -0.00044     1.00000
           0           4           4           6
    13.60380    -7.55148    15.97888
     0.48649     0.87369     0.00000
    -0.87369     0.48649     0.00091
     0.00080    -0.00044     1.00000
           0           4           5           1
    15.98846    -4.75999   -15.89786
     0.28635     0.95812     0.00000
    -0.95812     0.28635     0.00094
     0.00090    -0.00027     1.00000
           0           4           5           2
    15.99415    -4.76180    -9.52247
     0.28635     0.95812     0.00000
    -0.95812     0.28635     0.00094
     0.00090    -0.00027     1.00000
           0           4           5           3
    15.99984    -4.76358    -3.14706
     0.28635     0.95812     0.00000
    -0.95812     0.28635     0.00094
     0.00090    -0.00027     1.00000
           0           4           5           4
    16.00553    -4.76539     3.22834
     0.28636     0.95812     0.00000
    -0.95812     0.28635     0.00094
     0.00090    -0.00027     1.00000
           0           4           5           5
    16.01122    -4.76719     9.60374
     0.28636     0.95812     0.00000
    -0.95812     0.28636     0.00094
     0.00090    -0.00027     1.00000
           0           4           5           6
    16.01690    -4.76898    15.97913
     0.28636     0.95812     0.00000
    -0.95812     0.28636     0.00094
     0.00090    -0.00027     1.00000
           0           4           6           1
    17.79515    -1.56266   -15.88907
     0.08858     0.99607     0.00000
    -0.99607     0.08858     0.00091
     0.00091    -0.00008     1.00000
           0           4           6           2
    17.80084    -1.56447    -9.51368
     0.08858     0.99607     0.00000
    -0.99607     0.08858     0.00091
     0.00091    -0.00008     1.00000
           0           4           6           3
    17.80654    -1.56626    -3.13828
     0.08858     0.99607     0.00000
    -0.99607     0.08858     0.00091
     0.00091    -0.00008     1.00000
           0           4           6           4
    17.81223    -1.56807     3.23712
     0.08858     0.99607     0.00000
    -0.99607     0.08858     0.00091
     0.00091    -0.00008     1.00000
           0           4           6           5
    17.81789    -1.56987     9.61250
     0.08858     0.99607     0.00000
    -0.99607     0.08858     0.00091
     0.00091    -0.00008     1.00000
           0           4           6           6
    17.82360    -1.57167    15.98790
     0.08858     0.99607     0.00000
    -0.99607     0.08858     0.00091
     0.00091    -0.00008     1.00000
           0           4           7           1
    15.35717     1.88687   -15.90516
    -0.12060     0.99270     0.00000
    -0.99270    -0.12060     0.00085
     0.00084     0.00010     1.00000
           0           4           7           2
    15.36286     1.88508    -9.52975
    -0.12060     0.99270     0.00000
    -0.99270    -0.12060     0.00085
     0.00084     0.00010     1.00000
           0           4           7           3
    15.36855     1.88330    -3.15435
    -0.12060     0.99270     0.00000
    -0.99270    -0.12060     0.00085
     0.00084     0.00010     1.00000
           0           4           7           4
    15.37423     1.88150     3.22104
    -0.12060     0.99270     0.00000
    -0.99270    -0.12060     0.00085
     0.00084     0.00010     1.00000
           0           4           7           5
    15.37990     1.87972     9.59645
    -0.12060     0.99270     0.00000
    -0.99270    -0.12060     0.00085
     0.00084     0.00010     1.00000
           0           4           7           6
    15.38559     1.87794    15.97184
    -0.12060     0.99270     0.00000
    -0.99270    -0.12060     0.00085
     0.00084     0.00010     1.00000
           0           4           8           1
    15.72154     5.55341   -15.90005
    -0.33185     0.94333     0.00000
    -0.94333    -0.33185     0.00075
     0.00071     0.00025     1.00000
           0           4           8           2
    15.72723     5.55162    -9.52466
    -0.33185     0.94333     0.00000
    -0.94333    -0.33185     0.00075
     0.00071     0.00025     1.00000
           0           4           8           3
    15.73291     5.54983    -3.14925
    -0.33185     0.94333     0.00000
    -0.94333    -0.33185     0.00075
     0.00071     0.00025     1.00000
           0           4           8           4
    15.73860     5.54802     3.22614
    -0.33185     0.94333     0.00000
    -0.94333    -0.33185     0.00075
     0.00071     0.00025     1.00000
           0           4           8           5
    15.74428     5.54623     9.60153
    -0.33185     0.94333     0.00000
    -0.94333    -0.33185     0.00075
     0.00071     0.00025     1.00000
           0           4           8           6
    15.74997     5.54442    15.97693
    -0.33185     0.94333     0.00000
    -0.94333    -0.33185     0.00075
     0.00071     0.00025     1.00000
           0           4           9           1
    15.30840     9.21604   -15.89377
    -0.51476     0.85734     0.00000
    -0.85734    -0.51476     0.00062
     0.00053     0.00032     1.00000
           0           4           9           2
    15.31410     9.21424    -9.51838
    -0.51476     0.85734     0.00000
    -0.85734    -0.51476     0.00062
     0.00053     0.00032     1.00000
           0           4           9           3
    15.31980     9.21244    -3.14297
    -0.51476     0.85734     0.00000
    -0.85734    -0.51476     0.00062
     0.00053     0.00032     1.00000
           0           4           9           4
    15.32549     9.21062     3.23243
    -0.51476     0.85734     0.00000
    -0.85734    -0.51476     0.00062
     0.00053     0.00032     1.00000
           0           4           9           5
    15.33119     9.20883     9.60781
    -0.51476     0.85734     0.00000
    -0.85734    -0.51476     0.00062
     0.00053     0.00032     1.00000
           0           4           9           6
    15.33687     9.20702    15.98320
    -0.51476     0.85734     0.00000
    -0.85734    -0.51476     0.00062
     0.00053     0.00032     1.00000
           0           4          10           1
    11.32516    10.57204   -15.90134
    -0.68146     0.73186     0.00000
    -0.73186    -0.68146     0.00046
     0.00034     0.00031     1.00000
           0           4          10           2
    11.33082    10.57027    -9.52595
    -0.68146     0.73186     0.00000
    -0.73186    -0.68146     0.00046
     0.00034     0.00031     1.00000
           0           4          10           3
    11.33650    10.56848    -3.15055
    -0.68146     0.73186     0.00000
    -0.73186    -0.68146     0.00046
     0.00034     0.00031     1.00000
           0           4          10           4
    11.34216    10.56668     3.22485
    -0.68146     0.73186     0.00000
    -0.73186    -0.68146     0.00046
     0.00034     0.00031     1.00000
           0           4          10           5
    11.34783    10.56491     9.60024
    -0.68146     0.73186     0.00000
    -0.73186    -0.68146     0.00046
     0.00034     0.00031     1.00000
           0           4          10           6
    11.35351    10.56311    15.97563
    -0.68146     0.73186     0.00000
    -0.73186    -0.68146     0.00046
     0.00034     0.00031     1.00000
           0           4          11           1
     9.46095    13.76145   -15.88842
    -0.82345     0.56738     0.00000
    -0.56738    -0.82345     0.00028
     0.00016     0.00023     1.00000
           0           4          11           2
     9.46663    13.75965    -9.51301
    -0.82345     0.56738     0.00000
    -0.56738    -0.82345     0.00028
     0.00016     0.00023     1.00000
           0           4          11           3
     9.47232    13.75785    -3.13763
    -0.82345     0.56738     0.00000
    -0.56738    -0.82345     0.00028
     0.00016     0.00023     1.00000
           0           4          11           4
     9.47801    13.75604     3.23777
    -0.82345     0.56738     0.00000
    -0.56738    -0.82345     0.00028
     0.00016     0.00023     1.00000
           0           4          11           5
     9.48370    13.75425     9.61316
    -0.82345     0.56738     0.00000
    -0.56738    -0.82345     0.00028
     0.00016     0.00023     1.00000
           0           4          11           6
     9.48940    13.75244    15.98857
    -0.82345     0.56738     0.00000
    -0.56738    -0.82345     0.00028
     0.00016     0.00023     1.00000
           0           4          12           1
     6.97111    16.45890   -15.88956
    -0.92050     0.39075     0.00000
    -0.39075    -0.92050     0.00009
     0.00004     0.00008     1.00000
           0           4          12           2
     6.97681    16.45710    -9.51415
    -0.92050     0.39075     0.00000
    -0.39075    -0.92050     0.00009
     0.00004     0.00008     1.00000
           0           4          12           3
     6.98250    16.45531    -3.13875
    -0.92050     0.39075     0.00000
    -0.39075    -0.92050     0.00009
     0.00004     0.00008     1.00000
           0           4          12           4
     6.98820    16.45350     3.23665
    -0.92050     0.39075     0.00000
    -0.39075    -0.92050     0.00009
     0.00004     0.00008     1.00000
           0           4          12           5
     6.99389    16.45169     9.61204
    -0.92050     0.39075     0.00000
    -0.39075    -0.92050     0.00009
     0.00004     0.00008     1.00000
           0           4          12           6
     6.99959    16.44988    15.98743
    -0.92050     0.39075     0.00000
    -0.39075    -0.92050     0.00009
     0.00004     0.00008     1.00000
           0           4          13           1
    -6.97910    16.43368    15.90704
     0.92074     0.39018    -0.00000
     0.39018    -0.92074    -0.00125
    -0.00049     0.00115    -1.00000
           0           4          13           2
    -6.98697    16.43905     9.53165
     0.92074     0.39018    -0.00000
     0.39018    -0.92074    -0.00125
    -0.00049     0.00115    -1.00000
           0           4          13           3
    -6.99483    16.44441     3.15625
     0.92074     0.39018    -0.00000
     0.39018    -0.92074    -0.00125
    -0.00049     0.00115    -1.00000
           0           4          13           4
    -7.00271    16.44977    -3.21913
     0.92074     0.39018    -0.00000
     0.39018    -0.92074    -0.00125
    -0.00049     0.00115    -1.00000
           0           4          13           5
    -7.01058    16.45512    -9.59453
     0.92074     0.39018    -0.00000
     0.39018    -0.92074    -0.00125
    -0.00049     0.00115    -1.00000
           0           4          13           6
    -7.01845    16.46049   -15.96993
     0.92074     0.39018    -0.00000
     0.39018    -0.92074    -0.00125
    -0.00049     0.00115    -1.00000
           0           4          14           1
    -9.46444    13.71448    15.90638
     0.82369     0.56705    -0.00000
     0.56705    -0.82369    -0.00139
    -0.00079     0.00114    -1.00000
           0           4          14           2
    -9.47230    13.71985     9.53099
     0.82369     0.56705    -0.00000
     0.56705    -0.82369    -0.00139
    -0.00079     0.00114    -1.00000
           0           4          14           3
    -9.48015    13.72522     3.15559
     0.82369     0.56705    -0.00000
     0.56705    -0.82369    -0.00139
    -0.00079     0.00114    -1.00000
           0           4          14           4
    -9.48801    13.73059    -3.21980
     0.82369     0.56705    -0.00000
     0.56705    -0.82369    -0.00139
    -0.00079     0.00114    -1.00000
           0           4          14           5
    -9.49587    13.73594    -9.59519
     0.82369     0.56705    -0.00000
     0.56705    -0.82369    -0.00139
    -0.00079     0.00114    -1.00000
           0           4          14           6
    -9.50372    13.74131   -15.97058
     0.82369     0.56705    -0.00000
     0.56705    -0.82369    -0.00139
    -0.00079     0.00114    -1.00000
           0           4          15           1
   -11.33501    10.53426    15.90791
     0.68187     0.73148    -0.00000
     0.73147    -0.68187    -0.00147
    -0.00108     0.00100    -1.00000
           0           4          15           2
   -11.34285    10.53963     9.53251
     0.68187     0.73148    -0.00000
     0.73147    -0.68187    -0.00147
    -0.00108     0.00100    -1.00000
           0           4          15           3
   -11.35070    10.54500     3.15710
     0.68187     0.73148    -0.00000
     0.73147    -0.68187    -0.00147
    -0.00108     0.00100    -1.00000
           0           4          15           4
   -11.35858    10.55037    -3.21828
     0.68187     0.73148    -0.00000
     0.73147    -0.68187    -0.00147
    -0.00108     0.00100    -1.00000
           0           4          15           5
   -11.36642    10.55574    -9.59367
     0.68187     0.73148    -0.00000
     0.73147    -0.68187    -0.00147
    -0.00108     0.00100    -1.00000
           0           4          15           6
   -11.37427    10.56110   -15.96906
     0.68187     0.73147    -0.00000
     0.73147    -0.68187    -0.00147
    -0.00108     0.00100    -1.00000
           0           4          16           1
   -15.33879     9.19008    15.91206
     0.51526     0.85704    -0.00000
     0.85703    -0.51526    -0.00149
    -0.00128     0.00077    -1.00000
           0           4          16           2
   -15.34664     9.19545     9.53666
     0.51526     0.85704    -0.00000
     0.85703    -0.51526    -0.00149
    -0.00128     0.00077    -1.00000
           0           4          16           3
   -15.35449     9.20082     3.16128
     0.51526     0.85704    -0.00000
     0.85704    -0.51526    -0.00149
    -0.00128     0.00077    -1.00000
           0           4          16           4
   -15.36235     9.20620    -3.21412
     0.51526     0.85704    -0.00000
     0.85704    -0.51526    -0.00149
    -0.00128     0.00077    -1.00000
           0           4          16           5
   -15.37022     9.21156    -9.58951
     0.51526     0.85704    -0.00000
     0.85704    -0.51526    -0.00149
    -0.00128     0.00077    -1.00000
           0           4          16           6
   -15.37806     9.21693   -15.96491
     0.51526     0.85704    -0.00000
     0.85704    -0.51525    -0.00149
    -0.00128     0.00077    -1.00000
           0           4          17           1
   -15.76194     5.52624    15.90352
     0.33253     0.94309    -0.00000
     0.94309    -0.33253    -0.00144
    -0.00136     0.00048    -1.00000
           0           4          17           2
   -15.76979     5.53161     9.52813
     0.33253     0.94309    -0.00000
     0.94309    -0.33253    -0.00144
    -0.00136     0.00048    -1.00000
           0           4          17           3
   -15.77764     5.53699     3.15274
     0.33253     0.94309    -0.00000
     0.94309    -0.33253    -0.00144
    -0.00136     0.00048    -1.00000
           0           4          17           4
   -15.78550     5.54236    -3.22266
     0.33253     0.94309    -0.00000
     0.94309    -0.33253    -0.00144
    -0.00136     0.00048    -1.00000
           0           4          17           5
   -15.79335     5.54772    -9.59805
     0.33253     0.94309    -0.00000
     0.94309    -0.33252    -0.00144
    -0.00136     0.00048    -1.00000
           0           4          17           6
   -15.80120     5.55310   -15.97344
     0.33253     0.94309    -0.00000
     0.94309    -0.33252    -0.00144
    -0.00136     0.00048    -1.00000
           0           4          18           1
   -15.43341     1.85460    15.90374
     0.12126     0.99262    -0.00000
     0.99262    -0.12126    -0.00133
    -0.00132     0.00016    -1.00000
           0           4          18           2
   -15.44126     1.85997     9.52835
     0.12126     0.99262    -0.00000
     0.99262    -0.12126    -0.00133
    -0.00132     0.00016    -1.00000
           0           4          18           3
   -15.44912     1.86534     3.15296
     0.12126     0.99262    -0.00000
     0.99262    -0.12126    -0.00133
    -0.00132     0.00016    -1.00000
           0           4          18           4
   -15.45698     1.87071    -3.22244
     0.12126     0.99262    -0.00000
     0.99262    -0.12126    -0.00133
    -0.00132     0.00016    -1.00000
           0           4          18           5
   -15.46483     1.87607    -9.59783
     0.12126     0.99262    -0.00000
     0.99262    -0.12126    -0.00133
    -0.00132     0.00016    -1.00000
           0           4          18           6
   -15.47269     1.88144   -15.97322
     0.12126     0.99262    -0.00000
     0.99262    -0.12126    -0.00133
    -0.00132     0.00016    -1.00000
           0           4          19           1
   -17.81248    -1.60422    15.91025
    -0.08802     0.99612    -0.00000
     0.99612     0.08802    -0.00116
    -0.00116    -0.00010    -1.00000
           0           4          19           2
   -17.82033    -1.59883     9.53485
    -0.08802     0.99612    -0.00000
     0.99612     0.08802    -0.00116
    -0.00116    -0.00010    -1.00000
           0           4          19           3
   -17.82819    -1.59344     3.15946
    -0.08802     0.99612    -0.00000
     0.99612     0.08802    -0.00116
    -0.00116    -0.00010    -1.00000
           0           4          19           4
   -17.83604    -1.58805    -3.21593
    -0.08802     0.99612    -0.00000
     0.99612     0.08802    -0.00116
    -0.00116    -0.00010    -1.00000
           0           4          19           5
   -17.84390    -1.58268    -9.59132
    -0.08802     0.99612    -0.00000
     0.99612     0.08802    -0.00116
    -0.00116    -0.00010    -1.00000
           0           4          19           6
   -17.85176    -1.57729   -15.96672
    -0.08802     0.99612    -0.00000
     0.99612     0.08802    -0.00116
    -0.00116    -0.00010    -1.00000
           0           4          20           1
   -15.99668    -4.81209    15.90966
    -0.28644     0.95810    -0.00000
     0.95810     0.28644    -0.00094
    -0.00090    -0.00027    -1.00000
           0           4          20           2
   -16.00453    -4.80672     9.53426
    -0.28644     0.95810    -0.00000
     0.95810     0.28644    -0.00094
    -0.00090    -0.00027    -1.00000
           0           4          20           3
   -16.01239    -4.80134     3.15888
    -0.28644     0.95810    -0.00000
     0.95810     0.28644    -0.00094
    -0.00090    -0.00027    -1.00000
           0           4          20           4
   -16.02024    -4.79597    -3.21652
    -0.28644     0.95810    -0.00000
     0.95810     0.28644    -0.00094
    -0.00090    -0.00027    -1.00000
           0           4          20           5
   -16.02811    -4.79061    -9.59191
    -0.28644     0.95810    -0.00000
     0.95810     0.28644    -0.00094
    -0.00090    -0.00027    -1.00000
           0           4          20           6
   -16.03597    -4.78524   -15.96731
    -0.28644     0.95810    -0.00000
     0.95810     0.28644    -0.00094
    -0.00090    -0.00027    -1.00000
           0           4          21           1
   -13.59550    -7.60418    15.89341
    -0.48672     0.87356    -0.00000
     0.87356     0.48672    -0.00067
    -0.00059    -0.00033    -1.00000
           0           4          21           2
   -13.60336    -7.59881     9.51801
    -0.48672     0.87356    -0.00000
     0.87356     0.48672    -0.00067
    -0.00059    -0.00033    -1.00000
           0           4          21           3
   -13.61123    -7.59344     3.14263
    -0.48672     0.87356    -0.00000
     0.87356     0.48672    -0.00067
    -0.00059    -0.00033    -1.00000
           0           4          21           4
   -13.61911    -7.58807    -3.23277
    -0.48672     0.87356    -0.00000
     0.87356     0.48672    -0.00067
    -0.00059    -0.00033    -1.00000
           0           4          21           5
   -13.62697    -7.58271    -9.60816
    -0.48672     0.87356    -0.00000
     0.87356     0.48672    -0.00067
    -0.00059    -0.00033    -1.00000
           0           4          21           6
   -13.63484    -7.57734   -15.98356
    -0.48671     0.87356    -0.00000
     0.87356     0.48671    -0.00067
    -0.00059    -0.00033    -1.00000
           0           4          22           1
   -13.48452   -11.81281    15.88706
    -0.65804     0.75298    -0.00000
     0.75298     0.65804    -0.00038
    -0.00029    -0.00025    -1.00000
           0           4          22           2
   -13.49242   -11.80741     9.51167
    -0.65804     0.75298    -0.00000
     0.75298     0.65804    -0.00038
    -0.00029    -0.00025    -1.00000
           0           4          22           3
   -13.50031   -11.80204     3.13628
    -0.65804     0.75298    -0.00000
     0.75298     0.65804    -0.00038
    -0.00029    -0.00025    -1.00000
           0           4          22           4
   -13.50818   -11.79664    -3.23913
    -0.65804     0.75298    -0.00000
     0.75298     0.65804    -0.00038
    -0.00029    -0.00025    -1.00000
           0           4          22           5
   -13.51607   -11.79125    -9.61451
    -0.65804     0.75298    -0.00000
     0.75298     0.65804    -0.00038
    -0.00029    -0.00025    -1.00000
           0           4          22           6
   -13.52396   -11.78585   -15.98990
    -0.65804     0.75298    -0.00000
     0.75298     0.65804    -0.00038
    -0.00029    -0.00025    -1.00000
           0           4          23           1
   -10.14562   -13.35050    15.88285
    -0.79558     0.60585    -0.00000
     0.60585     0.79558    -0.00007
    -0.00004    -0.00006    -1.00000
           0           4          23           2
   -10.15351   -13.34511     9.50746
    -0.79558     0.60585    -0.00000
     0.60585     0.79558    -0.00007
    -0.00004    -0.00006    -1.00000
           0           4          23           3
   -10.16139   -13.33972     3.13206
    -0.79558     0.60585    -0.00000
     0.60585     0.79558    -0.00007
    -0.00004    -0.00006    -1.00000
           0           4          23           4
   -10.16927   -13.33434    -3.24332
    -0.79558     0.60585    -0.00000
     0.60585     0.79558    -0.00007
    -0.00004    -0.00006    -1.00000
           0           4          23           5
   -10.17716   -13.32897    -9.61872
    -0.79558     0.60585    -0.00000
     0.60585     0.79558    -0.00007
    -0.00004    -0.00006    -1.00000
           0           4          23           6
   -10.18504   -13.32358   -15.99411
    -0.79558     0.60585    -0.00000
     0.60585     0.79558    -0.00007
    -0.00004    -0.00006    -1.00000
           0           4          24           1
    -6.53856   -14.13543    15.87935
    -0.90731     0.42045     0.00000
     0.42045     0.90731     0.00025
     0.00011     0.00023    -1.00000
           0           4          24           2
    -6.54641   -14.13006     9.50395
    -0.90731     0.42045     0.00000
     0.42045     0.90731     0.00025
     0.00011     0.00023    -1.00000
           0           4          24           3
    -6.55426   -14.12469     3.12855
    -0.90731     0.42045     0.00000
     0.42045     0.90731     0.00025
     0.00011     0.00023    -1.00000
           0           4          24           4
    -6.56213   -14.11933    -3.24683
    -0.90731     0.42045     0.00000
     0.42045     0.90731     0.00025
     0.00011     0.00023    -1.00000
           0           4          24           5
    -6.56998   -14.11398    -9.62223
    -0.90731     0.42045     0.00000
     0.42045     0.90731     0.00025
     0.00011     0.00023    -1.00000
           0           4          24           6
    -6.57783   -14.10861   -15.99762
    -0.90731     0.42045     0.00000
     0.42045     0.90731     0.00025
     0.00011     0.00023    -1.00000
