 SVX cage parameters:
     2.20000
     0.50000     0.20000
     0.00000
           6
   -40.00000   -26.50000   -26.50000    26.50000    26.50000    40.00000
    53.00000    53.00000    22.14782    22.14782    53.00000    53.00000
     0.00000     0.00000     0.00000
 SVX barrel parameters:
           4
     2.63000     5.19260    11.76500    16.68700     1.14100
     0.00000     0.00000     0.00000     0.00000
           4           4           5           6
     0.69600     0.69600     1.74500     1.74500
     0.01000     0.01000     0.03125     0.03125
     2.83600     2.83600     3.18770     3.18770
     0.01900     0.01900     0.00000     0.00000
     0.02000     0.02000     0.00000     0.00000
    26.70000    13.62600    17.00000    12.00000
   -13.00000   -12.98000     0.00000     0.00000
           2
           5           5
     0.00000   180.00000
           2
          10          10
     0.00000   180.00000
           2
           8           8
     0.00000   180.00000
           2
          12          12
     0.00000   180.00000
 SVX barrel sensor rotation matrices and translation vectors:
           0           1           1           1
     1.57550    -2.10616     8.58346
     0.64812     0.76154    -0.00000
    -0.76154     0.64812    -0.00000
    -0.00000     0.00000     1.00000
           0           1           1           2
     1.57550    -2.10616     2.89146
     0.64812     0.76154    -0.00000
    -0.76154     0.64812    -0.00000
    -0.00000     0.00000     1.00000
           0           1           1           3
     1.57550    -2.10616    -2.80054
     0.64812     0.76154    -0.00000
    -0.76154     0.64812    -0.00000
    -0.00000     0.00000     1.00000
           0           1           1           4
     1.57550    -2.10616    -8.49254
     0.64812     0.76154    -0.00000
    -0.76154     0.64812    -0.00000
    -0.00000     0.00000     1.00000
           0           1           2           1
     2.35700    -1.17646     8.58346
     0.23684     0.97155    -0.00000
    -0.97155     0.23684    -0.00000
    -0.00000     0.00000     1.00000
           0           1           2           2
     2.35700    -1.17646     2.89146
     0.23684     0.97155    -0.00000
    -0.97155     0.23684    -0.00000
    -0.00000     0.00000     1.00000
           0           1           2           3
     2.35700    -1.17646    -2.80054
     0.23684     0.97155    -0.00000
    -0.97155     0.23684    -0.00000
    -0.00000     0.00000     1.00000
           0           1           2           4
     2.35700    -1.17646    -8.49254
     0.23684     0.97155    -0.00000
    -0.97155     0.23684    -0.00000
    -0.00000     0.00000     1.00000
           0           1           3           1
     2.63743     0.00525     8.58346
    -0.22495     0.97437     0.00000
    -0.97437    -0.22495     0.00000
     0.00000     0.00000     1.00000
           0           1           3           2
     2.63743     0.00525     2.89146
    -0.22495     0.97437     0.00000
    -0.97437    -0.22495     0.00000
     0.00000     0.00000     1.00000
           0           1           3           3
     2.63743     0.00525    -2.80054
    -0.22495     0.97437     0.00000
    -0.97437    -0.22495     0.00000
     0.00000     0.00000     1.00000
           0           1           3           4
     2.63743     0.00525    -8.49254
    -0.22495     0.97437     0.00000
    -0.97437    -0.22495     0.00000
     0.00000     0.00000     1.00000
           0           1           4           1
     2.35700     1.18696     8.58346
    -0.63877     0.76940     0.00000
    -0.76940    -0.63877     0.00000
     0.00000     0.00000     1.00000
           0           1           4           2
     2.35700     1.18696     2.89146
    -0.63877     0.76940     0.00000
    -0.76940    -0.63877     0.00000
     0.00000     0.00000     1.00000
           0           1           4           3
     2.35700     1.18696    -2.80054
    -0.63877     0.76940     0.00000
    -0.76940    -0.63877     0.00000
     0.00000     0.00000     1.00000
           0           1           4           4
     2.35700     1.18696    -8.49254
    -0.63877     0.76940     0.00000
    -0.76940    -0.63877     0.00000
     0.00000     0.00000     1.00000
           0           1           5           1
     1.57550     2.11666     8.58346
    -0.91636     0.40035     0.00000
    -0.40035    -0.91636     0.00000
     0.00000     0.00000     1.00000
           0           1           5           2
     1.57550     2.11666     2.89146
    -0.91636     0.40035     0.00000
    -0.40035    -0.91636     0.00000
     0.00000     0.00000     1.00000
           0           1           5           3
     1.57550     2.11666    -2.80054
    -0.91636     0.40035     0.00000
    -0.40035    -0.91636     0.00000
     0.00000     0.00000     1.00000
           0           1           5           4
     1.57550     2.11666    -8.49254
    -0.91636     0.40035     0.00000
    -0.40035    -0.91636     0.00000
     0.00000     0.00000     1.00000
           0           1           6           1
    -1.58585     2.09769    -8.58741
     0.91636     0.40035     0.00000
     0.40035    -0.91636     0.00000
     0.00000    -0.00000    -1.00000
           0           1           6           2
    -1.58585     2.09769    -2.89541
     0.91636     0.40035     0.00000
     0.40035    -0.91636     0.00000
     0.00000    -0.00000    -1.00000
           0           1           6           3
    -1.58585     2.09769     2.79659
     0.91636     0.40035     0.00000
     0.40035    -0.91636     0.00000
     0.00000    -0.00000    -1.00000
           0           1           6           4
    -1.58585     2.09769     8.48859
     0.91636     0.40035     0.00000
     0.40035    -0.91636     0.00000
     0.00000    -0.00000    -1.00000
           0           1           7           1
    -2.36735     1.16799    -8.58741
     0.63877     0.76940     0.00000
     0.76940    -0.63877     0.00000
     0.00000    -0.00000    -1.00000
           0           1           7           2
    -2.36735     1.16799    -2.89541
     0.63877     0.76940     0.00000
     0.76940    -0.63877     0.00000
     0.00000    -0.00000    -1.00000
           0           1           7           3
    -2.36735     1.16799     2.79659
     0.63877     0.76940     0.00000
     0.76940    -0.63877     0.00000
     0.00000    -0.00000    -1.00000
           0           1           7           4
    -2.36735     1.16799     8.48859
     0.63877     0.76940     0.00000
     0.76940    -0.63877     0.00000
     0.00000    -0.00000    -1.00000
           0           1           8           1
    -2.64778    -0.01372    -8.58741
     0.22495     0.97437    -0.00000
     0.97437    -0.22495    -0.00000
    -0.00000     0.00000    -1.00000
           0           1           8           2
    -2.64778    -0.01372    -2.89541
     0.22495     0.97437    -0.00000
     0.97437    -0.22495    -0.00000
    -0.00000     0.00000    -1.00000
           0           1           8           3
    -2.64778    -0.01372     2.79659
     0.22495     0.97437    -0.00000
     0.97437    -0.22495    -0.00000
    -0.00000     0.00000    -1.00000
           0           1           8           4
    -2.64778    -0.01372     8.48859
     0.22495     0.97437    -0.00000
     0.97437    -0.22495    -0.00000
    -0.00000     0.00000    -1.00000
           0           1           9           1
    -2.36735    -1.19543    -8.58741
    -0.23684     0.97155    -0.00000
     0.97155     0.23684    -0.00000
    -0.00000    -0.00000    -1.00000
           0           1           9           2
    -2.36735    -1.19543    -2.89541
    -0.23684     0.97155    -0.00000
     0.97155     0.23684    -0.00000
    -0.00000    -0.00000    -1.00000
           0           1           9           3
    -2.36735    -1.19543     2.79659
    -0.23684     0.97155    -0.00000
     0.97155     0.23684    -0.00000
    -0.00000    -0.00000    -1.00000
           0           1           9           4
    -2.36735    -1.19543     8.48859
    -0.23684     0.97155    -0.00000
     0.97155     0.23684    -0.00000
    -0.00000    -0.00000    -1.00000
           0           1          10           1
    -1.58585    -2.12513    -8.58741
    -0.64812     0.76154    -0.00000
     0.76154     0.64812    -0.00000
    -0.00000    -0.00000    -1.00000
           0           1          10           2
    -1.58585    -2.12513    -2.89541
    -0.64812     0.76154    -0.00000
     0.76154     0.64812    -0.00000
    -0.00000    -0.00000    -1.00000
           0           1          10           3
    -1.58585    -2.12513     2.79659
    -0.64812     0.76154    -0.00000
     0.76154     0.64812    -0.00000
    -0.00000    -0.00000    -1.00000
           0           1          10           4
    -1.58585    -2.12513     8.48859
    -0.64812     0.76154    -0.00000
     0.76154     0.64812    -0.00000
    -0.00000    -0.00000    -1.00000
           0           2           1           1
     2.49969    -4.55016     8.58346
     0.74707     0.66475    -0.00000
    -0.66475     0.74707    -0.00000
    -0.00000     0.00000     1.00000
           0           2           1           2
     2.49969    -4.55016     2.89146
     0.74707     0.66475    -0.00000
    -0.66475     0.74707    -0.00000
    -0.00000     0.00000     1.00000
           0           2           1           3
     2.49969    -4.55016    -2.80054
     0.74707     0.66475    -0.00000
    -0.66475     0.74707    -0.00000
    -0.00000     0.00000     1.00000
           0           2           1           4
     2.49969    -4.55016    -8.49254
     0.74707     0.66475    -0.00000
    -0.66475     0.74707    -0.00000
    -0.00000     0.00000     1.00000
           0           2           2           1
     3.50272    -3.83481     8.58346
     0.56944     0.82203    -0.00000
    -0.82203     0.56944    -0.00000
    -0.00000     0.00000     1.00000
           0           2           2           2
     3.50272    -3.83481     2.89146
     0.56944     0.82203    -0.00000
    -0.82203     0.56944    -0.00000
    -0.00000     0.00000     1.00000
           0           2           2           3
     3.50272    -3.83481    -2.80054
     0.56944     0.82203    -0.00000
    -0.82203     0.56944    -0.00000
    -0.00000     0.00000     1.00000
           0           2           2           4
     3.50272    -3.83481    -8.49254
     0.56944     0.82203    -0.00000
    -0.82203     0.56944    -0.00000
    -0.00000     0.00000     1.00000
           0           2           3           1
     4.30899    -2.90330     8.58346
     0.35975     0.93305    -0.00000
    -0.93305     0.35975    -0.00000
    -0.00000     0.00000     1.00000
           0           2           3           2
     4.30899    -2.90330     2.89146
     0.35975     0.93305    -0.00000
    -0.93305     0.35975    -0.00000
    -0.00000     0.00000     1.00000
           0           2           3           3
     4.30899    -2.90330    -2.80054
     0.35975     0.93305    -0.00000
    -0.93305     0.35975    -0.00000
    -0.00000     0.00000     1.00000
           0           2           3           4
     4.30899    -2.90330    -8.49254
     0.35975     0.93305    -0.00000
    -0.93305     0.35975    -0.00000
    -0.00000     0.00000     1.00000
           0           2           4           1
     4.87313    -1.80806     8.58346
     0.12982     0.99154    -0.00000
    -0.99154     0.12982    -0.00000
    -0.00000     0.00000     1.00000
           0           2           4           2
     4.87313    -1.80806     2.89146
     0.12982     0.99154    -0.00000
    -0.99154     0.12982    -0.00000
    -0.00000     0.00000     1.00000
           0           2           4           3
     4.87313    -1.80806    -2.80054
     0.12982     0.99154    -0.00000
    -0.99154     0.12982    -0.00000
    -0.00000     0.00000     1.00000
           0           2           4           4
     4.87313    -1.80806    -8.49254
     0.12982     0.99154    -0.00000
    -0.99154     0.12982    -0.00000
    -0.00000     0.00000     1.00000
           0           2           5           1
     5.16336    -0.61074     8.58346
    -0.10743     0.99421     0.00000
    -0.99421    -0.10743     0.00000
     0.00000     0.00000     1.00000
           0           2           5           2
     5.16336    -0.61074     2.89146
    -0.10743     0.99421     0.00000
    -0.99421    -0.10743     0.00000
     0.00000     0.00000     1.00000
           0           2           5           3
     5.16336    -0.61074    -2.80054
    -0.10743     0.99421     0.00000
    -0.99421    -0.10743     0.00000
     0.00000     0.00000     1.00000
           0           2           5           4
     5.16336    -0.61074    -8.49254
    -0.10743     0.99421     0.00000
    -0.99421    -0.10743     0.00000
     0.00000     0.00000     1.00000
           0           2           6           1
     5.16336     0.62124     8.58346
    -0.33862     0.94092     0.00000
    -0.94092    -0.33862     0.00000
     0.00000     0.00000     1.00000
           0           2           6           2
     5.16336     0.62124     2.89146
    -0.33862     0.94092     0.00000
    -0.94092    -0.33862     0.00000
     0.00000     0.00000     1.00000
           0           2           6           3
     5.16336     0.62124    -2.80054
    -0.33862     0.94092     0.00000
    -0.94092    -0.33862     0.00000
     0.00000     0.00000     1.00000
           0           2           6           4
     5.16336     0.62124    -8.49254
    -0.33862     0.94092     0.00000
    -0.94092    -0.33862     0.00000
     0.00000     0.00000     1.00000
           0           2           7           1
     4.87313     1.81856     8.58346
    -0.55076     0.83467     0.00000
    -0.83467    -0.55076     0.00000
     0.00000     0.00000     1.00000
           0           2           7           2
     4.87313     1.81856     2.89146
    -0.55076     0.83467     0.00000
    -0.83467    -0.55076     0.00000
     0.00000     0.00000     1.00000
           0           2           7           3
     4.87313     1.81856    -2.80054
    -0.55076     0.83467     0.00000
    -0.83467    -0.55076     0.00000
     0.00000     0.00000     1.00000
           0           2           7           4
     4.87313     1.81856    -8.49254
    -0.55076     0.83467     0.00000
    -0.83467    -0.55076     0.00000
     0.00000     0.00000     1.00000
           0           2           8           1
     4.30899     2.91380     8.58346
    -0.73189     0.68142     0.00000
    -0.68142    -0.73189     0.00000
     0.00000     0.00000     1.00000
           0           2           8           2
     4.30899     2.91380     2.89146
    -0.73189     0.68142     0.00000
    -0.68142    -0.73189     0.00000
     0.00000     0.00000     1.00000
           0           2           8           3
     4.30899     2.91380    -2.80054
    -0.73189     0.68142     0.00000
    -0.68142    -0.73189     0.00000
     0.00000     0.00000     1.00000
           0           2           8           4
     4.30899     2.91380    -8.49254
    -0.73189     0.68142     0.00000
    -0.68142    -0.73189     0.00000
     0.00000     0.00000     1.00000
           0           2           9           1
     3.50272     3.84531     8.58346
    -0.87182     0.48982     0.00000
    -0.48982    -0.87182     0.00000
     0.00000     0.00000     1.00000
           0           2           9           2
     3.50272     3.84531     2.89146
    -0.87182     0.48982     0.00000
    -0.48982    -0.87182     0.00000
     0.00000     0.00000     1.00000
           0           2           9           3
     3.50272     3.84531    -2.80054
    -0.87182     0.48982     0.00000
    -0.48982    -0.87182     0.00000
     0.00000     0.00000     1.00000
           0           2           9           4
     3.50272     3.84531    -8.49254
    -0.87182     0.48982     0.00000
    -0.48982    -0.87182     0.00000
     0.00000     0.00000     1.00000
           0           2          10           1
     2.49969     4.56066     8.58346
    -0.96268     0.27065     0.00000
    -0.27065    -0.96268     0.00000
     0.00000     0.00000     1.00000
           0           2          10           2
     2.49969     4.56066     2.89146
    -0.96268     0.27065     0.00000
    -0.27065    -0.96268     0.00000
     0.00000     0.00000     1.00000
           0           2          10           3
     2.49969     4.56066    -2.80054
    -0.96268     0.27065     0.00000
    -0.27065    -0.96268     0.00000
     0.00000     0.00000     1.00000
           0           2          10           4
     2.49969     4.56066    -8.49254
    -0.96268     0.27065     0.00000
    -0.27065    -0.96268     0.00000
     0.00000     0.00000     1.00000
           0           2          11           1
    -2.51004     4.54169    -8.58741
     0.96268     0.27065     0.00000
     0.27065    -0.96268     0.00000
     0.00000    -0.00000    -1.00000
           0           2          11           2
    -2.51004     4.54169    -2.89541
     0.96268     0.27065     0.00000
     0.27065    -0.96268     0.00000
     0.00000    -0.00000    -1.00000
           0           2          11           3
    -2.51004     4.54169     2.79659
     0.96268     0.27065     0.00000
     0.27065    -0.96268     0.00000
     0.00000    -0.00000    -1.00000
           0           2          11           4
    -2.51004     4.54169     8.48859
     0.96268     0.27065     0.00000
     0.27065    -0.96268     0.00000
     0.00000    -0.00000    -1.00000
           0           2          12           1
    -3.51307     3.82634    -8.58741
     0.87182     0.48982     0.00000
     0.48982    -0.87182     0.00000
     0.00000    -0.00000    -1.00000
           0           2          12           2
    -3.51307     3.82634    -2.89541
     0.87182     0.48982     0.00000
     0.48982    -0.87182     0.00000
     0.00000    -0.00000    -1.00000
           0           2          12           3
    -3.51307     3.82634     2.79659
     0.87182     0.48982     0.00000
     0.48982    -0.87182     0.00000
     0.00000    -0.00000    -1.00000
           0           2          12           4
    -3.51307     3.82634     8.48859
     0.87182     0.48982     0.00000
     0.48982    -0.87182     0.00000
     0.00000    -0.00000    -1.00000
           0           2          13           1
    -4.31934     2.89483    -8.58741
     0.73189     0.68142     0.00000
     0.68142    -0.73189     0.00000
     0.00000    -0.00000    -1.00000
           0           2          13           2
    -4.31934     2.89483    -2.89541
     0.73189     0.68142     0.00000
     0.68142    -0.73189     0.00000
     0.00000    -0.00000    -1.00000
           0           2          13           3
    -4.31934     2.89483     2.79659
     0.73189     0.68142     0.00000
     0.68142    -0.73189     0.00000
     0.00000    -0.00000    -1.00000
           0           2          13           4
    -4.31934     2.89483     8.48859
     0.73189     0.68142     0.00000
     0.68142    -0.73189     0.00000
     0.00000    -0.00000    -1.00000
           0           2          14           1
    -4.88348     1.79959    -8.58741
     0.55076     0.83467     0.00000
     0.83467    -0.55076     0.00000
     0.00000    -0.00000    -1.00000
           0           2          14           2
    -4.88348     1.79959    -2.89541
     0.55076     0.83467     0.00000
     0.83467    -0.55076     0.00000
     0.00000    -0.00000    -1.00000
           0           2          14           3
    -4.88348     1.79959     2.79659
     0.55076     0.83467     0.00000
     0.83467    -0.55076     0.00000
     0.00000    -0.00000    -1.00000
           0           2          14           4
    -4.88348     1.79959     8.48859
     0.55076     0.83467     0.00000
     0.83467    -0.55076     0.00000
     0.00000    -0.00000    -1.00000
           0           2          15           1
    -5.17371     0.60228    -8.58741
     0.33862     0.94092    -0.00000
     0.94092    -0.33862    -0.00000
    -0.00000     0.00000    -1.00000
           0           2          15           2
    -5.17371     0.60228    -2.89541
     0.33862     0.94092    -0.00000
     0.94092    -0.33862    -0.00000
    -0.00000     0.00000    -1.00000
           0           2          15           3
    -5.17371     0.60228     2.79659
     0.33862     0.94092    -0.00000
     0.94092    -0.33862    -0.00000
    -0.00000     0.00000    -1.00000
           0           2          15           4
    -5.17371     0.60228     8.48859
     0.33862     0.94092    -0.00000
     0.94092    -0.33862    -0.00000
    -0.00000     0.00000    -1.00000
           0           2          16           1
    -5.17371    -0.62971    -8.58741
     0.10743     0.99421    -0.00000
     0.99421    -0.10743    -0.00000
    -0.00000     0.00000    -1.00000
           0           2          16           2
    -5.17371    -0.62971    -2.89541
     0.10743     0.99421    -0.00000
     0.99421    -0.10743    -0.00000
    -0.00000     0.00000    -1.00000
           0           2          16           3
    -5.17371    -0.62971     2.79659
     0.10743     0.99421    -0.00000
     0.99421    -0.10743    -0.00000
    -0.00000     0.00000    -1.00000
           0           2          16           4
    -5.17371    -0.62971     8.48859
     0.10743     0.99421    -0.00000
     0.99421    -0.10743    -0.00000
    -0.00000     0.00000    -1.00000
           0           2          17           1
    -4.88348    -1.82702    -8.58741
    -0.12982     0.99154    -0.00000
     0.99154     0.12982    -0.00000
    -0.00000    -0.00000    -1.00000
           0           2          17           2
    -4.88348    -1.82702    -2.89541
    -0.12982     0.99154    -0.00000
     0.99154     0.12982    -0.00000
    -0.00000    -0.00000    -1.00000
           0           2          17           3
    -4.88348    -1.82702     2.79659
    -0.12982     0.99154    -0.00000
     0.99154     0.12982    -0.00000
    -0.00000    -0.00000    -1.00000
           0           2          17           4
    -4.88348    -1.82702     8.48859
    -0.12982     0.99154    -0.00000
     0.99154     0.12982    -0.00000
    -0.00000    -0.00000    -1.00000
           0           2          18           1
    -4.31935    -2.92226    -8.58741
    -0.35975     0.93305    -0.00000
     0.93305     0.35975    -0.00000
    -0.00000    -0.00000    -1.00000
           0           2          18           2
    -4.31935    -2.92226    -2.89541
    -0.35975     0.93305    -0.00000
     0.93305     0.35975    -0.00000
    -0.00000    -0.00000    -1.00000
           0           2          18           3
    -4.31934    -2.92226     2.79659
    -0.35975     0.93305    -0.00000
     0.93305     0.35975    -0.00000
    -0.00000    -0.00000    -1.00000
           0           2          18           4
    -4.31934    -2.92226     8.48859
    -0.35975     0.93305    -0.00000
     0.93305     0.35975    -0.00000
    -0.00000    -0.00000    -1.00000
           0           2          19           1
    -3.51307    -3.85378    -8.58741
    -0.56944     0.82203    -0.00000
     0.82203     0.56944    -0.00000
    -0.00000    -0.00000    -1.00000
           0           2          19           2
    -3.51307    -3.85378    -2.89541
    -0.56944     0.82203    -0.00000
     0.82203     0.56944    -0.00000
    -0.00000    -0.00000    -1.00000
           0           2          19           3
    -3.51307    -3.85378     2.79659
    -0.56944     0.82203    -0.00000
     0.82203     0.56944    -0.00000
    -0.00000    -0.00000    -1.00000
           0           2          19           4
    -3.51307    -3.85378     8.48859
    -0.56944     0.82203    -0.00000
     0.82203     0.56944    -0.00000
    -0.00000    -0.00000    -1.00000
           0           2          20           1
    -2.51004    -4.56913    -8.58741
    -0.74707     0.66475    -0.00000
     0.66475     0.74707    -0.00000
    -0.00000    -0.00000    -1.00000
           0           2          20           2
    -2.51004    -4.56913    -2.89541
    -0.74707     0.66475    -0.00000
     0.66475     0.74707    -0.00000
    -0.00000    -0.00000    -1.00000
           0           2          20           3
    -2.51004    -4.56913     2.79659
    -0.74707     0.66475    -0.00000
     0.66475     0.74707    -0.00000
    -0.00000    -0.00000    -1.00000
           0           2          20           4
    -2.51004    -4.56913     8.48859
    -0.74707     0.66475    -0.00000
     0.66475     0.74707    -0.00000
    -0.00000    -0.00000    -1.00000
           0           3           1           1
     5.63744   -10.32520    12.79626
    -0.87807    -0.47854     0.00000
    -0.47854     0.87807     0.00000
    -0.00000     0.00000    -1.00000
           0           3           1           2
     5.63744   -10.32520     6.42086
    -0.87807    -0.47854     0.00000
    -0.47854     0.87807     0.00000
    -0.00000     0.00000    -1.00000
           0           3           1           3
     5.63744   -10.32520     0.04546
    -0.87807    -0.47854     0.00000
    -0.47854     0.87807     0.00000
    -0.00000     0.00000    -1.00000
           0           3           1           4
     5.63744   -10.32520    -6.32994
    -0.87807    -0.47854     0.00000
    -0.47854     0.87807     0.00000
    -0.00000     0.00000    -1.00000
           0           3           1           5
     5.63744   -10.32520   -12.70534
    -0.87807    -0.47854     0.00000
    -0.47854     0.87807     0.00000
    -0.00000     0.00000    -1.00000
           0           3           2           1
     7.55810    -7.12758    12.79626
    -0.68671    -0.72693     0.00000
    -0.72693     0.68671     0.00000
    -0.00000     0.00000    -1.00000
           0           3           2           2
     7.55810    -7.12758     6.42086
    -0.68671    -0.72693     0.00000
    -0.72693     0.68671     0.00000
    -0.00000     0.00000    -1.00000
           0           3           2           3
     7.55810    -7.12758     0.04546
    -0.68671    -0.72693     0.00000
    -0.72693     0.68671     0.00000
    -0.00000     0.00000    -1.00000
           0           3           2           4
     7.55810    -7.12758    -6.32994
    -0.68671    -0.72693     0.00000
    -0.72693     0.68671     0.00000
    -0.00000     0.00000    -1.00000
           0           3           2           5
     7.55810    -7.12758   -12.70534
    -0.68671    -0.72693     0.00000
    -0.72693     0.68671     0.00000
    -0.00000     0.00000    -1.00000
           0           3           3           1
    11.53442    -5.66923    12.79626
    -0.44166    -0.89718     0.00000
    -0.89718     0.44166     0.00000
    -0.00000     0.00000    -1.00000
           0           3           3           2
    11.53442    -5.66923     6.42086
    -0.44166    -0.89718     0.00000
    -0.89718     0.44166     0.00000
    -0.00000     0.00000    -1.00000
           0           3           3           3
    11.53441    -5.66923     0.04546
    -0.44166    -0.89718     0.00000
    -0.89718     0.44166     0.00000
    -0.00000     0.00000    -1.00000
           0           3           3           4
    11.53441    -5.66923    -6.32994
    -0.44166    -0.89718     0.00000
    -0.89718     0.44166     0.00000
    -0.00000     0.00000    -1.00000
           0           3           3           5
    11.53441    -5.66923   -12.70534
    -0.44166    -0.89718     0.00000
    -0.89718     0.44166     0.00000
    -0.00000     0.00000    -1.00000
           0           3           4           1
    11.58831    -2.06805    12.79626
    -0.17623    -0.98435     0.00000
    -0.98435     0.17623     0.00000
    -0.00000     0.00000    -1.00000
           0           3           4           2
    11.58831    -2.06805     6.42086
    -0.17623    -0.98435     0.00000
    -0.98435     0.17623     0.00000
    -0.00000     0.00000    -1.00000
           0           3           4           3
    11.58831    -2.06805     0.04546
    -0.17623    -0.98435     0.00000
    -0.98435     0.17623     0.00000
    -0.00000     0.00000    -1.00000
           0           3           4           4
    11.58831    -2.06805    -6.32994
    -0.17623    -0.98435     0.00000
    -0.98435     0.17623     0.00000
    -0.00000     0.00000    -1.00000
           0           3           4           5
    11.58831    -2.06805   -12.70534
    -0.17623    -0.98435     0.00000
    -0.98435     0.17623     0.00000
    -0.00000     0.00000    -1.00000
           0           3           5           1
    10.29610     1.43109    12.79626
     0.13727    -0.99053     0.00000
    -0.99053    -0.13727     0.00000
    -0.00000    -0.00000    -1.00000
           0           3           5           2
    10.29610     1.43109     6.42086
     0.13727    -0.99053     0.00000
    -0.99053    -0.13727     0.00000
    -0.00000    -0.00000    -1.00000
           0           3           5           3
    10.29610     1.43109     0.04546
     0.13727    -0.99053     0.00000
    -0.99053    -0.13727     0.00000
    -0.00000    -0.00000    -1.00000
           0           3           5           4
    10.29610     1.43109    -6.32994
     0.13727    -0.99053     0.00000
    -0.99053    -0.13727     0.00000
    -0.00000    -0.00000    -1.00000
           0           3           5           5
    10.29610     1.43109   -12.70534
     0.13727    -0.99053     0.00000
    -0.99053    -0.13727     0.00000
    -0.00000    -0.00000    -1.00000
           0           3           6           1
    11.64693     5.44521    12.79626
     0.42341    -0.90594     0.00000
    -0.90594    -0.42341     0.00000
    -0.00000    -0.00000    -1.00000
           0           3           6           2
    11.64693     5.44521     6.42086
     0.42341    -0.90594     0.00000
    -0.90594    -0.42341     0.00000
    -0.00000    -0.00000    -1.00000
           0           3           6           3
    11.64693     5.44521     0.04546
     0.42341    -0.90594     0.00000
    -0.90594    -0.42341     0.00000
    -0.00000    -0.00000    -1.00000
           0           3           6           4
    11.64693     5.44521    -6.32994
     0.42341    -0.90594     0.00000
    -0.90594    -0.42341     0.00000
    -0.00000    -0.00000    -1.00000
           0           3           6           5
    11.64693     5.44521   -12.70534
     0.42341    -0.90594     0.00000
    -0.90594    -0.42341     0.00000
    -0.00000    -0.00000    -1.00000
           0           3           7           1
     8.87175     7.74082    12.79626
     0.65751    -0.75345     0.00000
    -0.75345    -0.65751     0.00000
    -0.00000    -0.00000    -1.00000
           0           3           7           2
     8.87175     7.74082     6.42086
     0.65751    -0.75345     0.00000
    -0.75345    -0.65751     0.00000
    -0.00000    -0.00000    -1.00000
           0           3           7           3
     8.87175     7.74082     0.04546
     0.65751    -0.75345     0.00000
    -0.75345    -0.65751     0.00000
    -0.00000    -0.00000    -1.00000
           0           3           7           4
     8.87175     7.74082    -6.32994
     0.65751    -0.75345     0.00000
    -0.75345    -0.65751     0.00000
    -0.00000    -0.00000    -1.00000
           0           3           7           5
     8.87175     7.74082   -12.70534
     0.65751    -0.75345     0.00000
    -0.75345    -0.65751     0.00000
    -0.00000    -0.00000    -1.00000
           0           3           8           1
     5.33380     8.92262    12.79626
     0.85851    -0.51279     0.00000
    -0.51279    -0.85851     0.00000
    -0.00000    -0.00000    -1.00000
           0           3           8           2
     5.33380     8.92262     6.42086
     0.85851    -0.51279     0.00000
    -0.51279    -0.85851     0.00000
    -0.00000    -0.00000    -1.00000
           0           3           8           3
     5.33380     8.92262     0.04546
     0.85851    -0.51279     0.00000
    -0.51279    -0.85851     0.00000
    -0.00000    -0.00000    -1.00000
           0           3           8           4
     5.33380     8.92262    -6.32994
     0.85851    -0.51279     0.00000
    -0.51279    -0.85851     0.00000
    -0.00000    -0.00000    -1.00000
           0           3           8           5
     5.33380     8.92262   -12.70534
     0.85851    -0.51279     0.00000
    -0.51279    -0.85851     0.00000
    -0.00000    -0.00000    -1.00000
           0           3           9           1
    -5.34415     8.90365   -12.80021
    -0.85851    -0.51279     0.00000
     0.51279    -0.85851     0.00000
    -0.00000     0.00000     1.00000
           0           3           9           2
    -5.34415     8.90365    -6.42481
    -0.85851    -0.51279     0.00000
     0.51279    -0.85851     0.00000
    -0.00000     0.00000     1.00000
           0           3           9           3
    -5.34415     8.90365    -0.04941
    -0.85851    -0.51279     0.00000
     0.51279    -0.85851     0.00000
    -0.00000     0.00000     1.00000
           0           3           9           4
    -5.34415     8.90365     6.32599
    -0.85851    -0.51279     0.00000
     0.51279    -0.85851     0.00000
    -0.00000     0.00000     1.00000
           0           3           9           5
    -5.34415     8.90365    12.70139
    -0.85851    -0.51279     0.00000
     0.51279    -0.85851     0.00000
    -0.00000     0.00000     1.00000
           0           3          10           1
    -8.88210     7.72185   -12.80021
    -0.65751    -0.75345    -0.00000
     0.75345    -0.65751    -0.00000
     0.00000    -0.00000     1.00000
           0           3          10           2
    -8.88210     7.72185    -6.42481
    -0.65751    -0.75345    -0.00000
     0.75345    -0.65751    -0.00000
     0.00000    -0.00000     1.00000
           0           3          10           3
    -8.88210     7.72185    -0.04941
    -0.65751    -0.75345    -0.00000
     0.75345    -0.65751    -0.00000
     0.00000    -0.00000     1.00000
           0           3          10           4
    -8.88210     7.72185     6.32599
    -0.65751    -0.75345    -0.00000
     0.75345    -0.65751    -0.00000
     0.00000    -0.00000     1.00000
           0           3          10           5
    -8.88210     7.72185    12.70139
    -0.65751    -0.75345    -0.00000
     0.75345    -0.65751    -0.00000
     0.00000    -0.00000     1.00000
           0           3          11           1
   -11.65728     5.42624   -12.80021
    -0.42341    -0.90594    -0.00000
     0.90594    -0.42341    -0.00000
     0.00000    -0.00000     1.00000
           0           3          11           2
   -11.65728     5.42624    -6.42481
    -0.42341    -0.90594    -0.00000
     0.90594    -0.42341    -0.00000
     0.00000    -0.00000     1.00000
           0           3          11           3
   -11.65728     5.42624    -0.04941
    -0.42341    -0.90594    -0.00000
     0.90594    -0.42341    -0.00000
     0.00000    -0.00000     1.00000
           0           3          11           4
   -11.65728     5.42624     6.32599
    -0.42341    -0.90594    -0.00000
     0.90594    -0.42341    -0.00000
     0.00000    -0.00000     1.00000
           0           3          11           5
   -11.65728     5.42624    12.70139
    -0.42341    -0.90594    -0.00000
     0.90594    -0.42341    -0.00000
     0.00000    -0.00000     1.00000
           0           3          12           1
   -10.30645     1.41212   -12.80021
    -0.13727    -0.99053    -0.00000
     0.99053    -0.13727    -0.00000
     0.00000    -0.00000     1.00000
           0           3          12           2
   -10.30645     1.41212    -6.42481
    -0.13727    -0.99053    -0.00000
     0.99053    -0.13727    -0.00000
     0.00000    -0.00000     1.00000
           0           3          12           3
   -10.30645     1.41212    -0.04941
    -0.13727    -0.99053    -0.00000
     0.99053    -0.13727    -0.00000
     0.00000    -0.00000     1.00000
           0           3          12           4
   -10.30645     1.41212     6.32599
    -0.13727    -0.99053    -0.00000
     0.99053    -0.13727    -0.00000
     0.00000    -0.00000     1.00000
           0           3          12           5
   -10.30645     1.41212    12.70139
    -0.13727    -0.99053    -0.00000
     0.99053    -0.13727    -0.00000
     0.00000    -0.00000     1.00000
           0           3          13           1
   -11.59866    -2.08702   -12.80021
     0.17623    -0.98435    -0.00000
     0.98435     0.17623    -0.00000
     0.00000     0.00000     1.00000
           0           3          13           2
   -11.59866    -2.08702    -6.42481
     0.17623    -0.98435    -0.00000
     0.98435     0.17623    -0.00000
     0.00000     0.00000     1.00000
           0           3          13           3
   -11.59866    -2.08702    -0.04941
     0.17623    -0.98435    -0.00000
     0.98435     0.17623    -0.00000
     0.00000     0.00000     1.00000
           0           3          13           4
   -11.59866    -2.08702     6.32599
     0.17623    -0.98435    -0.00000
     0.98435     0.17623    -0.00000
     0.00000     0.00000     1.00000
           0           3          13           5
   -11.59866    -2.08702    12.70139
     0.17623    -0.98435    -0.00000
     0.98435     0.17623    -0.00000
     0.00000     0.00000     1.00000
           0           3          14           1
   -11.54476    -5.68820   -12.80021
     0.44166    -0.89718    -0.00000
     0.89718     0.44166    -0.00000
     0.00000     0.00000     1.00000
           0           3          14           2
   -11.54476    -5.68820    -6.42481
     0.44166    -0.89718    -0.00000
     0.89718     0.44166    -0.00000
     0.00000     0.00000     1.00000
           0           3          14           3
   -11.54476    -5.68820    -0.04941
     0.44166    -0.89718    -0.00000
     0.89718     0.44166    -0.00000
     0.00000     0.00000     1.00000
           0           3          14           4
   -11.54476    -5.68820     6.32599
     0.44166    -0.89718    -0.00000
     0.89718     0.44166    -0.00000
     0.00000     0.00000     1.00000
           0           3          14           5
   -11.54476    -5.68820    12.70139
     0.44166    -0.89718    -0.00000
     0.89718     0.44166    -0.00000
     0.00000     0.00000     1.00000
           0           3          15           1
    -7.56844    -7.14655   -12.80021
     0.68671    -0.72693    -0.00000
     0.72693     0.68671    -0.00000
     0.00000     0.00000     1.00000
           0           3          15           2
    -7.56844    -7.14655    -6.42481
     0.68671    -0.72693    -0.00000
     0.72693     0.68671    -0.00000
     0.00000     0.00000     1.00000
           0           3          15           3
    -7.56844    -7.14655    -0.04941
     0.68671    -0.72693    -0.00000
     0.72693     0.68671    -0.00000
     0.00000     0.00000     1.00000
           0           3          15           4
    -7.56844    -7.14655     6.32599
     0.68671    -0.72693    -0.00000
     0.72693     0.68671    -0.00000
     0.00000     0.00000     1.00000
           0           3          15           5
    -7.56844    -7.14655    12.70139
     0.68671    -0.72693    -0.00000
     0.72693     0.68671    -0.00000
     0.00000     0.00000     1.00000
           0           3          16           1
    -5.64778   -10.34417   -12.80021
     0.87807    -0.47854    -0.00000
     0.47854     0.87807    -0.00000
     0.00000     0.00000     1.00000
           0           3          16           2
    -5.64778   -10.34417    -6.42481
     0.87807    -0.47854    -0.00000
     0.47854     0.87807    -0.00000
     0.00000     0.00000     1.00000
           0           3          16           3
    -5.64778   -10.34417    -0.04941
     0.87807    -0.47854    -0.00000
     0.47854     0.87807    -0.00000
     0.00000     0.00000     1.00000
           0           3          16           4
    -5.64778   -10.34417     6.32599
     0.87807    -0.47854    -0.00000
     0.47854     0.87807    -0.00000
     0.00000     0.00000     1.00000
           0           3          16           5
    -5.64778   -10.34417    12.70139
     0.87807    -0.47854    -0.00000
     0.47854     0.87807    -0.00000
     0.00000     0.00000     1.00000
           0           4           1           1
     6.54547   -14.09908   -15.89304
     0.90726     0.42056    -0.00000
    -0.42056     0.90726    -0.00000
    -0.00000     0.00000     1.00000
           0           4           1           2
     6.54547   -14.09908    -9.51764
     0.90726     0.42056    -0.00000
    -0.42056     0.90726    -0.00000
    -0.00000     0.00000     1.00000
           0           4           1           3
     6.54547   -14.09908    -3.14224
     0.90726     0.42056    -0.00000
    -0.42056     0.90726    -0.00000
    -0.00000     0.00000     1.00000
           0           4           1           4
     6.54547   -14.09908     3.23316
     0.90726     0.42056    -0.00000
    -0.42056     0.90726    -0.00000
    -0.00000     0.00000     1.00000
           0           4           1           5
     6.54547   -14.09908     9.60856
     0.90726     0.42056    -0.00000
    -0.42056     0.90726    -0.00000
    -0.00000     0.00000     1.00000
           0           4           1           6
     6.54547   -14.09908    15.98396
     0.90726     0.42056    -0.00000
    -0.42056     0.90726    -0.00000
    -0.00000     0.00000     1.00000
           0           4           2           1
    10.12188   -13.26705   -15.89304
     0.79537     0.60613    -0.00000
    -0.60613     0.79537    -0.00000
    -0.00000     0.00000     1.00000
           0           4           2           2
    10.12188   -13.26705    -9.51764
     0.79537     0.60613    -0.00000
    -0.60613     0.79537    -0.00000
    -0.00000     0.00000     1.00000
           0           4           2           3
    10.12188   -13.26705    -3.14224
     0.79537     0.60613    -0.00000
    -0.60613     0.79537    -0.00000
    -0.00000     0.00000     1.00000
           0           4           2           4
    10.12188   -13.26705     3.23316
     0.79537     0.60613    -0.00000
    -0.60613     0.79537    -0.00000
    -0.00000     0.00000     1.00000
           0           4           2           5
    10.12188   -13.26705     9.60856
     0.79537     0.60613    -0.00000
    -0.60613     0.79537    -0.00000
    -0.00000     0.00000     1.00000
           0           4           2           6
    10.12188   -13.26705    15.98396
     0.79537     0.60613    -0.00000
    -0.60613     0.79537    -0.00000
    -0.00000     0.00000     1.00000
           0           4           3           1
    13.43787   -11.71912   -15.89304
     0.65764     0.75333    -0.00000
    -0.75333     0.65764    -0.00000
    -0.00000     0.00000     1.00000
           0           4           3           2
    13.43787   -11.71912    -9.51764
     0.65764     0.75333    -0.00000
    -0.75333     0.65764    -0.00000
    -0.00000     0.00000     1.00000
           0           4           3           3
    13.43787   -11.71912    -3.14224
     0.65764     0.75333    -0.00000
    -0.75333     0.65764    -0.00000
    -0.00000     0.00000     1.00000
           0           4           3           4
    13.43787   -11.71912     3.23316
     0.65764     0.75333    -0.00000
    -0.75333     0.65764    -0.00000
    -0.00000     0.00000     1.00000
           0           4           3           5
    13.43787   -11.71912     9.60856
     0.65764     0.75333    -0.00000
    -0.75333     0.65764    -0.00000
    -0.00000     0.00000     1.00000
           0           4           3           6
    13.43787   -11.71912    15.98396
     0.65764     0.75333    -0.00000
    -0.75333     0.65764    -0.00000
    -0.00000     0.00000     1.00000
           0           4           4           1
    13.59373    -7.55058   -15.89304
     0.48603     0.87394     0.00000
    -0.87394     0.48603     0.00000
     0.00000    -0.00000     1.00000
           0           4           4           2
    13.59373    -7.55058    -9.51764
     0.48603     0.87394     0.00000
    -0.87394     0.48603     0.00000
     0.00000    -0.00000     1.00000
           0           4           4           3
    13.59373    -7.55058    -3.14224
     0.48603     0.87394     0.00000
    -0.87394     0.48603     0.00000
     0.00000    -0.00000     1.00000
           0           4           4           4
    13.59373    -7.55058     3.23316
     0.48603     0.87394     0.00000
    -0.87394     0.48603     0.00000
     0.00000    -0.00000     1.00000
           0           4           4           5
    13.59373    -7.55058     9.60856
     0.48603     0.87394     0.00000
    -0.87394     0.48603     0.00000
     0.00000    -0.00000     1.00000
           0           4           4           6
    13.59373    -7.55058    15.98396
     0.48603     0.87394     0.00000
    -0.87394     0.48603     0.00000
     0.00000    -0.00000     1.00000
           0           4           5           1
    15.99563    -4.77319   -15.89304
     0.28636     0.95812     0.00000
    -0.95812     0.28636     0.00000
     0.00000    -0.00000     1.00000
           0           4           5           2
    15.99563    -4.77319    -9.51764
     0.28636     0.95812     0.00000
    -0.95812     0.28636     0.00000
     0.00000    -0.00000     1.00000
           0           4           5           3
    15.99563    -4.77319    -3.14224
     0.28636     0.95812     0.00000
    -0.95812     0.28636     0.00000
     0.00000    -0.00000     1.00000
           0           4           5           4
    15.99563    -4.77319     3.23316
     0.28636     0.95812     0.00000
    -0.95812     0.28636     0.00000
     0.00000    -0.00000     1.00000
           0           4           5           5
    15.99563    -4.77319     9.60856
     0.28636     0.95812     0.00000
    -0.95812     0.28636     0.00000
     0.00000    -0.00000     1.00000
           0           4           5           6
    15.99563    -4.77319    15.98396
     0.28636     0.95812     0.00000
    -0.95812     0.28636     0.00000
     0.00000    -0.00000     1.00000
           0           4           6           1
    17.76568    -1.57026   -15.89304
     0.08837     0.99609     0.00000
    -0.99609     0.08837     0.00000
     0.00000    -0.00000     1.00000
           0           4           6           2
    17.76568    -1.57026    -9.51764
     0.08837     0.99609     0.00000
    -0.99609     0.08837     0.00000
     0.00000    -0.00000     1.00000
           0           4           6           3
    17.76568    -1.57026    -3.14224
     0.08837     0.99609     0.00000
    -0.99609     0.08837     0.00000
     0.00000    -0.00000     1.00000
           0           4           6           4
    17.76568    -1.57026     3.23316
     0.08837     0.99609     0.00000
    -0.99609     0.08837     0.00000
     0.00000    -0.00000     1.00000
           0           4           6           5
    17.76568    -1.57026     9.60856
     0.08837     0.99609     0.00000
    -0.99609     0.08837     0.00000
     0.00000    -0.00000     1.00000
           0           4           6           6
    17.76568    -1.57026    15.98396
     0.08837     0.99609     0.00000
    -0.99609     0.08837     0.00000
     0.00000    -0.00000     1.00000
           0           4           7           1
    15.43854     1.89175   -15.89304
    -0.12135     0.99261     0.00000
    -0.99261    -0.12135     0.00000
     0.00000     0.00000     1.00000
           0           4           7           2
    15.43854     1.89175    -9.51764
    -0.12135     0.99261     0.00000
    -0.99261    -0.12135     0.00000
     0.00000     0.00000     1.00000
           0           4           7           3
    15.43854     1.89175    -3.14224
    -0.12135     0.99261     0.00000
    -0.99261    -0.12135     0.00000
     0.00000     0.00000     1.00000
           0           4           7           4
    15.43854     1.89175     3.23316
    -0.12135     0.99261     0.00000
    -0.99261    -0.12135     0.00000
     0.00000     0.00000     1.00000
           0           4           7           5
    15.43854     1.89175     9.60856
    -0.12135     0.99261     0.00000
    -0.99261    -0.12135     0.00000
     0.00000     0.00000     1.00000
           0           4           7           6
    15.43854     1.89175    15.98396
    -0.12135     0.99261     0.00000
    -0.99261    -0.12135     0.00000
     0.00000     0.00000     1.00000
           0           4           8           1
    15.74602     5.55077   -15.89304
    -0.33233     0.94316     0.00000
    -0.94316    -0.33233     0.00000
     0.00000     0.00000     1.00000
           0           4           8           2
    15.74602     5.55077    -9.51764
    -0.33233     0.94316     0.00000
    -0.94316    -0.33233     0.00000
     0.00000     0.00000     1.00000
           0           4           8           3
    15.74602     5.55077    -3.14224
    -0.33233     0.94316     0.00000
    -0.94316    -0.33233     0.00000
     0.00000     0.00000     1.00000
           0           4           8           4
    15.74602     5.55077     3.23316
    -0.33233     0.94316     0.00000
    -0.94316    -0.33233     0.00000
     0.00000     0.00000     1.00000
           0           4           8           5
    15.74602     5.55077     9.60856
    -0.33233     0.94316     0.00000
    -0.94316    -0.33233     0.00000
     0.00000     0.00000     1.00000
           0           4           8           6
    15.74602     5.55077    15.98396
    -0.33233     0.94316     0.00000
    -0.94316    -0.33233     0.00000
     0.00000     0.00000     1.00000
           0           4           9           1
    15.29221     9.18201   -15.89304
    -0.51474     0.85735     0.00000
    -0.85735    -0.51474     0.00000
     0.00000     0.00000     1.00000
           0           4           9           2
    15.29221     9.18201    -9.51764
    -0.51474     0.85735     0.00000
    -0.85735    -0.51474     0.00000
     0.00000     0.00000     1.00000
           0           4           9           3
    15.29221     9.18201    -3.14224
    -0.51474     0.85735     0.00000
    -0.85735    -0.51474     0.00000
     0.00000     0.00000     1.00000
           0           4           9           4
    15.29221     9.18201     3.23316
    -0.51474     0.85735     0.00000
    -0.85735    -0.51474     0.00000
     0.00000     0.00000     1.00000
           0           4           9           5
    15.29221     9.18201     9.60856
    -0.51474     0.85735     0.00000
    -0.85735    -0.51474     0.00000
     0.00000     0.00000     1.00000
           0           4           9           6
    15.29221     9.18201    15.98396
    -0.51474     0.85735     0.00000
    -0.85735    -0.51474     0.00000
     0.00000     0.00000     1.00000
           0           4          10           1
    11.37335    10.61156   -15.89304
    -0.68225     0.73112     0.00000
    -0.73112    -0.68225     0.00000
     0.00000     0.00000     1.00000
           0           4          10           2
    11.37335    10.61156    -9.51764
    -0.68225     0.73112     0.00000
    -0.73112    -0.68225     0.00000
     0.00000     0.00000     1.00000
           0           4          10           3
    11.37335    10.61156    -3.14224
    -0.68225     0.73112     0.00000
    -0.73112    -0.68225     0.00000
     0.00000     0.00000     1.00000
           0           4          10           4
    11.37335    10.61156     3.23316
    -0.68225     0.73112     0.00000
    -0.73112    -0.68225     0.00000
     0.00000     0.00000     1.00000
           0           4          10           5
    11.37335    10.61156     9.60856
    -0.68225     0.73112     0.00000
    -0.73112    -0.68225     0.00000
     0.00000     0.00000     1.00000
           0           4          10           6
    11.37335    10.61156    15.98396
    -0.68225     0.73112     0.00000
    -0.73112    -0.68225     0.00000
     0.00000     0.00000     1.00000
           0           4          11           1
     9.46865    13.75084   -15.89304
    -0.82373     0.56698     0.00000
    -0.56698    -0.82373     0.00000
     0.00000     0.00000     1.00000
           0           4          11           2
     9.46865    13.75084    -9.51764
    -0.82373     0.56698     0.00000
    -0.56698    -0.82373     0.00000
     0.00000     0.00000     1.00000
           0           4          11           3
     9.46865    13.75084    -3.14224
    -0.82373     0.56698     0.00000
    -0.56698    -0.82373     0.00000
     0.00000     0.00000     1.00000
           0           4          11           4
     9.46865    13.75084     3.23316
    -0.82373     0.56698     0.00000
    -0.56698    -0.82373     0.00000
     0.00000     0.00000     1.00000
           0           4          11           5
     9.46865    13.75084     9.60856
    -0.82373     0.56698     0.00000
    -0.56698    -0.82373     0.00000
     0.00000     0.00000     1.00000
           0           4          11           6
     9.46865    13.75084    15.98396
    -0.82373     0.56698     0.00000
    -0.56698    -0.82373     0.00000
     0.00000     0.00000     1.00000
           0           4          12           1
     6.96479    16.41966   -15.89304
    -0.92071     0.39025     0.00000
    -0.39025    -0.92071     0.00000
     0.00000     0.00000     1.00000
           0           4          12           2
     6.96479    16.41966    -9.51764
    -0.92071     0.39025     0.00000
    -0.39025    -0.92071     0.00000
     0.00000     0.00000     1.00000
           0           4          12           3
     6.96479    16.41966    -3.14224
    -0.92071     0.39025     0.00000
    -0.39025    -0.92071     0.00000
     0.00000     0.00000     1.00000
           0           4          12           4
     6.96479    16.41966     3.23316
    -0.92071     0.39025     0.00000
    -0.39025    -0.92071     0.00000
     0.00000     0.00000     1.00000
           0           4          12           5
     6.96479    16.41966     9.60856
    -0.92071     0.39025     0.00000
    -0.39025    -0.92071     0.00000
     0.00000     0.00000     1.00000
           0           4          12           6
     6.96479    16.41966    15.98396
    -0.92071     0.39025     0.00000
    -0.39025    -0.92071     0.00000
     0.00000     0.00000     1.00000
           0           4          13           1
    -6.97514    16.40069    15.88909
     0.92071     0.39025     0.00000
     0.39025    -0.92071     0.00000
     0.00000    -0.00000    -1.00000
           0           4          13           2
    -6.97514    16.40069     9.51369
     0.92071     0.39025     0.00000
     0.39025    -0.92071     0.00000
     0.00000    -0.00000    -1.00000
           0           4          13           3
    -6.97514    16.40069     3.13829
     0.92071     0.39025     0.00000
     0.39025    -0.92071     0.00000
     0.00000    -0.00000    -1.00000
           0           4          13           4
    -6.97514    16.40069    -3.23711
     0.92071     0.39025     0.00000
     0.39025    -0.92071     0.00000
     0.00000    -0.00000    -1.00000
           0           4          13           5
    -6.97514    16.40069    -9.61251
     0.92071     0.39025     0.00000
     0.39025    -0.92071     0.00000
     0.00000    -0.00000    -1.00000
           0           4          13           6
    -6.97514    16.40069   -15.98791
     0.92071     0.39025     0.00000
     0.39025    -0.92071     0.00000
     0.00000    -0.00000    -1.00000
           0           4          14           1
    -9.47900    13.73187    15.88909
     0.82373     0.56698     0.00000
     0.56698    -0.82373     0.00000
     0.00000    -0.00000    -1.00000
           0           4          14           2
    -9.47900    13.73187     9.51369
     0.82373     0.56698     0.00000
     0.56698    -0.82373     0.00000
     0.00000    -0.00000    -1.00000
           0           4          14           3
    -9.47900    13.73187     3.13829
     0.82373     0.56698     0.00000
     0.56698    -0.82373     0.00000
     0.00000    -0.00000    -1.00000
           0           4          14           4
    -9.47900    13.73187    -3.23711
     0.82373     0.56698     0.00000
     0.56698    -0.82373     0.00000
     0.00000    -0.00000    -1.00000
           0           4          14           5
    -9.47900    13.73187    -9.61251
     0.82373     0.56698     0.00000
     0.56698    -0.82373     0.00000
     0.00000    -0.00000    -1.00000
           0           4          14           6
    -9.47900    13.73187   -15.98791
     0.82373     0.56698     0.00000
     0.56698    -0.82373     0.00000
     0.00000    -0.00000    -1.00000
           0           4          15           1
   -11.38370    10.59259    15.88909
     0.68225     0.73112     0.00000
     0.73112    -0.68225     0.00000
     0.00000    -0.00000    -1.00000
           0           4          15           2
   -11.38370    10.59259     9.51369
     0.68225     0.73112     0.00000
     0.73112    -0.68225     0.00000
     0.00000    -0.00000    -1.00000
           0           4          15           3
   -11.38370    10.59259     3.13829
     0.68225     0.73112     0.00000
     0.73112    -0.68225     0.00000
     0.00000    -0.00000    -1.00000
           0           4          15           4
   -11.38371    10.59259    -3.23711
     0.68225     0.73112     0.00000
     0.73112    -0.68225     0.00000
     0.00000    -0.00000    -1.00000
           0           4          15           5
   -11.38371    10.59259    -9.61251
     0.68225     0.73112     0.00000
     0.73112    -0.68225     0.00000
     0.00000    -0.00000    -1.00000
           0           4          15           6
   -11.38371    10.59259   -15.98791
     0.68225     0.73112     0.00000
     0.73112    -0.68225     0.00000
     0.00000    -0.00000    -1.00000
           0           4          16           1
   -15.30256     9.16304    15.88909
     0.51474     0.85735     0.00000
     0.85735    -0.51474     0.00000
     0.00000    -0.00000    -1.00000
           0           4          16           2
   -15.30256     9.16304     9.51369
     0.51474     0.85735     0.00000
     0.85735    -0.51474     0.00000
     0.00000    -0.00000    -1.00000
           0           4          16           3
   -15.30256     9.16304     3.13829
     0.51474     0.85735     0.00000
     0.85735    -0.51474     0.00000
     0.00000    -0.00000    -1.00000
           0           4          16           4
   -15.30256     9.16304    -3.23711
     0.51474     0.85735     0.00000
     0.85735    -0.51474     0.00000
     0.00000    -0.00000    -1.00000
           0           4          16           5
   -15.30257     9.16304    -9.61251
     0.51474     0.85735     0.00000
     0.85735    -0.51474     0.00000
     0.00000    -0.00000    -1.00000
           0           4          16           6
   -15.30257     9.16304   -15.98791
     0.51474     0.85735     0.00000
     0.85735    -0.51474     0.00000
     0.00000    -0.00000    -1.00000
           0           4          17           1
   -15.75637     5.53180    15.88909
     0.33233     0.94316     0.00000
     0.94316    -0.33233     0.00000
     0.00000    -0.00000    -1.00000
           0           4          17           2
   -15.75637     5.53180     9.51369
     0.33233     0.94316     0.00000
     0.94316    -0.33233     0.00000
     0.00000    -0.00000    -1.00000
           0           4          17           3
   -15.75637     5.53180     3.13829
     0.33233     0.94316     0.00000
     0.94316    -0.33233     0.00000
     0.00000    -0.00000    -1.00000
           0           4          17           4
   -15.75637     5.53180    -3.23711
     0.33233     0.94316     0.00000
     0.94316    -0.33233     0.00000
     0.00000    -0.00000    -1.00000
           0           4          17           5
   -15.75637     5.53180    -9.61251
     0.33233     0.94316     0.00000
     0.94316    -0.33233     0.00000
     0.00000    -0.00000    -1.00000
           0           4          17           6
   -15.75637     5.53180   -15.98791
     0.33233     0.94316     0.00000
     0.94316    -0.33233     0.00000
     0.00000    -0.00000    -1.00000
           0           4          18           1
   -15.44889     1.87278    15.88909
     0.12135     0.99261     0.00000
     0.99261    -0.12135     0.00000
     0.00000    -0.00000    -1.00000
           0           4          18           2
   -15.44889     1.87278     9.51369
     0.12135     0.99261     0.00000
     0.99261    -0.12135     0.00000
     0.00000    -0.00000    -1.00000
           0           4          18           3
   -15.44889     1.87278     3.13829
     0.12135     0.99261     0.00000
     0.99261    -0.12135     0.00000
     0.00000    -0.00000    -1.00000
           0           4          18           4
   -15.44889     1.87278    -3.23711
     0.12135     0.99261     0.00000
     0.99261    -0.12135     0.00000
     0.00000    -0.00000    -1.00000
           0           4          18           5
   -15.44889     1.87278    -9.61251
     0.12135     0.99261     0.00000
     0.99261    -0.12135     0.00000
     0.00000    -0.00000    -1.00000
           0           4          18           6
   -15.44889     1.87278   -15.98791
     0.12135     0.99261     0.00000
     0.99261    -0.12135     0.00000
     0.00000    -0.00000    -1.00000
           0           4          19           1
   -17.77603    -1.58923    15.88909
    -0.08837     0.99609    -0.00000
     0.99609     0.08837    -0.00000
    -0.00000    -0.00000    -1.00000
           0           4          19           2
   -17.77603    -1.58923     9.51369
    -0.08837     0.99609    -0.00000
     0.99609     0.08837    -0.00000
    -0.00000    -0.00000    -1.00000
           0           4          19           3
   -17.77603    -1.58923     3.13829
    -0.08837     0.99609    -0.00000
     0.99609     0.08837    -0.00000
    -0.00000    -0.00000    -1.00000
           0           4          19           4
   -17.77603    -1.58923    -3.23711
    -0.08837     0.99609    -0.00000
     0.99609     0.08837    -0.00000
    -0.00000    -0.00000    -1.00000
           0           4          19           5
   -17.77603    -1.58923    -9.61251
    -0.08837     0.99609    -0.00000
     0.99609     0.08837    -0.00000
    -0.00000    -0.00000    -1.00000
           0           4          19           6
   -17.77603    -1.58923   -15.98791
    -0.08837     0.99609    -0.00000
     0.99609     0.08837    -0.00000
    -0.00000    -0.00000    -1.00000
           0           4          20           1
   -16.00598    -4.79216    15.88909
    -0.28636     0.95812    -0.00000
     0.95812     0.28636    -0.00000
    -0.00000    -0.00000    -1.00000
           0           4          20           2
   -16.00598    -4.79216     9.51369
    -0.28636     0.95812    -0.00000
     0.95812     0.28636    -0.00000
    -0.00000    -0.00000    -1.00000
           0           4          20           3
   -16.00598    -4.79216     3.13829
    -0.28636     0.95812    -0.00000
     0.95812     0.28636    -0.00000
    -0.00000    -0.00000    -1.00000
           0           4          20           4
   -16.00598    -4.79216    -3.23711
    -0.28636     0.95812    -0.00000
     0.95812     0.28636    -0.00000
    -0.00000    -0.00000    -1.00000
           0           4          20           5
   -16.00598    -4.79216    -9.61251
    -0.28636     0.95812    -0.00000
     0.95812     0.28636    -0.00000
    -0.00000    -0.00000    -1.00000
           0           4          20           6
   -16.00598    -4.79216   -15.98791
    -0.28636     0.95812    -0.00000
     0.95812     0.28636    -0.00000
    -0.00000    -0.00000    -1.00000
           0           4          21           1
   -13.60408    -7.56955    15.88909
    -0.48603     0.87394    -0.00000
     0.87394     0.48603    -0.00000
    -0.00000    -0.00000    -1.00000
           0           4          21           2
   -13.60408    -7.56955     9.51369
    -0.48603     0.87394    -0.00000
     0.87394     0.48603    -0.00000
    -0.00000    -0.00000    -1.00000
           0           4          21           3
   -13.60408    -7.56955     3.13829
    -0.48603     0.87394    -0.00000
     0.87394     0.48603    -0.00000
    -0.00000    -0.00000    -1.00000
           0           4          21           4
   -13.60408    -7.56955    -3.23711
    -0.48603     0.87394    -0.00000
     0.87394     0.48603    -0.00000
    -0.00000    -0.00000    -1.00000
           0           4          21           5
   -13.60408    -7.56955    -9.61251
    -0.48603     0.87394    -0.00000
     0.87394     0.48603    -0.00000
    -0.00000    -0.00000    -1.00000
           0           4          21           6
   -13.60408    -7.56955   -15.98791
    -0.48603     0.87394    -0.00000
     0.87394     0.48603    -0.00000
    -0.00000    -0.00000    -1.00000
           0           4          22           1
   -13.44821   -11.73809    15.88909
    -0.65764     0.75333    -0.00000
     0.75333     0.65764    -0.00000
    -0.00000    -0.00000    -1.00000
           0           4          22           2
   -13.44821   -11.73809     9.51369
    -0.65764     0.75333    -0.00000
     0.75333     0.65764    -0.00000
    -0.00000    -0.00000    -1.00000
           0           4          22           3
   -13.44822   -11.73809     3.13829
    -0.65764     0.75333    -0.00000
     0.75333     0.65764    -0.00000
    -0.00000    -0.00000    -1.00000
           0           4          22           4
   -13.44822   -11.73809    -3.23711
    -0.65764     0.75333    -0.00000
     0.75333     0.65764    -0.00000
    -0.00000    -0.00000    -1.00000
           0           4          22           5
   -13.44822   -11.73809    -9.61251
    -0.65764     0.75333    -0.00000
     0.75333     0.65764    -0.00000
    -0.00000    -0.00000    -1.00000
           0           4          22           6
   -13.44822   -11.73809   -15.98791
    -0.65764     0.75333    -0.00000
     0.75333     0.65764    -0.00000
    -0.00000    -0.00000    -1.00000
           0           4          23           1
   -10.13222   -13.28602    15.88909
    -0.79537     0.60613    -0.00000
     0.60613     0.79537    -0.00000
    -0.00000    -0.00000    -1.00000
           0           4          23           2
   -10.13222   -13.28602     9.51369
    -0.79537     0.60613    -0.00000
     0.60613     0.79537    -0.00000
    -0.00000    -0.00000    -1.00000
           0           4          23           3
   -10.13222   -13.28602     3.13829
    -0.79537     0.60613    -0.00000
     0.60613     0.79537    -0.00000
    -0.00000    -0.00000    -1.00000
           0           4          23           4
   -10.13222   -13.28602    -3.23711
    -0.79537     0.60613    -0.00000
     0.60613     0.79537    -0.00000
    -0.00000    -0.00000    -1.00000
           0           4          23           5
   -10.13222   -13.28602    -9.61251
    -0.79537     0.60613    -0.00000
     0.60613     0.79537    -0.00000
    -0.00000    -0.00000    -1.00000
           0           4          23           6
   -10.13222   -13.28602   -15.98791
    -0.79537     0.60613    -0.00000
     0.60613     0.79537    -0.00000
    -0.00000    -0.00000    -1.00000
           0           4          24           1
    -6.55582   -14.11805    15.88909
    -0.90726     0.42056    -0.00000
     0.42056     0.90726    -0.00000
    -0.00000    -0.00000    -1.00000
           0           4          24           2
    -6.55582   -14.11805     9.51369
    -0.90726     0.42056    -0.00000
     0.42056     0.90726    -0.00000
    -0.00000    -0.00000    -1.00000
           0           4          24           3
    -6.55582   -14.11805     3.13829
    -0.90726     0.42056    -0.00000
     0.42056     0.90726    -0.00000
    -0.00000    -0.00000    -1.00000
           0           4          24           4
    -6.55582   -14.11805    -3.23711
    -0.90726     0.42056    -0.00000
     0.42056     0.90726    -0.00000
    -0.00000    -0.00000    -1.00000
           0           4          24           5
    -6.55582   -14.11805    -9.61251
    -0.90726     0.42056    -0.00000
     0.42056     0.90726    -0.00000
    -0.00000    -0.00000    -1.00000
           0           4          24           6
    -6.55582   -14.11805   -15.98791
    -0.90726     0.42056    -0.00000
     0.42056     0.90726    -0.00000
    -0.00000    -0.00000    -1.00000
