 SVX cage parameters:
     2.20000
     0.50000     0.20000
     0.00000
           6
   -40.00000   -26.50000   -26.50000    26.50000    26.50000    40.00000
    53.00000    53.00000    22.14782    22.14782    53.00000    53.00000
     0.00000     0.00000     0.00000
 SVX barrel parameters:
           4
     2.63000     5.19260    11.76500    16.68700     1.14100
     0.00000     0.00000     0.00000     0.00000
           4           4           5           6
     0.69600     0.69600     1.74500     1.74500
     0.01000     0.01000     0.03125     0.03125
     2.83600     2.83600     3.18770     3.18770
     0.01900     0.01900     0.00000     0.00000
     0.02000     0.02000     0.00000     0.00000
    26.70000    13.62600    17.00000    12.00000
   -13.00000   -12.98000     0.00000     0.00000
           2
           5           5
     0.00000   180.00000
           2
          10          10
     0.00000   180.00000
           2
           8           8
     0.00000   180.00000
           2
          12          12
     0.00000   180.00000
 SVX barrel sensor rotation matrices and translation vectors:
           0           1           1           1
     1.60483    -2.12467     8.58911
     0.63841     0.76970     0.00004
    -0.76970     0.63841     0.00084
     0.00062    -0.00057     1.00000
           0           1           1           2
     1.59973    -2.12336     2.89712
     0.63838     0.76972     0.00004
    -0.76972     0.63838     0.00084
     0.00062    -0.00057     1.00000
           0           1           1           3
     1.59463    -2.12206    -2.79488
     0.63837     0.76973     0.00004
    -0.76973     0.63837     0.00084
     0.00062    -0.00057     1.00000
           0           1           1           4
     1.58953    -2.12076    -8.48688
     0.63836     0.76974     0.00004
    -0.76974     0.63836     0.00084
     0.00062    -0.00057     1.00000
           0           1           2           1
     2.37510    -1.18405     8.59108
     0.22404     0.97458     0.00007
    -0.97458     0.22404     0.00093
     0.00089    -0.00028     1.00000
           0           1           2           2
     2.37000    -1.18272     2.89910
     0.22402     0.97458     0.00007
    -0.97458     0.22402     0.00093
     0.00089    -0.00028     1.00000
           0           1           2           3
     2.36489    -1.18139    -2.79291
     0.22398     0.97459     0.00007
    -0.97459     0.22398     0.00093
     0.00089    -0.00028     1.00000
           0           1           2           4
     2.35979    -1.18006    -8.48490
     0.22396     0.97460     0.00007
    -0.97460     0.22396     0.00093
     0.00089    -0.00028     1.00000
           0           1           3           1
     2.64246    -0.00005     8.59170
    -0.23726     0.97145     0.00009
    -0.97145    -0.23726     0.00082
     0.00082     0.00011     1.00000
           0           1           3           2
     2.63733     0.00130     2.89969
    -0.23728     0.97144     0.00009
    -0.97144    -0.23728     0.00082
     0.00082     0.00011     1.00000
           0           1           3           3
     2.63219     0.00264    -2.79230
    -0.23731     0.97143     0.00009
    -0.97143    -0.23731     0.00082
     0.00082     0.00011     1.00000
           0           1           3           4
     2.62706     0.00398    -8.48431
    -0.23734     0.97143     0.00009
    -0.97143    -0.23734     0.00082
     0.00082     0.00011     1.00000
           0           1           4           1
     2.34449     1.17651     8.59764
    -0.64807     0.76158     0.00009
    -0.76158    -0.64807     0.00054
     0.00047     0.00028     1.00000
           0           1           4           2
     2.33935     1.17784     2.90565
    -0.64808     0.76157     0.00009
    -0.76157    -0.64808     0.00054
     0.00047     0.00028     1.00000
           0           1           4           3
     2.33419     1.17916    -2.78636
    -0.64810     0.76156     0.00009
    -0.76156    -0.64810     0.00054
     0.00047     0.00028     1.00000
           0           1           4           4
     2.32903     1.18048    -8.47834
    -0.64811     0.76155     0.00009
    -0.76155    -0.64811     0.00054
     0.00047     0.00028     1.00000
           0           1           5           1
     1.55147     2.09989     8.59190
    -0.92153     0.38832     0.00007
    -0.38832    -0.92153     0.00014
     0.00012     0.00010     1.00000
           0           1           5           2
     1.54630     2.10118     2.89991
    -0.92153     0.38831     0.00007
    -0.38831    -0.92153     0.00014
     0.00012     0.00010     1.00000
           0           1           5           3
     1.54114     2.10247    -2.79209
    -0.92153     0.38830     0.00007
    -0.38830    -0.92153     0.00014
     0.00012     0.00010     1.00000
           0           1           5           4
     1.53597     2.10377    -8.48410
    -0.92154     0.38829     0.00007
    -0.38829    -0.92154     0.00014
     0.00012     0.00010     1.00000
           0           1           6           1
    -1.55804     2.07403    -8.58775
     0.92078     0.39009    -0.00028
     0.39009    -0.92078    -0.00128
    -0.00076     0.00107    -1.00000
           0           1           6           2
    -1.55081     2.06918    -2.89575
     0.92079     0.39007    -0.00028
     0.39007    -0.92079    -0.00128
    -0.00076     0.00107    -1.00000
           0           1           6           3
    -1.54360     2.06432     2.79624
     0.92080     0.39004    -0.00028
     0.39004    -0.92080    -0.00128
    -0.00076     0.00107    -1.00000
           0           1           6           4
    -1.53638     2.05947     8.48824
     0.92081     0.39001    -0.00028
     0.39001    -0.92081    -0.00128
    -0.00076     0.00107    -1.00000
           0           1           7           1
    -2.33132     1.15599    -8.59315
     0.64792     0.76171    -0.00019
     0.76171    -0.64792    -0.00151
    -0.00128     0.00084    -1.00000
           0           1           7           2
    -2.32410     1.15119    -2.90116
     0.64794     0.76169    -0.00019
     0.76169    -0.64794    -0.00151
    -0.00128     0.00084    -1.00000
           0           1           7           3
    -2.31689     1.14639     2.79083
     0.64797     0.76166    -0.00019
     0.76166    -0.64797    -0.00151
    -0.00127     0.00084    -1.00000
           0           1           7           4
    -2.30968     1.14159     8.48282
     0.64799     0.76165    -0.00019
     0.76165    -0.64799    -0.00151
    -0.00127     0.00084    -1.00000
           0           1           8           1
    -2.62302    -0.00777    -8.60054
     0.23653     0.97162    -0.00005
     0.97162    -0.23653    -0.00142
    -0.00139     0.00028    -1.00000
           0           1           8           2
    -2.61586    -0.01254    -2.90856
     0.23656     0.97162    -0.00005
     0.97162    -0.23656    -0.00142
    -0.00139     0.00028    -1.00000
           0           1           8           3
    -2.60869    -0.01731     2.78344
     0.23659     0.97161    -0.00005
     0.97161    -0.23659    -0.00142
    -0.00139     0.00028    -1.00000
           0           1           8           4
    -2.60154    -0.02208     8.47543
     0.23661     0.97161    -0.00005
     0.97160    -0.23661    -0.00142
    -0.00139     0.00028    -1.00000
           0           1           9           1
    -2.36084    -1.18538    -8.59629
    -0.22740     0.97380     0.00009
     0.97380     0.22740    -0.00103
    -0.00103    -0.00014    -1.00000
           0           1           9           2
    -2.35371    -1.19017    -2.90429
    -0.22739     0.97380     0.00009
     0.97380     0.22739    -0.00103
    -0.00103    -0.00014    -1.00000
           0           1           9           3
    -2.34660    -1.19497     2.78769
    -0.22738     0.97381     0.00009
     0.97381     0.22738    -0.00103
    -0.00103    -0.00014    -1.00000
           0           1           9           4
    -2.33945    -1.19976     8.47969
    -0.22737     0.97381     0.00009
     0.97381     0.22737    -0.00103
    -0.00103    -0.00014    -1.00000
           0           1          10           1
    -1.60288    -2.11392    -8.60114
    -0.63947     0.76882     0.00022
     0.76882     0.63947    -0.00042
    -0.00046    -0.00010    -1.00000
           0           1          10           2
    -1.59576    -2.11877    -2.90915
    -0.63947     0.76882     0.00022
     0.76882     0.63947    -0.00042
    -0.00046    -0.00010    -1.00000
           0           1          10           3
    -1.58865    -2.12364     2.78284
    -0.63948     0.76881     0.00022
     0.76881     0.63948    -0.00042
    -0.00046    -0.00010    -1.00000
           0           1          10           4
    -1.58154    -2.12850     8.47483
    -0.63948     0.76881     0.00022
     0.76881     0.63948    -0.00042
    -0.00046    -0.00010    -1.00000
           0           2           1           1
     2.52713    -4.56648     8.59715
     0.74557     0.66642     0.00002
    -0.66642     0.74557     0.00078
     0.00050    -0.00060     1.00000
           0           2           1           2
     2.52201    -4.56514     2.90515
     0.74557     0.66643     0.00002
    -0.66643     0.74557     0.00078
     0.00050    -0.00060     1.00000
           0           2           1           3
     2.51688    -4.56381    -2.78684
     0.74557     0.66643     0.00002
    -0.66643     0.74557     0.00078
     0.00050    -0.00060     1.00000
           0           2           1           4
     2.51177    -4.56249    -8.47885
     0.74556     0.66643     0.00002
    -0.66643     0.74556     0.00078
     0.00050    -0.00060     1.00000
           0           2           2           1
     3.52730    -3.85090     8.60556
     0.56811     0.82295     0.00004
    -0.82295     0.56811     0.00088
     0.00070    -0.00054     1.00000
           0           2           2           2
     3.52218    -3.84956     2.91357
     0.56811     0.82295     0.00004
    -0.82295     0.56811     0.00088
     0.00070    -0.00054     1.00000
           0           2           2           3
     3.51706    -3.84822    -2.77843
     0.56812     0.82295     0.00004
    -0.82295     0.56812     0.00088
     0.00070    -0.00054     1.00000
           0           2           2           4
     3.51193    -3.84690    -8.47043
     0.56812     0.82295     0.00004
    -0.82295     0.56812     0.00088
     0.00070    -0.00054     1.00000
           0           2           3           1
     4.33998    -2.91795     8.59969
     0.35766     0.93385     0.00006
    -0.93385     0.35766     0.00093
     0.00084    -0.00039     1.00000
           0           2           3           2
     4.33486    -2.91661     2.90769
     0.35766     0.93385     0.00006
    -0.93385     0.35766     0.00093
     0.00084    -0.00039     1.00000
           0           2           3           3
     4.32972    -2.91529    -2.78431
     0.35765     0.93386     0.00006
    -0.93386     0.35765     0.00093
     0.00084    -0.00039     1.00000
           0           2           3           4
     4.32460    -2.91395    -8.47631
     0.35765     0.93386     0.00006
    -0.93386     0.35765     0.00093
     0.00084    -0.00039     1.00000
           0           2           4           1
     4.89569    -1.81988     8.60328
     0.12821     0.99175     0.00007
    -0.99175     0.12821     0.00092
     0.00090    -0.00019     1.00000
           0           2           4           2
     4.89057    -1.81854     2.91128
     0.12821     0.99175     0.00007
    -0.99175     0.12821     0.00092
     0.00090    -0.00019     1.00000
           0           2           4           3
     4.88544    -1.81720    -2.78071
     0.12820     0.99175     0.00007
    -0.99175     0.12820     0.00092
     0.00090    -0.00019     1.00000
           0           2           4           4
     4.88032    -1.81586    -8.47271
     0.12821     0.99175     0.00007
    -0.99175     0.12821     0.00092
     0.00090    -0.00019     1.00000
           0           2           5           1
     5.19437    -0.61743     8.60297
    -0.10994     0.99394     0.00008
    -0.99394    -0.10994     0.00087
     0.00087     0.00001     1.00000
           0           2           5           2
     5.18925    -0.61608     2.91097
    -0.10994     0.99394     0.00008
    -0.99394    -0.10994     0.00087
     0.00087     0.00001     1.00000
           0           2           5           3
     5.18412    -0.61474    -2.78103
    -0.10994     0.99394     0.00008
    -0.99394    -0.10994     0.00087
     0.00087     0.00001     1.00000
           0           2           5           4
     5.17900    -0.61340    -8.47303
    -0.10994     0.99394     0.00008
    -0.99394    -0.10994     0.00087
     0.00087     0.00001     1.00000
           0           2           6           1
     5.18560     0.61336     8.60646
    -0.34028     0.94032     0.00009
    -0.94032    -0.34028     0.00077
     0.00075     0.00018     1.00000
           0           2           6           2
     5.18047     0.61471     2.91446
    -0.34028     0.94032     0.00009
    -0.94032    -0.34028     0.00077
     0.00075     0.00018     1.00000
           0           2           6           3
     5.17535     0.61605    -2.77754
    -0.34029     0.94032     0.00009
    -0.94032    -0.34029     0.00077
     0.00075     0.00018     1.00000
           0           2           6           4
     5.17023     0.61740    -8.46954
    -0.34029     0.94032     0.00009
    -0.94032    -0.34029     0.00077
     0.00075     0.00018     1.00000
           0           2           7           1
     4.89052     1.81366     8.60297
    -0.55259     0.83346     0.00009
    -0.83346    -0.55259     0.00062
     0.00056     0.00027     1.00000
           0           2           7           2
     4.88539     1.81501     2.91098
    -0.55259     0.83345     0.00009
    -0.83345    -0.55259     0.00062
     0.00056     0.00027     1.00000
           0           2           7           3
     4.88026     1.81635    -2.78102
    -0.55259     0.83345     0.00009
    -0.83345    -0.55259     0.00062
     0.00056     0.00027     1.00000
           0           2           7           4
     4.87514     1.81769    -8.47302
    -0.55259     0.83345     0.00009
    -0.83345    -0.55259     0.00062
     0.00056     0.00027     1.00000
           0           2           8           1
     4.31752     2.90056     8.60422
    -0.73288     0.68036     0.00008
    -0.68036    -0.73288     0.00044
     0.00036     0.00026     1.00000
           0           2           8           2
     4.31240     2.90191     2.91222
    -0.73288     0.68036     0.00008
    -0.68036    -0.73288     0.00044
     0.00036     0.00026     1.00000
           0           2           8           3
     4.30726     2.90324    -2.77978
    -0.73288     0.68036     0.00008
    -0.68036    -0.73288     0.00044
     0.00036     0.00026     1.00000
           0           2           8           4
     4.30214     2.90458    -8.47177
    -0.73288     0.68036     0.00008
    -0.68036    -0.73288     0.00044
     0.00036     0.00026     1.00000
           0           2           9           1
     3.51413     3.84286     8.59986
    -0.87306     0.48762     0.00007
    -0.48762    -0.87306     0.00024
     0.00018     0.00017     1.00000
           0           2           9           2
     3.50899     3.84419     2.90786
    -0.87306     0.48762     0.00007
    -0.48762    -0.87306     0.00024
     0.00018     0.00017     1.00000
           0           2           9           3
     3.50385     3.84554    -2.78414
    -0.87306     0.48762     0.00007
    -0.48762    -0.87306     0.00024
     0.00018     0.00017     1.00000
           0           2           9           4
     3.49872     3.84688    -8.47614
    -0.87306     0.48762     0.00007
    -0.48762    -0.87306     0.00024
     0.00018     0.00017     1.00000
           0           2          10           1
     2.50098     4.53671     8.61047
    -0.96315     0.26897     0.00006
    -0.26897    -0.96315     0.00001
     0.00006    -0.00000     1.00000
           0           2          10           2
     2.49587     4.53804     2.91847
    -0.96315     0.26896     0.00006
    -0.26896    -0.96315     0.00001
     0.00006    -0.00000     1.00000
           0           2          10           3
     2.49074     4.53937    -2.77352
    -0.96315     0.26896     0.00006
    -0.26896    -0.96315     0.00001
     0.00006    -0.00000     1.00000
           0           2          10           4
     2.48563     4.54070    -8.46552
    -0.96315     0.26896     0.00006
    -0.26896    -0.96315     0.00001
     0.00006    -0.00000     1.00000
           0           2          11           1
    -2.51274     4.53487    -8.58867
     0.96352     0.26765    -0.00030
     0.26765    -0.96352    -0.00115
    -0.00060     0.00103    -1.00000
           0           2          11           2
    -2.50552     4.53002    -2.89668
     0.96352     0.26765    -0.00030
     0.26765    -0.96352    -0.00115
    -0.00060     0.00103    -1.00000
           0           2          11           3
    -2.49830     4.52519     2.79531
     0.96352     0.26764    -0.00030
     0.26764    -0.96352    -0.00115
    -0.00060     0.00103    -1.00000
           0           2          11           4
    -2.49108     4.52035     8.48731
     0.96352     0.26764    -0.00030
     0.26764    -0.96352    -0.00115
    -0.00060     0.00103    -1.00000
           0           2          12           1
    -3.52143     3.82519    -8.59150
     0.87317     0.48741    -0.00027
     0.48741    -0.87317    -0.00136
    -0.00090     0.00106    -1.00000
           0           2          12           2
    -3.51421     3.82036    -2.89951
     0.87317     0.48741    -0.00027
     0.48741    -0.87317    -0.00136
    -0.00090     0.00106    -1.00000
           0           2          12           3
    -3.50699     3.81553     2.79248
     0.87317     0.48741    -0.00027
     0.48741    -0.87317    -0.00136
    -0.00090     0.00106    -1.00000
           0           2          12           4
    -3.49977     3.81070     8.48446
     0.87317     0.48741    -0.00027
     0.48741    -0.87317    -0.00136
    -0.00090     0.00106    -1.00000
           0           2          13           1
    -4.31730     2.88842    -8.59500
     0.73390     0.67926    -0.00022
     0.67926    -0.73390    -0.00148
    -0.00116     0.00094    -1.00000
           0           2          13           2
    -4.31008     2.88359    -2.90298
     0.73390     0.67926    -0.00022
     0.67926    -0.73390    -0.00148
    -0.00116     0.00094    -1.00000
           0           2          13           3
    -4.30287     2.87876     2.78902
     0.73390     0.67926    -0.00022
     0.67926    -0.73390    -0.00148
    -0.00116     0.00094    -1.00000
           0           2          13           4
    -4.29565     2.87393     8.48099
     0.73391     0.67925    -0.00022
     0.67925    -0.73391    -0.00148
    -0.00116     0.00094    -1.00000
           0           2          14           1
    -4.88290     1.80380    -8.59164
     0.55410     0.83245    -0.00016
     0.83245    -0.55410    -0.00152
    -0.00136     0.00071    -1.00000
           0           2          14           2
    -4.87568     1.79898    -2.89966
     0.55410     0.83245    -0.00016
     0.83245    -0.55410    -0.00152
    -0.00136     0.00071    -1.00000
           0           2          14           3
    -4.86847     1.79416     2.79234
     0.55411     0.83244    -0.00016
     0.83244    -0.55411    -0.00152
    -0.00136     0.00071    -1.00000
           0           2          14           4
    -4.86126     1.78934     8.48432
     0.55411     0.83244    -0.00016
     0.83244    -0.55411    -0.00152
    -0.00136     0.00071    -1.00000
           0           2          15           1
    -5.18354     0.60720    -8.59359
     0.34164     0.93983    -0.00009
     0.93983    -0.34164    -0.00148
    -0.00142     0.00042    -1.00000
           0           2          15           2
    -5.17632     0.60238    -2.90160
     0.34164     0.93983    -0.00009
     0.93983    -0.34164    -0.00148
    -0.00142     0.00042    -1.00000
           0           2          15           3
    -5.16912     0.59756     2.79039
     0.34164     0.93983    -0.00009
     0.93983    -0.34164    -0.00148
    -0.00142     0.00042    -1.00000
           0           2          15           4
    -5.16191     0.59273     8.48239
     0.34166     0.93982    -0.00009
     0.93982    -0.34166    -0.00148
    -0.00142     0.00042    -1.00000
           0           2          16           1
    -5.17441    -0.62630    -8.59000
     0.10971     0.99396    -0.00001
     0.99396    -0.10971    -0.00136
    -0.00135     0.00014    -1.00000
           0           2          16           2
    -5.16720    -0.63111    -2.89800
     0.10971     0.99396    -0.00001
     0.99396    -0.10971    -0.00136
    -0.00135     0.00014    -1.00000
           0           2          16           3
    -5.16000    -0.63592     2.79399
     0.10972     0.99396    -0.00001
     0.99396    -0.10972    -0.00136
    -0.00135     0.00014    -1.00000
           0           2          16           4
    -5.15279    -0.64073     8.48598
     0.10972     0.99396    -0.00001
     0.99396    -0.10972    -0.00136
    -0.00135     0.00014    -1.00000
           0           2          17           1
    -4.89103    -1.82327    -8.59514
    -0.12797     0.99178     0.00006
     0.99178     0.12797    -0.00115
    -0.00115    -0.00009    -1.00000
           0           2          17           2
    -4.88382    -1.82809    -2.90315
    -0.12796     0.99178     0.00006
     0.99178     0.12796    -0.00115
    -0.00115    -0.00009    -1.00000
           0           2          17           3
    -4.87663    -1.83290     2.78885
    -0.12797     0.99178     0.00006
     0.99178     0.12797    -0.00115
    -0.00115    -0.00009    -1.00000
           0           2          17           4
    -4.86942    -1.83772     8.48083
    -0.12797     0.99178     0.00006
     0.99178     0.12797    -0.00115
    -0.00115    -0.00009    -1.00000
           0           2          18           1
    -4.33399    -2.91792    -8.59791
    -0.35793     0.93375     0.00013
     0.93375     0.35793    -0.00088
    -0.00087    -0.00019    -1.00000
           0           2          18           2
    -4.32679    -2.92275    -2.90592
    -0.35793     0.93375     0.00013
     0.93375     0.35793    -0.00088
    -0.00087    -0.00019    -1.00000
           0           2          18           3
    -4.31959    -2.92757     2.78608
    -0.35793     0.93375     0.00013
     0.93375     0.35793    -0.00088
    -0.00087    -0.00019    -1.00000
           0           2          18           4
    -4.31239    -2.93240     8.47808
    -0.35793     0.93375     0.00013
     0.93375     0.35793    -0.00088
    -0.00087    -0.00019    -1.00000
           0           2          19           1
    -3.53027    -3.84633    -8.59734
    -0.56769     0.82324     0.00020
     0.82324     0.56769    -0.00056
    -0.00057    -0.00015    -1.00000
           0           2          19           2
    -3.52308    -3.85116    -2.90534
    -0.56769     0.82324     0.00020
     0.82324     0.56769    -0.00056
    -0.00057    -0.00015    -1.00000
           0           2          19           3
    -3.51589    -3.85599     2.78665
    -0.56769     0.82324     0.00020
     0.82324     0.56769    -0.00056
    -0.00057    -0.00015    -1.00000
           0           2          19           4
    -3.50870    -3.86081     8.47864
    -0.56769     0.82324     0.00020
     0.82324     0.56769    -0.00056
    -0.00057    -0.00015    -1.00000
           0           2          20           1
    -2.53861    -4.56982    -8.60106
    -0.74536     0.66666     0.00025
     0.66666     0.74536    -0.00021
    -0.00033     0.00001    -1.00000
           0           2          20           2
    -2.53140    -4.57467    -2.90907
    -0.74536     0.66666     0.00025
     0.66666     0.74536    -0.00021
    -0.00033     0.00001    -1.00000
           0           2          20           3
    -2.52421    -4.57952     2.78293
    -0.74537     0.66665     0.00025
     0.66665     0.74537    -0.00021
    -0.00033     0.00001    -1.00000
           0           2          20           4
    -2.51700    -4.58435     8.47492
    -0.74537     0.66665     0.00025
     0.66665     0.74537    -0.00021
    -0.00033     0.00001    -1.00000
           0           3           1           1
     5.64957   -10.34194    12.79976
    -0.87820    -0.47830    -0.00000
    -0.47830     0.87820     0.00064
    -0.00030     0.00056    -1.00000
           0           3           1           2
     5.64382   -10.34044     6.42437
    -0.87820    -0.47829    -0.00000
    -0.47829     0.87820     0.00064
    -0.00030     0.00056    -1.00000
           0           3           1           3
     5.63808   -10.33895     0.04897
    -0.87820    -0.47829    -0.00000
    -0.47829     0.87820     0.00064
    -0.00030     0.00056    -1.00000
           0           3           1           4
     5.63234   -10.33744    -6.32642
    -0.87820    -0.47829    -0.00000
    -0.47829     0.87820     0.00064
    -0.00030     0.00056    -1.00000
           0           3           1           5
     5.62660   -10.33594   -12.70182
    -0.87820    -0.47829    -0.00000
    -0.47829     0.87820     0.00064
    -0.00030     0.00056    -1.00000
           0           3           2           1
     7.57302    -7.14752    12.79380
    -0.68736    -0.72631    -0.00003
    -0.72631     0.68736     0.00081
    -0.00057     0.00058    -1.00000
           0           3           2           2
     7.56727    -7.14602     6.41841
    -0.68736    -0.72631    -0.00003
    -0.72631     0.68736     0.00081
    -0.00057     0.00058    -1.00000
           0           3           2           3
     7.56152    -7.14453     0.04301
    -0.68736    -0.72631    -0.00003
    -0.72631     0.68736     0.00081
    -0.00057     0.00058    -1.00000
           0           3           2           4
     7.55578    -7.14302    -6.33239
    -0.68736    -0.72631    -0.00003
    -0.72631     0.68736     0.00081
    -0.00057     0.00058    -1.00000
           0           3           2           5
     7.55004    -7.14151   -12.70779
    -0.68736    -0.72631    -0.00003
    -0.72631     0.68736     0.00081
    -0.00057     0.00058    -1.00000
           0           3           3           1
    11.55343    -5.66406    12.80764
    -0.44103    -0.89749    -0.00005
    -0.89749     0.44103     0.00091
    -0.00079     0.00045    -1.00000
           0           3           3           2
    11.54769    -5.66256     6.43224
    -0.44103    -0.89749    -0.00005
    -0.89749     0.44103     0.00091
    -0.00079     0.00045    -1.00000
           0           3           3           3
    11.54193    -5.66106     0.05684
    -0.44103    -0.89749    -0.00005
    -0.89749     0.44103     0.00091
    -0.00079     0.00045    -1.00000
           0           3           3           4
    11.53620    -5.65955    -6.31855
    -0.44103    -0.89749    -0.00005
    -0.89749     0.44103     0.00091
    -0.00079     0.00045    -1.00000
           0           3           3           5
    11.53046    -5.65805   -12.69395
    -0.44103    -0.89749    -0.00005
    -0.89749     0.44103     0.00091
    -0.00079     0.00045    -1.00000
           0           3           4           1
    11.59656    -2.06044    12.80274
    -0.17569    -0.98445    -0.00007
    -0.98445     0.17569     0.00092
    -0.00090     0.00023    -1.00000
           0           3           4           2
    11.59082    -2.05894     6.42734
    -0.17569    -0.98445    -0.00007
    -0.98445     0.17569     0.00092
    -0.00090     0.00023    -1.00000
           0           3           4           3
    11.58508    -2.05744     0.05195
    -0.17569    -0.98445    -0.00007
    -0.98445     0.17569     0.00092
    -0.00090     0.00023    -1.00000
           0           3           4           4
    11.57933    -2.05593    -6.32345
    -0.17569    -0.98445    -0.00007
    -0.98445     0.17569     0.00092
    -0.00090     0.00023    -1.00000
           0           3           4           5
    11.57361    -2.05443   -12.69885
    -0.17569    -0.98445    -0.00007
    -0.98445     0.17569     0.00092
    -0.00090     0.00023    -1.00000
           0           3           5           1
    10.28831     1.42424    12.80077
     0.13667    -0.99062    -0.00009
    -0.99062    -0.13667     0.00086
    -0.00086    -0.00003    -1.00000
           0           3           5           2
    10.28257     1.42573     6.42538
     0.13666    -0.99062    -0.00009
    -0.99062    -0.13666     0.00086
    -0.00086    -0.00003    -1.00000
           0           3           5           3
    10.27683     1.42723     0.04998
     0.13666    -0.99062    -0.00009
    -0.99062    -0.13666     0.00086
    -0.00086    -0.00003    -1.00000
           0           3           5           4
    10.27109     1.42874    -6.32542
     0.13666    -0.99062    -0.00009
    -0.99062    -0.13666     0.00086
    -0.00086    -0.00003    -1.00000
           0           3           5           5
    10.26536     1.43024   -12.70081
     0.13666    -0.99062    -0.00009
    -0.99062    -0.13666     0.00086
    -0.00086    -0.00003    -1.00000
           0           3           6           1
    11.65999     5.43936    12.80426
     0.42273    -0.90625    -0.00009
    -0.90625    -0.42273     0.00071
    -0.00068    -0.00022    -1.00000
           0           3           6           2
    11.65425     5.44087     6.42886
     0.42273    -0.90625    -0.00009
    -0.90625    -0.42273     0.00071
    -0.00068    -0.00022    -1.00000
           0           3           6           3
    11.64851     5.44237     0.05346
     0.42273    -0.90625    -0.00009
    -0.90625    -0.42273     0.00071
    -0.00068    -0.00022    -1.00000
           0           3           6           4
    11.64277     5.44388    -6.32193
     0.42273    -0.90625    -0.00009
    -0.90625    -0.42273     0.00071
    -0.00068    -0.00022    -1.00000
           0           3           6           5
    11.63705     5.44538   -12.69733
     0.42273    -0.90625    -0.00009
    -0.90625    -0.42273     0.00071
    -0.00068    -0.00022    -1.00000
           0           3           7           1
     8.87570     7.73334    12.80810
     0.65717    -0.75374    -0.00009
    -0.75374    -0.65717     0.00053
    -0.00045    -0.00028    -1.00000
           0           3           7           2
     8.86996     7.73484     6.43270
     0.65717    -0.75374    -0.00009
    -0.75374    -0.65717     0.00053
    -0.00045    -0.00028    -1.00000
           0           3           7           3
     8.86422     7.73634     0.05731
     0.65717    -0.75374    -0.00009
    -0.75374    -0.65717     0.00053
    -0.00045    -0.00028    -1.00000
           0           3           7           4
     8.85850     7.73785    -6.31809
     0.65717    -0.75374    -0.00009
    -0.75374    -0.65717     0.00053
    -0.00045    -0.00028    -1.00000
           0           3           7           5
     8.85276     7.73935   -12.69349
     0.65717    -0.75374    -0.00009
    -0.75374    -0.65717     0.00053
    -0.00045    -0.00028    -1.00000
           0           3           8           1
     5.32493     8.90394    12.81672
     0.85863    -0.51259    -0.00008
    -0.51259    -0.85863     0.00026
    -0.00020    -0.00019    -1.00000
           0           3           8           2
     5.31921     8.90544     6.44132
     0.85863    -0.51259    -0.00008
    -0.51259    -0.85863     0.00026
    -0.00020    -0.00019    -1.00000
           0           3           8           3
     5.31347     8.90692     0.06592
     0.85863    -0.51259    -0.00008
    -0.51259    -0.85863     0.00026
    -0.00020    -0.00019    -1.00000
           0           3           8           4
     5.30774     8.90842    -6.30947
     0.85863    -0.51259    -0.00008
    -0.51259    -0.85863     0.00026
    -0.00020    -0.00019    -1.00000
           0           3           8           5
     5.30202     8.90991   -12.68487
     0.85863    -0.51259    -0.00008
    -0.51259    -0.85863     0.00026
    -0.00020    -0.00019    -1.00000
           0           3           9           1
    -5.34559     8.90565   -12.80300
    -0.85812    -0.51344     0.00026
     0.51344    -0.85812    -0.00138
     0.00093    -0.00105     1.00000
           0           3           9           2
    -5.33753     8.90025    -6.42761
    -0.85812    -0.51344     0.00026
     0.51344    -0.85812    -0.00138
     0.00093    -0.00105     1.00000
           0           3           9           3
    -5.32945     8.89482    -0.05221
    -0.85812    -0.51344     0.00026
     0.51344    -0.85812    -0.00138
     0.00093    -0.00105     1.00000
           0           3           9           4
    -5.32137     8.88942     6.32317
    -0.85812    -0.51344     0.00026
     0.51344    -0.85812    -0.00138
     0.00093    -0.00105     1.00000
           0           3           9           5
    -5.31330     8.88399    12.69857
    -0.85812    -0.51344     0.00026
     0.51344    -0.85812    -0.00138
     0.00093    -0.00105     1.00000
           0           3          10           1
    -8.89069     7.73962   -12.79021
    -0.65686    -0.75402     0.00019
     0.75401    -0.65686    -0.00151
     0.00127    -0.00085     1.00000
           0           3          10           2
    -8.88262     7.73422    -6.41482
    -0.65686    -0.75402     0.00019
     0.75401    -0.65686    -0.00151
     0.00127    -0.00085     1.00000
           0           3          10           3
    -8.87453     7.72880    -0.03942
    -0.65686    -0.75402     0.00019
     0.75401    -0.65686    -0.00151
     0.00127    -0.00085     1.00000
           0           3          10           4
    -8.86644     7.72340     6.33597
    -0.65686    -0.75402     0.00019
     0.75401    -0.65686    -0.00151
     0.00127    -0.00085     1.00000
           0           3          10           5
    -8.85837     7.71798    12.71136
    -0.65686    -0.75402     0.00019
     0.75401    -0.65686    -0.00151
     0.00127    -0.00085     1.00000
           0           3          11           1
   -11.69495     5.47409   -12.79010
    -0.42354    -0.90588     0.00011
     0.90588    -0.42354    -0.00150
     0.00141    -0.00053     1.00000
           0           3          11           2
   -11.68688     5.46869    -6.41470
    -0.42354    -0.90588     0.00011
     0.90588    -0.42354    -0.00150
     0.00141    -0.00053     1.00000
           0           3          11           3
   -11.67880     5.46327    -0.03931
    -0.42354    -0.90588     0.00011
     0.90588    -0.42354    -0.00150
     0.00141    -0.00053     1.00000
           0           3          11           4
   -11.67072     5.45786     6.33608
    -0.42354    -0.90588     0.00011
     0.90588    -0.42354    -0.00150
     0.00141    -0.00053     1.00000
           0           3          11           5
   -11.66264     5.45244    12.71147
    -0.42354    -0.90588     0.00011
     0.90588    -0.42354    -0.00150
     0.00141    -0.00053     1.00000
           0           3          12           1
   -10.30750     1.43082   -12.79651
    -0.13603    -0.99070     0.00002
     0.99070    -0.13603    -0.00138
     0.00137    -0.00017     1.00000
           0           3          12           2
   -10.29941     1.42543    -6.42111
    -0.13603    -0.99070     0.00002
     0.99070    -0.13603    -0.00138
     0.00137    -0.00017     1.00000
           0           3          12           3
   -10.29132     1.42001    -0.04573
    -0.13603    -0.99070     0.00002
     0.99070    -0.13603    -0.00138
     0.00137    -0.00017     1.00000
           0           3          12           4
   -10.28323     1.41462     6.32967
    -0.13603    -0.99070     0.00002
     0.99070    -0.13603    -0.00138
     0.00137    -0.00017     1.00000
           0           3          12           5
   -10.27515     1.40920    12.70506
    -0.13603    -0.99070     0.00002
     0.99070    -0.13603    -0.00138
     0.00137    -0.00017     1.00000
           0           3          13           1
   -11.58077    -2.06493   -12.79457
     0.17758    -0.98411    -0.00008
     0.98411     0.17758    -0.00110
     0.00109     0.00012     1.00000
           0           3          13           2
   -11.57268    -2.07032    -6.41919
     0.17758    -0.98411    -0.00008
     0.98411     0.17758    -0.00110
     0.00109     0.00012     1.00000
           0           3          13           3
   -11.56458    -2.07572    -0.04379
     0.17758    -0.98411    -0.00008
     0.98411     0.17758    -0.00110
     0.00109     0.00012     1.00000
           0           3          13           4
   -11.55649    -2.08111     6.33160
     0.17758    -0.98411    -0.00008
     0.98411     0.17758    -0.00110
     0.00109     0.00012     1.00000
           0           3          13           5
   -11.54840    -2.08650    12.70700
     0.17758    -0.98411    -0.00008
     0.98411     0.17758    -0.00110
     0.00109     0.00012     1.00000
           0           3          14           1
   -11.55489    -5.66400   -12.80437
     0.44226    -0.89689    -0.00016
     0.89689     0.44226    -0.00076
     0.00075     0.00020     1.00000
           0           3          14           2
   -11.54681    -5.66941    -6.42898
     0.44226    -0.89689    -0.00016
     0.89689     0.44226    -0.00076
     0.00075     0.00020     1.00000
           0           3          14           3
   -11.53872    -5.67482    -0.05358
     0.44226    -0.89689    -0.00016
     0.89689     0.44226    -0.00076
     0.00075     0.00020     1.00000
           0           3          14           4
   -11.53063    -5.68023     6.32180
     0.44226    -0.89689    -0.00016
     0.89689     0.44226    -0.00076
     0.00075     0.00020     1.00000
           0           3          14           5
   -11.52254    -5.68565    12.69720
     0.44226    -0.89689    -0.00016
     0.89689     0.44226    -0.00076
     0.00075     0.00020     1.00000
           0           3          15           1
    -7.53342    -7.10238   -12.80099
     0.68837    -0.72536    -0.00023
     0.72536     0.68837    -0.00033
     0.00040     0.00006     1.00000
           0           3          15           2
    -7.52535    -7.10776    -6.42559
     0.68837    -0.72536    -0.00023
     0.72536     0.68837    -0.00033
     0.00040     0.00006     1.00000
           0           3          15           3
    -7.51728    -7.11313    -0.05020
     0.68837    -0.72536    -0.00023
     0.72536     0.68837    -0.00033
     0.00040     0.00006     1.00000
           0           3          15           4
    -7.50921    -7.11851     6.32520
     0.68837    -0.72536    -0.00023
     0.72536     0.68837    -0.00033
     0.00040     0.00006     1.00000
           0           3          15           5
    -7.50112    -7.12388    12.70058
     0.68837    -0.72536    -0.00023
     0.72536     0.68837    -0.00033
     0.00040     0.00006     1.00000
           0           3          16           1
    -5.66184   -10.34097   -12.80865
     0.87855    -0.47766    -0.00029
     0.47766     0.87855     0.00014
     0.00019    -0.00026     1.00000
           0           3          16           2
    -5.65373   -10.34638    -6.43327
     0.87855    -0.47766    -0.00029
     0.47766     0.87855     0.00014
     0.00019    -0.00026     1.00000
           0           3          16           3
    -5.64563   -10.35178    -0.05787
     0.87855    -0.47766    -0.00029
     0.47766     0.87855     0.00014
     0.00019    -0.00026     1.00000
           0           3          16           4
    -5.63754   -10.35719     6.31752
     0.87855    -0.47766    -0.00029
     0.47766     0.87855     0.00014
     0.00019    -0.00026     1.00000
           0           3          16           5
    -5.62943   -10.36261    12.69292
     0.87855    -0.47766    -0.00029
     0.47766     0.87855     0.00014
     0.00019    -0.00026     1.00000
           0           4           1           1
     6.51714   -14.07138   -15.89158
     0.90744     0.42017    -0.00000
    -0.42017     0.90744     0.00059
     0.00025    -0.00053     1.00000
           0           4           1           2
     6.52287   -14.07289    -9.51618
     0.90744     0.42017    -0.00000
    -0.42017     0.90744     0.00059
     0.00025    -0.00053     1.00000
           0           4           1           3
     6.52861   -14.07440    -3.14078
     0.90744     0.42017    -0.00000
    -0.42017     0.90744     0.00059
     0.00025    -0.00053     1.00000
           0           4           1           4
     6.53434   -14.07590     3.23462
     0.90744     0.42017    -0.00000
    -0.42017     0.90744     0.00059
     0.00025    -0.00053     1.00000
           0           4           1           5
     6.54007   -14.07741     9.61001
     0.90744     0.42017    -0.00000
    -0.42017     0.90744     0.00059
     0.00025    -0.00053     1.00000
           0           4           1           6
     6.54581   -14.07892    15.98541
     0.90744     0.42017    -0.00000
    -0.42017     0.90744     0.00059
     0.00025    -0.00053     1.00000
           0           4           2           1
    10.10726   -13.27621   -15.90079
     0.79587     0.60546     0.00002
    -0.60546     0.79587     0.00073
     0.00043    -0.00059     1.00000
           0           4           2           2
    10.11299   -13.27771    -9.52540
     0.79587     0.60546     0.00002
    -0.60546     0.79587     0.00073
     0.00043    -0.00059     1.00000
           0           4           2           3
    10.11875   -13.27922    -3.15000
     0.79587     0.60546     0.00002
    -0.60546     0.79587     0.00073
     0.00043    -0.00059     1.00000
           0           4           2           4
    10.12448   -13.28072     3.22540
     0.79587     0.60546     0.00002
    -0.60546     0.79587     0.00073
     0.00043    -0.00059     1.00000
           0           4           2           5
    10.13022   -13.28223     9.60080
     0.79587     0.60546     0.00002
    -0.60546     0.79587     0.00073
     0.00043    -0.00059     1.00000
           0           4           2           6
    10.13597   -13.28373    15.97619
     0.79587     0.60546     0.00002
    -0.60546     0.79587     0.00073
     0.00043    -0.00059     1.00000
           0           4           3           1
    13.41829   -11.71087   -15.90417
     0.65796     0.75305     0.00003
    -0.75305     0.65796     0.00083
     0.00060    -0.00057     1.00000
           0           4           3           2
    13.42402   -11.71237    -9.52878
     0.65796     0.75305     0.00003
    -0.75305     0.65796     0.00083
     0.00060    -0.00057     1.00000
           0           4           3           3
    13.42976   -11.71388    -3.15338
     0.65796     0.75305     0.00003
    -0.75305     0.65796     0.00083
     0.00060    -0.00057     1.00000
           0           4           3           4
    13.43550   -11.71538     3.22202
     0.65796     0.75305     0.00003
    -0.75305     0.65796     0.00083
     0.00060    -0.00057     1.00000
           0           4           3           5
    13.44123   -11.71690     9.59741
     0.65796     0.75305     0.00003
    -0.75305     0.65796     0.00083
     0.00060    -0.00057     1.00000
           0           4           3           6
    13.44698   -11.71840    15.97281
     0.65796     0.75305     0.00003
    -0.75305     0.65796     0.00083
     0.00060    -0.00057     1.00000
           0           4           4           1
    13.53913    -7.51864   -15.89176
     0.48624     0.87382     0.00005
    -0.87382     0.48624     0.00090
     0.00077    -0.00048     1.00000
           0           4           4           2
    13.54486    -7.52015    -9.51637
     0.48624     0.87382     0.00005
    -0.87382     0.48624     0.00090
     0.00077    -0.00048     1.00000
           0           4           4           3
    13.55059    -7.52167    -3.14097
     0.48624     0.87382     0.00005
    -0.87382     0.48624     0.00090
     0.00077    -0.00048     1.00000
           0           4           4           4
    13.55633    -7.52317     3.23443
     0.48624     0.87382     0.00005
    -0.87382     0.48624     0.00090
     0.00077    -0.00048     1.00000
           0           4           4           5
    13.56206    -7.52468     9.60983
     0.48624     0.87382     0.00005
    -0.87382     0.48624     0.00090
     0.00077    -0.00048     1.00000
           0           4           4           6
    13.56780    -7.52618    15.98522
     0.48624     0.87382     0.00005
    -0.87382     0.48624     0.00090
     0.00077    -0.00048     1.00000
           0           4           5           1
    15.99179    -4.76101   -15.90513
     0.28629     0.95814     0.00007
    -0.95814     0.28629     0.00093
     0.00087    -0.00033     1.00000
           0           4           5           2
    15.99752    -4.76251    -9.52973
     0.28629     0.95814     0.00007
    -0.95814     0.28629     0.00093
     0.00087    -0.00033     1.00000
           0           4           5           3
    16.00326    -4.76402    -3.15433
     0.28629     0.95814     0.00007
    -0.95814     0.28629     0.00093
     0.00087    -0.00033     1.00000
           0           4           5           4
    16.00900    -4.76552     3.22106
     0.28629     0.95814     0.00007
    -0.95814     0.28629     0.00093
     0.00087    -0.00033     1.00000
           0           4           5           5
    16.01473    -4.76704     9.59646
     0.28629     0.95814     0.00007
    -0.95814     0.28629     0.00093
     0.00087    -0.00033     1.00000
           0           4           5           6
    16.02049    -4.76854    15.97186
     0.28628     0.95815     0.00007
    -0.95815     0.28628     0.00093
     0.00087    -0.00033     1.00000
           0           4           6           1
    17.79356    -1.56440   -15.89919
     0.08861     0.99607     0.00008
    -0.99607     0.08861     0.00092
     0.00091    -0.00016     1.00000
           0           4           6           2
    17.79929    -1.56590    -9.52380
     0.08861     0.99607     0.00008
    -0.99607     0.08861     0.00092
     0.00091    -0.00016     1.00000
           0           4           6           3
    17.80503    -1.56741    -3.14840
     0.08861     0.99607     0.00008
    -0.99607     0.08861     0.00092
     0.00091    -0.00016     1.00000
           0           4           6           4
    17.81077    -1.56891     3.22700
     0.08861     0.99607     0.00008
    -0.99607     0.08861     0.00092
     0.00091    -0.00016     1.00000
           0           4           6           5
    17.81650    -1.57042     9.60240
     0.08861     0.99607     0.00008
    -0.99607     0.08861     0.00092
     0.00091    -0.00016     1.00000
           0           4           6           6
    17.82225    -1.57192    15.97779
     0.08861     0.99607     0.00008
    -0.99607     0.08861     0.00092
     0.00091    -0.00016     1.00000
           0           4           7           1
    15.35428     1.88354   -15.90339
    -0.12049     0.99271     0.00008
    -0.99271    -0.12049     0.00087
     0.00087     0.00002     1.00000
           0           4           7           2
    15.36000     1.88205    -9.52800
    -0.12049     0.99271     0.00008
    -0.99271    -0.12049     0.00087
     0.00087     0.00002     1.00000
           0           4           7           3
    15.36575     1.88055    -3.15260
    -0.12049     0.99271     0.00008
    -0.99271    -0.12049     0.00087
     0.00087     0.00002     1.00000
           0           4           7           4
    15.37148     1.87905     3.22280
    -0.12049     0.99271     0.00008
    -0.99271    -0.12049     0.00087
     0.00087     0.00002     1.00000
           0           4           7           5
    15.37722     1.87755     9.59820
    -0.12049     0.99271     0.00008
    -0.99271    -0.12049     0.00087
     0.00087     0.00002     1.00000
           0           4           7           6
    15.38295     1.87606    15.97359
    -0.12049     0.99271     0.00008
    -0.99271    -0.12049     0.00087
     0.00087     0.00002     1.00000
           0           4           8           1
    15.72249     5.55047   -15.91125
    -0.33174     0.94337     0.00009
    -0.94337    -0.33174     0.00077
     0.00076     0.00017     1.00000
           0           4           8           2
    15.72820     5.54897    -9.53586
    -0.33174     0.94337     0.00009
    -0.94337    -0.33174     0.00077
     0.00076     0.00017     1.00000
           0           4           8           3
    15.73395     5.54746    -3.16047
    -0.33174     0.94337     0.00009
    -0.94337    -0.33174     0.00077
     0.00076     0.00017     1.00000
           0           4           8           4
    15.73968     5.54596     3.21493
    -0.33174     0.94337     0.00009
    -0.94337    -0.33174     0.00077
     0.00076     0.00017     1.00000
           0           4           8           5
    15.74542     5.54446     9.59033
    -0.33174     0.94337     0.00009
    -0.94337    -0.33174     0.00077
     0.00076     0.00017     1.00000
           0           4           8           6
    15.75116     5.54296    15.96573
    -0.33174     0.94337     0.00009
    -0.94337    -0.33174     0.00077
     0.00076     0.00017     1.00000
           0           4           9           1
    15.30638     9.21701   -15.89958
    -0.51490     0.85725     0.00009
    -0.85725    -0.51490     0.00065
     0.00061     0.00026     1.00000
           0           4           9           2
    15.31212     9.21551    -9.52418
    -0.51490     0.85725     0.00009
    -0.85725    -0.51490     0.00065
     0.00061     0.00026     1.00000
           0           4           9           3
    15.31787     9.21399    -3.14878
    -0.51490     0.85725     0.00009
    -0.85725    -0.51490     0.00065
     0.00061     0.00026     1.00000
           0           4           9           4
    15.32360     9.21248     3.22662
    -0.51490     0.85725     0.00009
    -0.85725    -0.51490     0.00065
     0.00061     0.00026     1.00000
           0           4           9           5
    15.32934     9.21097     9.60201
    -0.51490     0.85725     0.00009
    -0.85725    -0.51490     0.00065
     0.00061     0.00026     1.00000
           0           4           9           6
    15.33509     9.20945    15.97741
    -0.51490     0.85725     0.00009
    -0.85725    -0.51490     0.00065
     0.00061     0.00026     1.00000
           0           4          10           1
    11.32988    10.57946   -15.90662
    -0.68159     0.73173     0.00009
    -0.73173    -0.68159     0.00049
     0.00042     0.00027     1.00000
           0           4          10           2
    11.33559    10.57797    -9.53123
    -0.68159     0.73173     0.00009
    -0.73173    -0.68159     0.00049
     0.00042     0.00027     1.00000
           0           4          10           3
    11.34133    10.57647    -3.15584
    -0.68159     0.73173     0.00009
    -0.73173    -0.68159     0.00049
     0.00042     0.00027     1.00000
           0           4          10           4
    11.34705    10.57498     3.21956
    -0.68159     0.73173     0.00009
    -0.73173    -0.68159     0.00049
     0.00042     0.00027     1.00000
           0           4          10           5
    11.35278    10.57347     9.59496
    -0.68159     0.73173     0.00009
    -0.73173    -0.68159     0.00049
     0.00042     0.00027     1.00000
           0           4          10           6
    11.35851    10.57198    15.97036
    -0.68159     0.73173     0.00009
    -0.73173    -0.68159     0.00049
     0.00042     0.00027     1.00000
           0           4          11           1
     9.46020    13.76049   -15.89459
    -0.82348     0.56735     0.00008
    -0.56735    -0.82348     0.00032
     0.00024     0.00022     1.00000
           0           4          11           2
     9.46593    13.75899    -9.51919
    -0.82348     0.56735     0.00008
    -0.56735    -0.82348     0.00032
     0.00024     0.00022     1.00000
           0           4          11           3
     9.47168    13.75748    -3.14379
    -0.82348     0.56735     0.00008
    -0.56735    -0.82348     0.00032
     0.00024     0.00022     1.00000
           0           4          11           4
     9.47741    13.75597     3.23161
    -0.82348     0.56735     0.00008
    -0.56735    -0.82348     0.00032
     0.00024     0.00022     1.00000
           0           4          11           5
     9.48315    13.75446     9.60699
    -0.82348     0.56735     0.00008
    -0.56735    -0.82348     0.00032
     0.00024     0.00022     1.00000
           0           4          11           6
     9.48889    13.75296    15.98239
    -0.82348     0.56735     0.00008
    -0.56735    -0.82348     0.00032
     0.00024     0.00022     1.00000
           0           4          12           1
     6.97252    16.46198   -15.89670
    -0.92050     0.39074     0.00007
    -0.39074    -0.92050     0.00013
     0.00011     0.00009     1.00000
           0           4          12           2
     6.97827    16.46048    -9.52130
    -0.92050     0.39074     0.00007
    -0.39074    -0.92050     0.00013
     0.00011     0.00009     1.00000
           0           4          12           3
     6.98402    16.45895    -3.14590
    -0.92050     0.39074     0.00007
    -0.39074    -0.92050     0.00013
     0.00011     0.00009     1.00000
           0           4          12           4
     6.98976    16.45745     3.22949
    -0.92050     0.39074     0.00007
    -0.39074    -0.92050     0.00013
     0.00011     0.00009     1.00000
           0           4          12           5
     6.99551    16.45593     9.60489
    -0.92050     0.39074     0.00007
    -0.39074    -0.92050     0.00013
     0.00011     0.00009     1.00000
           0           4          12           6
     7.00126    16.45443    15.98029
    -0.92050     0.39074     0.00007
    -0.39074    -0.92050     0.00013
     0.00011     0.00009     1.00000
           0           4          13           1
    -6.98365    16.43293    15.90549
     0.92063     0.39044    -0.00028
     0.39044    -0.92063    -0.00127
    -0.00076     0.00106    -1.00000
           0           4          13           2
    -6.99174    16.43833     9.53009
     0.92063     0.39044    -0.00028
     0.39044    -0.92063    -0.00127
    -0.00076     0.00106    -1.00000
           0           4          13           3
    -6.99983    16.44373     3.15470
     0.92063     0.39044    -0.00028
     0.39044    -0.92063    -0.00127
    -0.00076     0.00106    -1.00000
           0           4          13           4
    -7.00793    16.44914    -3.22070
     0.92063     0.39044    -0.00028
     0.39044    -0.92063    -0.00127
    -0.00076     0.00106    -1.00000
           0           4          13           5
    -7.01602    16.45452    -9.59608
     0.92063     0.39044    -0.00028
     0.39044    -0.92063    -0.00127
    -0.00076     0.00106    -1.00000
           0           4          13           6
    -7.02411    16.45993   -15.97148
     0.92063     0.39044    -0.00028
     0.39044    -0.92063    -0.00127
    -0.00076     0.00106    -1.00000
           0           4          14           1
    -9.45315    13.73935    15.88436
     0.82447     0.56591    -0.00025
     0.56591    -0.82447    -0.00142
    -0.00101     0.00103    -1.00000
           0           4          14           2
    -9.46123    13.74476     9.50896
     0.82447     0.56591    -0.00025
     0.56591    -0.82447    -0.00142
    -0.00101     0.00103    -1.00000
           0           4          14           3
    -9.46932    13.75016     3.13357
     0.82447     0.56591    -0.00025
     0.56591    -0.82447    -0.00142
    -0.00101     0.00103    -1.00000
           0           4          14           4
    -9.47741    13.75558    -3.24182
     0.82447     0.56591    -0.00025
     0.56591    -0.82447    -0.00142
    -0.00101     0.00103    -1.00000
           0           4          14           5
    -9.48549    13.76098    -9.61721
     0.82447     0.56591    -0.00025
     0.56591    -0.82447    -0.00142
    -0.00101     0.00103    -1.00000
           0           4          14           6
    -9.49357    13.76641   -15.99261
     0.82447     0.56591    -0.00025
     0.56591    -0.82447    -0.00142
    -0.00101     0.00103    -1.00000
           0           4          15           1
   -11.34338    10.53567    15.91037
     0.68164     0.73169    -0.00020
     0.73169    -0.68164    -0.00151
    -0.00124     0.00088    -1.00000
           0           4          15           2
   -11.35147    10.54108     9.53498
     0.68164     0.73169    -0.00020
     0.73169    -0.68164    -0.00151
    -0.00124     0.00088    -1.00000
           0           4          15           3
   -11.35955    10.54648     3.15958
     0.68164     0.73168    -0.00020
     0.73168    -0.68164    -0.00151
    -0.00124     0.00088    -1.00000
           0           4          15           4
   -11.36764    10.55190    -3.21581
     0.68164     0.73168    -0.00020
     0.73168    -0.68164    -0.00151
    -0.00124     0.00088    -1.00000
           0           4          15           5
   -11.37572    10.55730    -9.59120
     0.68164     0.73168    -0.00020
     0.73168    -0.68164    -0.00151
    -0.00124     0.00088    -1.00000
           0           4          15           6
   -11.38380    10.56272   -15.96659
     0.68164     0.73168    -0.00020
     0.73168    -0.68164    -0.00151
    -0.00124     0.00088    -1.00000
           0           4          16           1
   -15.33903     9.19821    15.91518
     0.51560     0.85683    -0.00014
     0.85683    -0.51560    -0.00152
    -0.00138     0.00066    -1.00000
           0           4          16           2
   -15.34711     9.20363     9.53979
     0.51560     0.85683    -0.00014
     0.85683    -0.51560    -0.00152
    -0.00138     0.00066    -1.00000
           0           4          16           3
   -15.35519     9.20903     3.16439
     0.51560     0.85683    -0.00014
     0.85683    -0.51560    -0.00152
    -0.00138     0.00066    -1.00000
           0           4          16           4
   -15.36327     9.21446    -3.21099
     0.51559     0.85683    -0.00014
     0.85683    -0.51559    -0.00152
    -0.00138     0.00066    -1.00000
           0           4          16           5
   -15.37136     9.21986    -9.58639
     0.51559     0.85683    -0.00014
     0.85683    -0.51559    -0.00152
    -0.00138     0.00066    -1.00000
           0           4          16           6
   -15.37943     9.22529   -15.96178
     0.51559     0.85683    -0.00014
     0.85683    -0.51559    -0.00152
    -0.00138     0.00066    -1.00000
           0           4          17           1
   -15.75992     5.53352    15.92241
     0.33298     0.94293    -0.00009
     0.94293    -0.33298    -0.00147
    -0.00142     0.00041    -1.00000
           0           4          17           2
   -15.76801     5.53893     9.54703
     0.33298     0.94293    -0.00009
     0.94293    -0.33298    -0.00147
    -0.00142     0.00041    -1.00000
           0           4          17           3
   -15.77609     5.54433     3.17163
     0.33298     0.94293    -0.00009
     0.94293    -0.33298    -0.00147
    -0.00142     0.00041    -1.00000
           0           4          17           4
   -15.78416     5.54976    -3.20376
     0.33298     0.94293    -0.00009
     0.94293    -0.33298    -0.00147
    -0.00142     0.00041    -1.00000
           0           4          17           5
   -15.79224     5.55516    -9.57916
     0.33298     0.94293    -0.00009
     0.94293    -0.33298    -0.00147
    -0.00142     0.00041    -1.00000
           0           4          17           6
   -15.80033     5.56058   -15.95455
     0.33298     0.94293    -0.00009
     0.94293    -0.33298    -0.00147
    -0.00142     0.00041    -1.00000
           0           4          18           1
   -15.41238     1.85886    15.88549
     0.12173     0.99256    -0.00002
     0.99256    -0.12173    -0.00137
    -0.00136     0.00015    -1.00000
           0           4          18           2
   -15.42046     1.86426     9.51010
     0.12173     0.99256    -0.00002
     0.99256    -0.12173    -0.00137
    -0.00136     0.00015    -1.00000
           0           4          18           3
   -15.42853     1.86966     3.13470
     0.12173     0.99256    -0.00002
     0.99256    -0.12173    -0.00137
    -0.00136     0.00015    -1.00000
           0           4          18           4
   -15.43661     1.87506    -3.24069
     0.12173     0.99256    -0.00002
     0.99256    -0.12173    -0.00137
    -0.00136     0.00015    -1.00000
           0           4          18           5
   -15.44470     1.88047    -9.61608
     0.12173     0.99256    -0.00002
     0.99256    -0.12173    -0.00137
    -0.00136     0.00015    -1.00000
           0           4          18           6
   -15.45278     1.88587   -15.99147
     0.12173     0.99256    -0.00002
     0.99256    -0.12173    -0.00137
    -0.00136     0.00015    -1.00000
           0           4          19           1
   -17.82870    -1.61582    15.89767
    -0.08853     0.99607     0.00005
     0.99607     0.08853    -0.00119
    -0.00119    -0.00006    -1.00000
           0           4          19           2
   -17.83679    -1.61040     9.52228
    -0.08853     0.99607     0.00005
     0.99607     0.08853    -0.00119
    -0.00119    -0.00006    -1.00000
           0           4          19           3
   -17.84486    -1.60496     3.14688
    -0.08853     0.99607     0.00005
     0.99607     0.08853    -0.00119
    -0.00119    -0.00006    -1.00000
           0           4          19           4
   -17.85296    -1.59953    -3.22851
    -0.08853     0.99607     0.00005
     0.99607     0.08853    -0.00119
    -0.00119    -0.00006    -1.00000
           0           4          19           5
   -17.86105    -1.59410    -9.60390
    -0.08853     0.99607     0.00005
     0.99607     0.08853    -0.00119
    -0.00119    -0.00006    -1.00000
           0           4          19           6
   -17.86913    -1.58867   -15.97929
    -0.08853     0.99607     0.00005
     0.99607     0.08853    -0.00119
    -0.00119    -0.00006    -1.00000
           0           4          20           1
   -15.99655    -4.82094    15.89671
    -0.28686     0.95797     0.00011
     0.95797     0.28686    -0.00098
    -0.00097    -0.00017    -1.00000
           0           4          20           2
   -16.00463    -4.81554     9.52131
    -0.28686     0.95797     0.00011
     0.95797     0.28686    -0.00098
    -0.00097    -0.00017    -1.00000
           0           4          20           3
   -16.01273    -4.81012     3.14593
    -0.28686     0.95797     0.00011
     0.95797     0.28686    -0.00098
    -0.00097    -0.00017    -1.00000
           0           4          20           4
   -16.02082    -4.80471    -3.22947
    -0.28686     0.95797     0.00011
     0.95797     0.28686    -0.00098
    -0.00097    -0.00017    -1.00000
           0           4          20           5
   -16.02890    -4.79930    -9.60486
    -0.28686     0.95797     0.00011
     0.95797     0.28686    -0.00098
    -0.00097    -0.00017    -1.00000
           0           4          20           6
   -16.03699    -4.79389   -15.98026
    -0.28686     0.95797     0.00011
     0.95797     0.28686    -0.00098
    -0.00097    -0.00017    -1.00000
           0           4          21           1
   -13.58548    -7.60560    15.89079
    -0.48699     0.87341     0.00017
     0.87341     0.48699    -0.00070
    -0.00069    -0.00019    -1.00000
           0           4          21           2
   -13.59356    -7.60020     9.51540
    -0.48699     0.87341     0.00017
     0.87341     0.48699    -0.00070
    -0.00069    -0.00019    -1.00000
           0           4          21           3
   -13.60165    -7.59479     3.14001
    -0.48699     0.87341     0.00017
     0.87341     0.48699    -0.00070
    -0.00069    -0.00019    -1.00000
           0           4          21           4
   -13.60974    -7.58938    -3.23538
    -0.48699     0.87341     0.00017
     0.87341     0.48699    -0.00070
    -0.00069    -0.00019    -1.00000
           0           4          21           5
   -13.61783    -7.58397    -9.61078
    -0.48699     0.87341     0.00017
     0.87341     0.48699    -0.00070
    -0.00069    -0.00019    -1.00000
           0           4          21           6
   -13.62592    -7.57856   -15.98617
    -0.48699     0.87341     0.00017
     0.87341     0.48699    -0.00070
    -0.00069    -0.00019    -1.00000
           0           4          22           1
   -13.47344   -11.81148    15.88995
    -0.65825     0.75280     0.00022
     0.75280     0.65825    -0.00039
    -0.00044    -0.00009    -1.00000
           0           4          22           2
   -13.48155   -11.80607     9.51456
    -0.65825     0.75280     0.00022
     0.75280     0.65825    -0.00039
    -0.00044    -0.00009    -1.00000
           0           4          22           3
   -13.48965   -11.80064     3.13916
    -0.65825     0.75280     0.00022
     0.75280     0.65825    -0.00039
    -0.00044    -0.00009    -1.00000
           0           4          22           4
   -13.49777   -11.79521    -3.23622
    -0.65825     0.75280     0.00022
     0.75280     0.65825    -0.00039
    -0.00044    -0.00009    -1.00000
           0           4          22           5
   -13.50587   -11.78979    -9.61162
    -0.65825     0.75280     0.00022
     0.75280     0.65825    -0.00039
    -0.00044    -0.00009    -1.00000
           0           4          22           6
   -13.51398   -11.78435   -15.98701
    -0.65825     0.75280     0.00022
     0.75280     0.65825    -0.00039
    -0.00044    -0.00009    -1.00000
           0           4          23           1
   -10.13627   -13.34204    15.88431
    -0.79562     0.60580     0.00026
     0.60580     0.79562    -0.00009
    -0.00027     0.00008    -1.00000
           0           4          23           2
   -10.14437   -13.33662     9.50893
    -0.79562     0.60580     0.00026
     0.60580     0.79562    -0.00009
    -0.00027     0.00008    -1.00000
           0           4          23           3
   -10.15248   -13.33121     3.13353
    -0.79562     0.60580     0.00026
     0.60580     0.79562    -0.00009
    -0.00027     0.00008    -1.00000
           0           4          23           4
   -10.16058   -13.32578    -3.24186
    -0.79562     0.60580     0.00026
     0.60580     0.79562    -0.00009
    -0.00027     0.00008    -1.00000
           0           4          23           5
   -10.16868   -13.32037    -9.61725
    -0.79562     0.60580     0.00026
     0.60580     0.79562    -0.00009
    -0.00027     0.00008    -1.00000
           0           4          23           6
   -10.17678   -13.31494   -15.99264
    -0.79562     0.60580     0.00026
     0.60580     0.79562    -0.00009
    -0.00027     0.00008    -1.00000
           0           4          24           1
    -6.53846   -14.13583    15.87578
    -0.90728     0.42052     0.00029
     0.42052     0.90728     0.00024
    -0.00017     0.00034    -1.00000
           0           4          24           2
    -6.54655   -14.13042     9.50039
    -0.90728     0.42052     0.00029
     0.42052     0.90728     0.00024
    -0.00017     0.00034    -1.00000
           0           4          24           3
    -6.55463   -14.12502     3.12500
    -0.90728     0.42052     0.00029
     0.42052     0.90728     0.00024
    -0.00017     0.00034    -1.00000
           0           4          24           4
    -6.56271   -14.11959    -3.25040
    -0.90728     0.42052     0.00029
     0.42052     0.90728     0.00024
    -0.00017     0.00034    -1.00000
           0           4          24           5
    -6.57079   -14.11419    -9.62579
    -0.90728     0.42052     0.00029
     0.42052     0.90728     0.00024
    -0.00017     0.00034    -1.00000
           0           4          24           6
    -6.57888   -14.10877   -16.00118
    -0.90728     0.42052     0.00029
     0.42052     0.90728     0.00024
    -0.00017     0.00034    -1.00000
