 SVX cage parameters:
     2.20000
     0.50000     0.20000
     0.00000
           6
   -40.00000   -26.50000   -26.50000    26.50000    26.50000    40.00000
    53.00000    53.00000    22.14782    22.14782    53.00000    53.00000
     0.00000     0.00000     0.00000
 SVX barrel parameters:
           4
     2.63000     5.19260    11.76500    16.68700     1.14100
     0.00000     0.00000     0.00000     0.00000
           4           4           5           6
     0.69600     0.69600     1.74500     1.74500
     0.01000     0.01000     0.03125     0.03125
     2.83600     2.83600     3.18770     3.18770
     0.01900     0.01900     0.00000     0.00000
     0.02000     0.02000     0.00000     0.00000
    26.70000    13.62600    17.00000    12.00000
   -13.00000   -12.98000     0.00000     0.00000
           2
           5           5
     0.00000   180.00000
           2
          10          10
     0.00000   180.00000
           2
           8           8
     0.00000   180.00000
           2
          12          12
     0.00000   180.00000
 SVX barrel sensor rotation matrices and translation vectors:
           0           1           1           1
     1.57650    -2.10543     8.58482
     0.64812     0.76154    -0.00000
    -0.76154     0.64812    -0.00000
    -0.00000     0.00000     1.00000
           0           1           1           2
     1.57650    -2.10543     2.89282
     0.64812     0.76154    -0.00000
    -0.76154     0.64812    -0.00000
    -0.00000     0.00000     1.00000
           0           1           1           3
     1.57650    -2.10543    -2.79918
     0.64812     0.76154    -0.00000
    -0.76154     0.64812    -0.00000
    -0.00000     0.00000     1.00000
           0           1           1           4
     1.57650    -2.10543    -8.49118
     0.64812     0.76154    -0.00000
    -0.76154     0.64812    -0.00000
    -0.00000     0.00000     1.00000
           0           1           2           1
     2.35800    -1.17573     8.58482
     0.23684     0.97155    -0.00000
    -0.97155     0.23684    -0.00000
    -0.00000     0.00000     1.00000
           0           1           2           2
     2.35800    -1.17573     2.89282
     0.23684     0.97155    -0.00000
    -0.97155     0.23684    -0.00000
    -0.00000     0.00000     1.00000
           0           1           2           3
     2.35800    -1.17573    -2.79918
     0.23684     0.97155    -0.00000
    -0.97155     0.23684    -0.00000
    -0.00000     0.00000     1.00000
           0           1           2           4
     2.35800    -1.17573    -8.49118
     0.23684     0.97155    -0.00000
    -0.97155     0.23684    -0.00000
    -0.00000     0.00000     1.00000
           0           1           3           1
     2.63843     0.00598     8.58482
    -0.22495     0.97437     0.00000
    -0.97437    -0.22495     0.00000
     0.00000     0.00000     1.00000
           0           1           3           2
     2.63843     0.00598     2.89282
    -0.22495     0.97437     0.00000
    -0.97437    -0.22495     0.00000
     0.00000     0.00000     1.00000
           0           1           3           3
     2.63843     0.00598    -2.79918
    -0.22495     0.97437     0.00000
    -0.97437    -0.22495     0.00000
     0.00000     0.00000     1.00000
           0           1           3           4
     2.63843     0.00598    -8.49118
    -0.22495     0.97437     0.00000
    -0.97437    -0.22495     0.00000
     0.00000     0.00000     1.00000
           0           1           4           1
     2.35800     1.18769     8.58482
    -0.63877     0.76940     0.00000
    -0.76940    -0.63877     0.00000
     0.00000     0.00000     1.00000
           0           1           4           2
     2.35800     1.18769     2.89282
    -0.63877     0.76940     0.00000
    -0.76940    -0.63877     0.00000
     0.00000     0.00000     1.00000
           0           1           4           3
     2.35800     1.18769    -2.79918
    -0.63877     0.76940     0.00000
    -0.76940    -0.63877     0.00000
     0.00000     0.00000     1.00000
           0           1           4           4
     2.35800     1.18769    -8.49118
    -0.63877     0.76940     0.00000
    -0.76940    -0.63877     0.00000
     0.00000     0.00000     1.00000
           0           1           5           1
     1.57650     2.11739     8.58482
    -0.91636     0.40035     0.00000
    -0.40035    -0.91636     0.00000
     0.00000     0.00000     1.00000
           0           1           5           2
     1.57650     2.11739     2.89282
    -0.91636     0.40035     0.00000
    -0.40035    -0.91636     0.00000
     0.00000     0.00000     1.00000
           0           1           5           3
     1.57650     2.11739    -2.79918
    -0.91636     0.40035     0.00000
    -0.40035    -0.91636     0.00000
     0.00000     0.00000     1.00000
           0           1           5           4
     1.57650     2.11739    -8.49118
    -0.91636     0.40035     0.00000
    -0.40035    -0.91636     0.00000
     0.00000     0.00000     1.00000
           0           1           6           1
    -1.58370     2.09756    -8.58343
     0.91636     0.40035     0.00000
     0.40035    -0.91636     0.00000
     0.00000    -0.00000    -1.00000
           0           1           6           2
    -1.58370     2.09756    -2.89143
     0.91636     0.40035     0.00000
     0.40035    -0.91636     0.00000
     0.00000    -0.00000    -1.00000
           0           1           6           3
    -1.58370     2.09756     2.80057
     0.91636     0.40035     0.00000
     0.40035    -0.91636     0.00000
     0.00000    -0.00000    -1.00000
           0           1           6           4
    -1.58370     2.09756     8.49257
     0.91636     0.40035     0.00000
     0.40035    -0.91636     0.00000
     0.00000    -0.00000    -1.00000
           0           1           7           1
    -2.36520     1.16786    -8.58343
     0.63877     0.76940     0.00000
     0.76940    -0.63877     0.00000
     0.00000    -0.00000    -1.00000
           0           1           7           2
    -2.36520     1.16786    -2.89143
     0.63877     0.76940     0.00000
     0.76940    -0.63877     0.00000
     0.00000    -0.00000    -1.00000
           0           1           7           3
    -2.36520     1.16786     2.80057
     0.63877     0.76940     0.00000
     0.76940    -0.63877     0.00000
     0.00000    -0.00000    -1.00000
           0           1           7           4
    -2.36520     1.16786     8.49257
     0.63877     0.76940     0.00000
     0.76940    -0.63877     0.00000
     0.00000    -0.00000    -1.00000
           0           1           8           1
    -2.64563    -0.01385    -8.58343
     0.22495     0.97437    -0.00000
     0.97437    -0.22495    -0.00000
    -0.00000     0.00000    -1.00000
           0           1           8           2
    -2.64563    -0.01385    -2.89143
     0.22495     0.97437    -0.00000
     0.97437    -0.22495    -0.00000
    -0.00000     0.00000    -1.00000
           0           1           8           3
    -2.64563    -0.01385     2.80057
     0.22495     0.97437    -0.00000
     0.97437    -0.22495    -0.00000
    -0.00000     0.00000    -1.00000
           0           1           8           4
    -2.64563    -0.01385     8.49257
     0.22495     0.97437    -0.00000
     0.97437    -0.22495    -0.00000
    -0.00000     0.00000    -1.00000
           0           1           9           1
    -2.36520    -1.19556    -8.58343
    -0.23684     0.97155    -0.00000
     0.97155     0.23684    -0.00000
    -0.00000    -0.00000    -1.00000
           0           1           9           2
    -2.36520    -1.19556    -2.89143
    -0.23684     0.97155    -0.00000
     0.97155     0.23684    -0.00000
    -0.00000    -0.00000    -1.00000
           0           1           9           3
    -2.36520    -1.19556     2.80057
    -0.23684     0.97155    -0.00000
     0.97155     0.23684    -0.00000
    -0.00000    -0.00000    -1.00000
           0           1           9           4
    -2.36520    -1.19556     8.49257
    -0.23684     0.97155    -0.00000
     0.97155     0.23684    -0.00000
    -0.00000    -0.00000    -1.00000
           0           1          10           1
    -1.58370    -2.12526    -8.58343
    -0.64812     0.76154    -0.00000
     0.76154     0.64812    -0.00000
    -0.00000    -0.00000    -1.00000
           0           1          10           2
    -1.58370    -2.12526    -2.89143
    -0.64812     0.76154    -0.00000
     0.76154     0.64812    -0.00000
    -0.00000    -0.00000    -1.00000
           0           1          10           3
    -1.58370    -2.12526     2.80057
    -0.64812     0.76154    -0.00000
     0.76154     0.64812    -0.00000
    -0.00000    -0.00000    -1.00000
           0           1          10           4
    -1.58370    -2.12526     8.49257
    -0.64812     0.76154    -0.00000
     0.76154     0.64812    -0.00000
    -0.00000    -0.00000    -1.00000
           0           2           1           1
     2.50069    -4.54943     8.58482
     0.74707     0.66475    -0.00000
    -0.66475     0.74707    -0.00000
    -0.00000     0.00000     1.00000
           0           2           1           2
     2.50069    -4.54943     2.89282
     0.74707     0.66475    -0.00000
    -0.66475     0.74707    -0.00000
    -0.00000     0.00000     1.00000
           0           2           1           3
     2.50069    -4.54943    -2.79918
     0.74707     0.66475    -0.00000
    -0.66475     0.74707    -0.00000
    -0.00000     0.00000     1.00000
           0           2           1           4
     2.50069    -4.54943    -8.49118
     0.74707     0.66475    -0.00000
    -0.66475     0.74707    -0.00000
    -0.00000     0.00000     1.00000
           0           2           2           1
     3.50372    -3.83408     8.58482
     0.56944     0.82203    -0.00000
    -0.82203     0.56944    -0.00000
    -0.00000     0.00000     1.00000
           0           2           2           2
     3.50372    -3.83408     2.89282
     0.56944     0.82203    -0.00000
    -0.82203     0.56944    -0.00000
    -0.00000     0.00000     1.00000
           0           2           2           3
     3.50372    -3.83408    -2.79918
     0.56944     0.82203    -0.00000
    -0.82203     0.56944    -0.00000
    -0.00000     0.00000     1.00000
           0           2           2           4
     3.50372    -3.83408    -8.49118
     0.56944     0.82203    -0.00000
    -0.82203     0.56944    -0.00000
    -0.00000     0.00000     1.00000
           0           2           3           1
     4.30999    -2.90257     8.58482
     0.35975     0.93305    -0.00000
    -0.93305     0.35975    -0.00000
    -0.00000     0.00000     1.00000
           0           2           3           2
     4.30999    -2.90257     2.89282
     0.35975     0.93305    -0.00000
    -0.93305     0.35975    -0.00000
    -0.00000     0.00000     1.00000
           0           2           3           3
     4.30999    -2.90257    -2.79918
     0.35975     0.93305    -0.00000
    -0.93305     0.35975    -0.00000
    -0.00000     0.00000     1.00000
           0           2           3           4
     4.30999    -2.90257    -8.49118
     0.35975     0.93305    -0.00000
    -0.93305     0.35975    -0.00000
    -0.00000     0.00000     1.00000
           0           2           4           1
     4.87413    -1.80733     8.58482
     0.12982     0.99154    -0.00000
    -0.99154     0.12982    -0.00000
    -0.00000     0.00000     1.00000
           0           2           4           2
     4.87413    -1.80733     2.89282
     0.12982     0.99154    -0.00000
    -0.99154     0.12982    -0.00000
    -0.00000     0.00000     1.00000
           0           2           4           3
     4.87413    -1.80733    -2.79918
     0.12982     0.99154    -0.00000
    -0.99154     0.12982    -0.00000
    -0.00000     0.00000     1.00000
           0           2           4           4
     4.87413    -1.80733    -8.49118
     0.12982     0.99154    -0.00000
    -0.99154     0.12982    -0.00000
    -0.00000     0.00000     1.00000
           0           2           5           1
     5.16436    -0.61001     8.58482
    -0.10743     0.99421     0.00000
    -0.99421    -0.10743     0.00000
     0.00000     0.00000     1.00000
           0           2           5           2
     5.16436    -0.61001     2.89282
    -0.10743     0.99421     0.00000
    -0.99421    -0.10743     0.00000
     0.00000     0.00000     1.00000
           0           2           5           3
     5.16436    -0.61001    -2.79918
    -0.10743     0.99421     0.00000
    -0.99421    -0.10743     0.00000
     0.00000     0.00000     1.00000
           0           2           5           4
     5.16436    -0.61001    -8.49118
    -0.10743     0.99421     0.00000
    -0.99421    -0.10743     0.00000
     0.00000     0.00000     1.00000
           0           2           6           1
     5.16436     0.62197     8.58482
    -0.33862     0.94092     0.00000
    -0.94092    -0.33862     0.00000
     0.00000     0.00000     1.00000
           0           2           6           2
     5.16436     0.62197     2.89282
    -0.33862     0.94092     0.00000
    -0.94092    -0.33862     0.00000
     0.00000     0.00000     1.00000
           0           2           6           3
     5.16436     0.62197    -2.79918
    -0.33862     0.94092     0.00000
    -0.94092    -0.33862     0.00000
     0.00000     0.00000     1.00000
           0           2           6           4
     5.16436     0.62197    -8.49118
    -0.33862     0.94092     0.00000
    -0.94092    -0.33862     0.00000
     0.00000     0.00000     1.00000
           0           2           7           1
     4.87413     1.81929     8.58482
    -0.55076     0.83467     0.00000
    -0.83467    -0.55076     0.00000
     0.00000     0.00000     1.00000
           0           2           7           2
     4.87413     1.81929     2.89282
    -0.55076     0.83467     0.00000
    -0.83467    -0.55076     0.00000
     0.00000     0.00000     1.00000
           0           2           7           3
     4.87413     1.81929    -2.79918
    -0.55076     0.83467     0.00000
    -0.83467    -0.55076     0.00000
     0.00000     0.00000     1.00000
           0           2           7           4
     4.87413     1.81929    -8.49118
    -0.55076     0.83467     0.00000
    -0.83467    -0.55076     0.00000
     0.00000     0.00000     1.00000
           0           2           8           1
     4.30999     2.91453     8.58482
    -0.73189     0.68142     0.00000
    -0.68142    -0.73189     0.00000
     0.00000     0.00000     1.00000
           0           2           8           2
     4.30999     2.91453     2.89282
    -0.73189     0.68142     0.00000
    -0.68142    -0.73189     0.00000
     0.00000     0.00000     1.00000
           0           2           8           3
     4.30999     2.91453    -2.79918
    -0.73189     0.68142     0.00000
    -0.68142    -0.73189     0.00000
     0.00000     0.00000     1.00000
           0           2           8           4
     4.30999     2.91453    -8.49118
    -0.73189     0.68142     0.00000
    -0.68142    -0.73189     0.00000
     0.00000     0.00000     1.00000
           0           2           9           1
     3.50372     3.84604     8.58482
    -0.87182     0.48982     0.00000
    -0.48982    -0.87182     0.00000
     0.00000     0.00000     1.00000
           0           2           9           2
     3.50372     3.84604     2.89282
    -0.87182     0.48982     0.00000
    -0.48982    -0.87182     0.00000
     0.00000     0.00000     1.00000
           0           2           9           3
     3.50372     3.84604    -2.79918
    -0.87182     0.48982     0.00000
    -0.48982    -0.87182     0.00000
     0.00000     0.00000     1.00000
           0           2           9           4
     3.50372     3.84604    -8.49118
    -0.87182     0.48982     0.00000
    -0.48982    -0.87182     0.00000
     0.00000     0.00000     1.00000
           0           2          10           1
     2.50069     4.56139     8.58482
    -0.96268     0.27065     0.00000
    -0.27065    -0.96268     0.00000
     0.00000     0.00000     1.00000
           0           2          10           2
     2.50069     4.56139     2.89282
    -0.96268     0.27065     0.00000
    -0.27065    -0.96268     0.00000
     0.00000     0.00000     1.00000
           0           2          10           3
     2.50069     4.56139    -2.79918
    -0.96268     0.27065     0.00000
    -0.27065    -0.96268     0.00000
     0.00000     0.00000     1.00000
           0           2          10           4
     2.50069     4.56139    -8.49118
    -0.96268     0.27065     0.00000
    -0.27065    -0.96268     0.00000
     0.00000     0.00000     1.00000
           0           2          11           1
    -2.50789     4.54156    -8.58343
     0.96268     0.27065     0.00000
     0.27065    -0.96268     0.00000
     0.00000    -0.00000    -1.00000
           0           2          11           2
    -2.50789     4.54156    -2.89143
     0.96268     0.27065     0.00000
     0.27065    -0.96268     0.00000
     0.00000    -0.00000    -1.00000
           0           2          11           3
    -2.50789     4.54156     2.80057
     0.96268     0.27065     0.00000
     0.27065    -0.96268     0.00000
     0.00000    -0.00000    -1.00000
           0           2          11           4
    -2.50789     4.54156     8.49257
     0.96268     0.27065     0.00000
     0.27065    -0.96268     0.00000
     0.00000    -0.00000    -1.00000
           0           2          12           1
    -3.51092     3.82621    -8.58343
     0.87182     0.48982     0.00000
     0.48982    -0.87182     0.00000
     0.00000    -0.00000    -1.00000
           0           2          12           2
    -3.51092     3.82621    -2.89143
     0.87182     0.48982     0.00000
     0.48982    -0.87182     0.00000
     0.00000    -0.00000    -1.00000
           0           2          12           3
    -3.51092     3.82621     2.80057
     0.87182     0.48982     0.00000
     0.48982    -0.87182     0.00000
     0.00000    -0.00000    -1.00000
           0           2          12           4
    -3.51092     3.82621     8.49257
     0.87182     0.48982     0.00000
     0.48982    -0.87182     0.00000
     0.00000    -0.00000    -1.00000
           0           2          13           1
    -4.31719     2.89470    -8.58343
     0.73189     0.68142     0.00000
     0.68142    -0.73189     0.00000
     0.00000    -0.00000    -1.00000
           0           2          13           2
    -4.31719     2.89470    -2.89143
     0.73189     0.68142     0.00000
     0.68142    -0.73189     0.00000
     0.00000    -0.00000    -1.00000
           0           2          13           3
    -4.31719     2.89470     2.80057
     0.73189     0.68142     0.00000
     0.68142    -0.73189     0.00000
     0.00000    -0.00000    -1.00000
           0           2          13           4
    -4.31719     2.89470     8.49257
     0.73189     0.68142     0.00000
     0.68142    -0.73189     0.00000
     0.00000    -0.00000    -1.00000
           0           2          14           1
    -4.88133     1.79946    -8.58343
     0.55076     0.83467     0.00000
     0.83467    -0.55076     0.00000
     0.00000    -0.00000    -1.00000
           0           2          14           2
    -4.88133     1.79946    -2.89143
     0.55076     0.83467     0.00000
     0.83467    -0.55076     0.00000
     0.00000    -0.00000    -1.00000
           0           2          14           3
    -4.88133     1.79946     2.80057
     0.55076     0.83467     0.00000
     0.83467    -0.55076     0.00000
     0.00000    -0.00000    -1.00000
           0           2          14           4
    -4.88133     1.79946     8.49257
     0.55076     0.83467     0.00000
     0.83467    -0.55076     0.00000
     0.00000    -0.00000    -1.00000
           0           2          15           1
    -5.17156     0.60215    -8.58343
     0.33862     0.94092    -0.00000
     0.94092    -0.33862    -0.00000
    -0.00000     0.00000    -1.00000
           0           2          15           2
    -5.17156     0.60215    -2.89143
     0.33862     0.94092    -0.00000
     0.94092    -0.33862    -0.00000
    -0.00000     0.00000    -1.00000
           0           2          15           3
    -5.17156     0.60215     2.80057
     0.33862     0.94092    -0.00000
     0.94092    -0.33862    -0.00000
    -0.00000     0.00000    -1.00000
           0           2          15           4
    -5.17156     0.60215     8.49257
     0.33862     0.94092    -0.00000
     0.94092    -0.33862    -0.00000
    -0.00000     0.00000    -1.00000
           0           2          16           1
    -5.17156    -0.62984    -8.58343
     0.10743     0.99421    -0.00000
     0.99421    -0.10743    -0.00000
    -0.00000     0.00000    -1.00000
           0           2          16           2
    -5.17156    -0.62984    -2.89143
     0.10743     0.99421    -0.00000
     0.99421    -0.10743    -0.00000
    -0.00000     0.00000    -1.00000
           0           2          16           3
    -5.17156    -0.62984     2.80057
     0.10743     0.99421    -0.00000
     0.99421    -0.10743    -0.00000
    -0.00000     0.00000    -1.00000
           0           2          16           4
    -5.17156    -0.62984     8.49257
     0.10743     0.99421    -0.00000
     0.99421    -0.10743    -0.00000
    -0.00000     0.00000    -1.00000
           0           2          17           1
    -4.88133    -1.82715    -8.58343
    -0.12982     0.99154    -0.00000
     0.99154     0.12982    -0.00000
    -0.00000    -0.00000    -1.00000
           0           2          17           2
    -4.88133    -1.82715    -2.89143
    -0.12982     0.99154    -0.00000
     0.99154     0.12982    -0.00000
    -0.00000    -0.00000    -1.00000
           0           2          17           3
    -4.88133    -1.82715     2.80057
    -0.12982     0.99154    -0.00000
     0.99154     0.12982    -0.00000
    -0.00000    -0.00000    -1.00000
           0           2          17           4
    -4.88133    -1.82715     8.49257
    -0.12982     0.99154    -0.00000
     0.99154     0.12982    -0.00000
    -0.00000    -0.00000    -1.00000
           0           2          18           1
    -4.31720    -2.92239    -8.58343
    -0.35975     0.93305    -0.00000
     0.93305     0.35975    -0.00000
    -0.00000    -0.00000    -1.00000
           0           2          18           2
    -4.31720    -2.92239    -2.89143
    -0.35975     0.93305    -0.00000
     0.93305     0.35975    -0.00000
    -0.00000    -0.00000    -1.00000
           0           2          18           3
    -4.31719    -2.92239     2.80057
    -0.35975     0.93305    -0.00000
     0.93305     0.35975    -0.00000
    -0.00000    -0.00000    -1.00000
           0           2          18           4
    -4.31719    -2.92239     8.49257
    -0.35975     0.93305    -0.00000
     0.93305     0.35975    -0.00000
    -0.00000    -0.00000    -1.00000
           0           2          19           1
    -3.51092    -3.85391    -8.58343
    -0.56944     0.82203    -0.00000
     0.82203     0.56944    -0.00000
    -0.00000    -0.00000    -1.00000
           0           2          19           2
    -3.51092    -3.85391    -2.89143
    -0.56944     0.82203    -0.00000
     0.82203     0.56944    -0.00000
    -0.00000    -0.00000    -1.00000
           0           2          19           3
    -3.51092    -3.85391     2.80057
    -0.56944     0.82203    -0.00000
     0.82203     0.56944    -0.00000
    -0.00000    -0.00000    -1.00000
           0           2          19           4
    -3.51092    -3.85391     8.49257
    -0.56944     0.82203    -0.00000
     0.82203     0.56944    -0.00000
    -0.00000    -0.00000    -1.00000
           0           2          20           1
    -2.50789    -4.56926    -8.58343
    -0.74707     0.66475    -0.00000
     0.66475     0.74707    -0.00000
    -0.00000    -0.00000    -1.00000
           0           2          20           2
    -2.50789    -4.56926    -2.89143
    -0.74707     0.66475    -0.00000
     0.66475     0.74707    -0.00000
    -0.00000    -0.00000    -1.00000
           0           2          20           3
    -2.50789    -4.56926     2.80057
    -0.74707     0.66475    -0.00000
     0.66475     0.74707    -0.00000
    -0.00000    -0.00000    -1.00000
           0           2          20           4
    -2.50789    -4.56926     8.49257
    -0.74707     0.66475    -0.00000
     0.66475     0.74707    -0.00000
    -0.00000    -0.00000    -1.00000
           0           3           1           1
     5.63844   -10.32447    12.79762
    -0.87807    -0.47854     0.00000
    -0.47854     0.87807     0.00000
    -0.00000     0.00000    -1.00000
           0           3           1           2
     5.63844   -10.32447     6.42222
    -0.87807    -0.47854     0.00000
    -0.47854     0.87807     0.00000
    -0.00000     0.00000    -1.00000
           0           3           1           3
     5.63844   -10.32447     0.04682
    -0.87807    -0.47854     0.00000
    -0.47854     0.87807     0.00000
    -0.00000     0.00000    -1.00000
           0           3           1           4
     5.63844   -10.32447    -6.32858
    -0.87807    -0.47854     0.00000
    -0.47854     0.87807     0.00000
    -0.00000     0.00000    -1.00000
           0           3           1           5
     5.63844   -10.32447   -12.70398
    -0.87807    -0.47854     0.00000
    -0.47854     0.87807     0.00000
    -0.00000     0.00000    -1.00000
           0           3           2           1
     7.55910    -7.12685    12.79762
    -0.68671    -0.72693     0.00000
    -0.72693     0.68671     0.00000
    -0.00000     0.00000    -1.00000
           0           3           2           2
     7.55910    -7.12685     6.42222
    -0.68671    -0.72693     0.00000
    -0.72693     0.68671     0.00000
    -0.00000     0.00000    -1.00000
           0           3           2           3
     7.55910    -7.12685     0.04682
    -0.68671    -0.72693     0.00000
    -0.72693     0.68671     0.00000
    -0.00000     0.00000    -1.00000
           0           3           2           4
     7.55910    -7.12685    -6.32858
    -0.68671    -0.72693     0.00000
    -0.72693     0.68671     0.00000
    -0.00000     0.00000    -1.00000
           0           3           2           5
     7.55910    -7.12685   -12.70398
    -0.68671    -0.72693     0.00000
    -0.72693     0.68671     0.00000
    -0.00000     0.00000    -1.00000
           0           3           3           1
    11.53542    -5.66850    12.79762
    -0.44166    -0.89718     0.00000
    -0.89718     0.44166     0.00000
    -0.00000     0.00000    -1.00000
           0           3           3           2
    11.53542    -5.66850     6.42222
    -0.44166    -0.89718     0.00000
    -0.89718     0.44166     0.00000
    -0.00000     0.00000    -1.00000
           0           3           3           3
    11.53541    -5.66850     0.04682
    -0.44166    -0.89718     0.00000
    -0.89718     0.44166     0.00000
    -0.00000     0.00000    -1.00000
           0           3           3           4
    11.53541    -5.66850    -6.32858
    -0.44166    -0.89718     0.00000
    -0.89718     0.44166     0.00000
    -0.00000     0.00000    -1.00000
           0           3           3           5
    11.53541    -5.66850   -12.70398
    -0.44166    -0.89718     0.00000
    -0.89718     0.44166     0.00000
    -0.00000     0.00000    -1.00000
           0           3           4           1
    11.58931    -2.06732    12.79762
    -0.17623    -0.98435     0.00000
    -0.98435     0.17623     0.00000
    -0.00000     0.00000    -1.00000
           0           3           4           2
    11.58931    -2.06732     6.42222
    -0.17623    -0.98435     0.00000
    -0.98435     0.17623     0.00000
    -0.00000     0.00000    -1.00000
           0           3           4           3
    11.58931    -2.06732     0.04682
    -0.17623    -0.98435     0.00000
    -0.98435     0.17623     0.00000
    -0.00000     0.00000    -1.00000
           0           3           4           4
    11.58931    -2.06732    -6.32858
    -0.17623    -0.98435     0.00000
    -0.98435     0.17623     0.00000
    -0.00000     0.00000    -1.00000
           0           3           4           5
    11.58931    -2.06732   -12.70398
    -0.17623    -0.98435     0.00000
    -0.98435     0.17623     0.00000
    -0.00000     0.00000    -1.00000
           0           3           5           1
    10.29710     1.43182    12.79762
     0.13727    -0.99053     0.00000
    -0.99053    -0.13727     0.00000
    -0.00000    -0.00000    -1.00000
           0           3           5           2
    10.29710     1.43182     6.42222
     0.13727    -0.99053     0.00000
    -0.99053    -0.13727     0.00000
    -0.00000    -0.00000    -1.00000
           0           3           5           3
    10.29710     1.43182     0.04682
     0.13727    -0.99053     0.00000
    -0.99053    -0.13727     0.00000
    -0.00000    -0.00000    -1.00000
           0           3           5           4
    10.29710     1.43182    -6.32858
     0.13727    -0.99053     0.00000
    -0.99053    -0.13727     0.00000
    -0.00000    -0.00000    -1.00000
           0           3           5           5
    10.29710     1.43182   -12.70398
     0.13727    -0.99053     0.00000
    -0.99053    -0.13727     0.00000
    -0.00000    -0.00000    -1.00000
           0           3           6           1
    11.64793     5.44594    12.79762
     0.42341    -0.90594     0.00000
    -0.90594    -0.42341     0.00000
    -0.00000    -0.00000    -1.00000
           0           3           6           2
    11.64793     5.44594     6.42222
     0.42341    -0.90594     0.00000
    -0.90594    -0.42341     0.00000
    -0.00000    -0.00000    -1.00000
           0           3           6           3
    11.64793     5.44594     0.04682
     0.42341    -0.90594     0.00000
    -0.90594    -0.42341     0.00000
    -0.00000    -0.00000    -1.00000
           0           3           6           4
    11.64793     5.44594    -6.32858
     0.42341    -0.90594     0.00000
    -0.90594    -0.42341     0.00000
    -0.00000    -0.00000    -1.00000
           0           3           6           5
    11.64793     5.44594   -12.70398
     0.42341    -0.90594     0.00000
    -0.90594    -0.42341     0.00000
    -0.00000    -0.00000    -1.00000
           0           3           7           1
     8.87275     7.74155    12.79762
     0.65751    -0.75345     0.00000
    -0.75345    -0.65751     0.00000
    -0.00000    -0.00000    -1.00000
           0           3           7           2
     8.87275     7.74155     6.42222
     0.65751    -0.75345     0.00000
    -0.75345    -0.65751     0.00000
    -0.00000    -0.00000    -1.00000
           0           3           7           3
     8.87275     7.74155     0.04682
     0.65751    -0.75345     0.00000
    -0.75345    -0.65751     0.00000
    -0.00000    -0.00000    -1.00000
           0           3           7           4
     8.87275     7.74155    -6.32858
     0.65751    -0.75345     0.00000
    -0.75345    -0.65751     0.00000
    -0.00000    -0.00000    -1.00000
           0           3           7           5
     8.87275     7.74155   -12.70398
     0.65751    -0.75345     0.00000
    -0.75345    -0.65751     0.00000
    -0.00000    -0.00000    -1.00000
           0           3           8           1
     5.33480     8.92335    12.79762
     0.85851    -0.51279     0.00000
    -0.51279    -0.85851     0.00000
    -0.00000    -0.00000    -1.00000
           0           3           8           2
     5.33480     8.92335     6.42222
     0.85851    -0.51279     0.00000
    -0.51279    -0.85851     0.00000
    -0.00000    -0.00000    -1.00000
           0           3           8           3
     5.33480     8.92335     0.04682
     0.85851    -0.51279     0.00000
    -0.51279    -0.85851     0.00000
    -0.00000    -0.00000    -1.00000
           0           3           8           4
     5.33480     8.92335    -6.32858
     0.85851    -0.51279     0.00000
    -0.51279    -0.85851     0.00000
    -0.00000    -0.00000    -1.00000
           0           3           8           5
     5.33480     8.92335   -12.70398
     0.85851    -0.51279     0.00000
    -0.51279    -0.85851     0.00000
    -0.00000    -0.00000    -1.00000
           0           3           9           1
    -5.34200     8.90352   -12.79623
    -0.85851    -0.51279     0.00000
     0.51279    -0.85851     0.00000
    -0.00000     0.00000     1.00000
           0           3           9           2
    -5.34200     8.90352    -6.42083
    -0.85851    -0.51279     0.00000
     0.51279    -0.85851     0.00000
    -0.00000     0.00000     1.00000
           0           3           9           3
    -5.34200     8.90352    -0.04543
    -0.85851    -0.51279     0.00000
     0.51279    -0.85851     0.00000
    -0.00000     0.00000     1.00000
           0           3           9           4
    -5.34200     8.90352     6.32997
    -0.85851    -0.51279     0.00000
     0.51279    -0.85851     0.00000
    -0.00000     0.00000     1.00000
           0           3           9           5
    -5.34200     8.90352    12.70537
    -0.85851    -0.51279     0.00000
     0.51279    -0.85851     0.00000
    -0.00000     0.00000     1.00000
           0           3          10           1
    -8.87995     7.72172   -12.79623
    -0.65751    -0.75345    -0.00000
     0.75345    -0.65751    -0.00000
     0.00000    -0.00000     1.00000
           0           3          10           2
    -8.87995     7.72172    -6.42083
    -0.65751    -0.75345    -0.00000
     0.75345    -0.65751    -0.00000
     0.00000    -0.00000     1.00000
           0           3          10           3
    -8.87995     7.72172    -0.04543
    -0.65751    -0.75345    -0.00000
     0.75345    -0.65751    -0.00000
     0.00000    -0.00000     1.00000
           0           3          10           4
    -8.87995     7.72172     6.32997
    -0.65751    -0.75345    -0.00000
     0.75345    -0.65751    -0.00000
     0.00000    -0.00000     1.00000
           0           3          10           5
    -8.87995     7.72172    12.70537
    -0.65751    -0.75345    -0.00000
     0.75345    -0.65751    -0.00000
     0.00000    -0.00000     1.00000
           0           3          11           1
   -11.65513     5.42611   -12.79623
    -0.42341    -0.90594    -0.00000
     0.90594    -0.42341    -0.00000
     0.00000    -0.00000     1.00000
           0           3          11           2
   -11.65513     5.42611    -6.42083
    -0.42341    -0.90594    -0.00000
     0.90594    -0.42341    -0.00000
     0.00000    -0.00000     1.00000
           0           3          11           3
   -11.65513     5.42611    -0.04543
    -0.42341    -0.90594    -0.00000
     0.90594    -0.42341    -0.00000
     0.00000    -0.00000     1.00000
           0           3          11           4
   -11.65513     5.42611     6.32997
    -0.42341    -0.90594    -0.00000
     0.90594    -0.42341    -0.00000
     0.00000    -0.00000     1.00000
           0           3          11           5
   -11.65513     5.42611    12.70537
    -0.42341    -0.90594    -0.00000
     0.90594    -0.42341    -0.00000
     0.00000    -0.00000     1.00000
           0           3          12           1
   -10.30430     1.41199   -12.79623
    -0.13727    -0.99053    -0.00000
     0.99053    -0.13727    -0.00000
     0.00000    -0.00000     1.00000
           0           3          12           2
   -10.30430     1.41199    -6.42083
    -0.13727    -0.99053    -0.00000
     0.99053    -0.13727    -0.00000
     0.00000    -0.00000     1.00000
           0           3          12           3
   -10.30430     1.41199    -0.04543
    -0.13727    -0.99053    -0.00000
     0.99053    -0.13727    -0.00000
     0.00000    -0.00000     1.00000
           0           3          12           4
   -10.30430     1.41199     6.32997
    -0.13727    -0.99053    -0.00000
     0.99053    -0.13727    -0.00000
     0.00000    -0.00000     1.00000
           0           3          12           5
   -10.30430     1.41199    12.70537
    -0.13727    -0.99053    -0.00000
     0.99053    -0.13727    -0.00000
     0.00000    -0.00000     1.00000
           0           3          13           1
   -11.59651    -2.08715   -12.79623
     0.17623    -0.98435    -0.00000
     0.98435     0.17623    -0.00000
     0.00000     0.00000     1.00000
           0           3          13           2
   -11.59651    -2.08715    -6.42083
     0.17623    -0.98435    -0.00000
     0.98435     0.17623    -0.00000
     0.00000     0.00000     1.00000
           0           3          13           3
   -11.59651    -2.08715    -0.04543
     0.17623    -0.98435    -0.00000
     0.98435     0.17623    -0.00000
     0.00000     0.00000     1.00000
           0           3          13           4
   -11.59651    -2.08715     6.32997
     0.17623    -0.98435    -0.00000
     0.98435     0.17623    -0.00000
     0.00000     0.00000     1.00000
           0           3          13           5
   -11.59651    -2.08715    12.70537
     0.17623    -0.98435    -0.00000
     0.98435     0.17623    -0.00000
     0.00000     0.00000     1.00000
           0           3          14           1
   -11.54261    -5.68833   -12.79623
     0.44166    -0.89718    -0.00000
     0.89718     0.44166    -0.00000
     0.00000     0.00000     1.00000
           0           3          14           2
   -11.54261    -5.68833    -6.42083
     0.44166    -0.89718    -0.00000
     0.89718     0.44166    -0.00000
     0.00000     0.00000     1.00000
           0           3          14           3
   -11.54261    -5.68833    -0.04543
     0.44166    -0.89718    -0.00000
     0.89718     0.44166    -0.00000
     0.00000     0.00000     1.00000
           0           3          14           4
   -11.54261    -5.68833     6.32997
     0.44166    -0.89718    -0.00000
     0.89718     0.44166    -0.00000
     0.00000     0.00000     1.00000
           0           3          14           5
   -11.54261    -5.68833    12.70537
     0.44166    -0.89718    -0.00000
     0.89718     0.44166    -0.00000
     0.00000     0.00000     1.00000
           0           3          15           1
    -7.56629    -7.14668   -12.79623
     0.68671    -0.72693    -0.00000
     0.72693     0.68671    -0.00000
     0.00000     0.00000     1.00000
           0           3          15           2
    -7.56629    -7.14668    -6.42083
     0.68671    -0.72693    -0.00000
     0.72693     0.68671    -0.00000
     0.00000     0.00000     1.00000
           0           3          15           3
    -7.56629    -7.14668    -0.04543
     0.68671    -0.72693    -0.00000
     0.72693     0.68671    -0.00000
     0.00000     0.00000     1.00000
           0           3          15           4
    -7.56629    -7.14668     6.32997
     0.68671    -0.72693    -0.00000
     0.72693     0.68671    -0.00000
     0.00000     0.00000     1.00000
           0           3          15           5
    -7.56629    -7.14668    12.70537
     0.68671    -0.72693    -0.00000
     0.72693     0.68671    -0.00000
     0.00000     0.00000     1.00000
           0           3          16           1
    -5.64563   -10.34430   -12.79623
     0.87807    -0.47854    -0.00000
     0.47854     0.87807    -0.00000
     0.00000     0.00000     1.00000
           0           3          16           2
    -5.64563   -10.34430    -6.42083
     0.87807    -0.47854    -0.00000
     0.47854     0.87807    -0.00000
     0.00000     0.00000     1.00000
           0           3          16           3
    -5.64563   -10.34430    -0.04543
     0.87807    -0.47854    -0.00000
     0.47854     0.87807    -0.00000
     0.00000     0.00000     1.00000
           0           3          16           4
    -5.64563   -10.34430     6.32997
     0.87807    -0.47854    -0.00000
     0.47854     0.87807    -0.00000
     0.00000     0.00000     1.00000
           0           3          16           5
    -5.64563   -10.34430    12.70537
     0.87807    -0.47854    -0.00000
     0.47854     0.87807    -0.00000
     0.00000     0.00000     1.00000
           0           4           1           1
     6.54647   -14.09835   -15.89168
     0.90726     0.42056    -0.00000
    -0.42056     0.90726    -0.00000
    -0.00000     0.00000     1.00000
           0           4           1           2
     6.54647   -14.09835    -9.51628
     0.90726     0.42056    -0.00000
    -0.42056     0.90726    -0.00000
    -0.00000     0.00000     1.00000
           0           4           1           3
     6.54647   -14.09835    -3.14088
     0.90726     0.42056    -0.00000
    -0.42056     0.90726    -0.00000
    -0.00000     0.00000     1.00000
           0           4           1           4
     6.54647   -14.09835     3.23452
     0.90726     0.42056    -0.00000
    -0.42056     0.90726    -0.00000
    -0.00000     0.00000     1.00000
           0           4           1           5
     6.54647   -14.09835     9.60992
     0.90726     0.42056    -0.00000
    -0.42056     0.90726    -0.00000
    -0.00000     0.00000     1.00000
           0           4           1           6
     6.54647   -14.09835    15.98532
     0.90726     0.42056    -0.00000
    -0.42056     0.90726    -0.00000
    -0.00000     0.00000     1.00000
           0           4           2           1
    10.12288   -13.26632   -15.89168
     0.79537     0.60613    -0.00000
    -0.60613     0.79537    -0.00000
    -0.00000     0.00000     1.00000
           0           4           2           2
    10.12288   -13.26632    -9.51628
     0.79537     0.60613    -0.00000
    -0.60613     0.79537    -0.00000
    -0.00000     0.00000     1.00000
           0           4           2           3
    10.12288   -13.26632    -3.14088
     0.79537     0.60613    -0.00000
    -0.60613     0.79537    -0.00000
    -0.00000     0.00000     1.00000
           0           4           2           4
    10.12288   -13.26632     3.23452
     0.79537     0.60613    -0.00000
    -0.60613     0.79537    -0.00000
    -0.00000     0.00000     1.00000
           0           4           2           5
    10.12288   -13.26632     9.60992
     0.79537     0.60613    -0.00000
    -0.60613     0.79537    -0.00000
    -0.00000     0.00000     1.00000
           0           4           2           6
    10.12288   -13.26632    15.98532
     0.79537     0.60613    -0.00000
    -0.60613     0.79537    -0.00000
    -0.00000     0.00000     1.00000
           0           4           3           1
    13.43887   -11.71839   -15.89168
     0.65764     0.75333    -0.00000
    -0.75333     0.65764    -0.00000
    -0.00000     0.00000     1.00000
           0           4           3           2
    13.43887   -11.71839    -9.51628
     0.65764     0.75333    -0.00000
    -0.75333     0.65764    -0.00000
    -0.00000     0.00000     1.00000
           0           4           3           3
    13.43887   -11.71839    -3.14088
     0.65764     0.75333    -0.00000
    -0.75333     0.65764    -0.00000
    -0.00000     0.00000     1.00000
           0           4           3           4
    13.43887   -11.71839     3.23452
     0.65764     0.75333    -0.00000
    -0.75333     0.65764    -0.00000
    -0.00000     0.00000     1.00000
           0           4           3           5
    13.43887   -11.71839     9.60992
     0.65764     0.75333    -0.00000
    -0.75333     0.65764    -0.00000
    -0.00000     0.00000     1.00000
           0           4           3           6
    13.43887   -11.71839    15.98532
     0.65764     0.75333    -0.00000
    -0.75333     0.65764    -0.00000
    -0.00000     0.00000     1.00000
           0           4           4           1
    13.59473    -7.54985   -15.89168
     0.48603     0.87394     0.00000
    -0.87394     0.48603     0.00000
     0.00000    -0.00000     1.00000
           0           4           4           2
    13.59473    -7.54985    -9.51628
     0.48603     0.87394     0.00000
    -0.87394     0.48603     0.00000
     0.00000    -0.00000     1.00000
           0           4           4           3
    13.59473    -7.54985    -3.14088
     0.48603     0.87394     0.00000
    -0.87394     0.48603     0.00000
     0.00000    -0.00000     1.00000
           0           4           4           4
    13.59473    -7.54985     3.23452
     0.48603     0.87394     0.00000
    -0.87394     0.48603     0.00000
     0.00000    -0.00000     1.00000
           0           4           4           5
    13.59473    -7.54985     9.60992
     0.48603     0.87394     0.00000
    -0.87394     0.48603     0.00000
     0.00000    -0.00000     1.00000
           0           4           4           6
    13.59473    -7.54985    15.98532
     0.48603     0.87394     0.00000
    -0.87394     0.48603     0.00000
     0.00000    -0.00000     1.00000
           0           4           5           1
    15.99663    -4.77246   -15.89168
     0.28636     0.95812     0.00000
    -0.95812     0.28636     0.00000
     0.00000    -0.00000     1.00000
           0           4           5           2
    15.99663    -4.77246    -9.51628
     0.28636     0.95812     0.00000
    -0.95812     0.28636     0.00000
     0.00000    -0.00000     1.00000
           0           4           5           3
    15.99663    -4.77246    -3.14088
     0.28636     0.95812     0.00000
    -0.95812     0.28636     0.00000
     0.00000    -0.00000     1.00000
           0           4           5           4
    15.99663    -4.77246     3.23452
     0.28636     0.95812     0.00000
    -0.95812     0.28636     0.00000
     0.00000    -0.00000     1.00000
           0           4           5           5
    15.99663    -4.77246     9.60992
     0.28636     0.95812     0.00000
    -0.95812     0.28636     0.00000
     0.00000    -0.00000     1.00000
           0           4           5           6
    15.99663    -4.77246    15.98532
     0.28636     0.95812     0.00000
    -0.95812     0.28636     0.00000
     0.00000    -0.00000     1.00000
           0           4           6           1
    17.76668    -1.56953   -15.89168
     0.08837     0.99609     0.00000
    -0.99609     0.08837     0.00000
     0.00000    -0.00000     1.00000
           0           4           6           2
    17.76668    -1.56953    -9.51628
     0.08837     0.99609     0.00000
    -0.99609     0.08837     0.00000
     0.00000    -0.00000     1.00000
           0           4           6           3
    17.76668    -1.56953    -3.14088
     0.08837     0.99609     0.00000
    -0.99609     0.08837     0.00000
     0.00000    -0.00000     1.00000
           0           4           6           4
    17.76668    -1.56953     3.23452
     0.08837     0.99609     0.00000
    -0.99609     0.08837     0.00000
     0.00000    -0.00000     1.00000
           0           4           6           5
    17.76668    -1.56953     9.60992
     0.08837     0.99609     0.00000
    -0.99609     0.08837     0.00000
     0.00000    -0.00000     1.00000
           0           4           6           6
    17.76668    -1.56953    15.98532
     0.08837     0.99609     0.00000
    -0.99609     0.08837     0.00000
     0.00000    -0.00000     1.00000
           0           4           7           1
    15.43954     1.89248   -15.89168
    -0.12135     0.99261     0.00000
    -0.99261    -0.12135     0.00000
     0.00000     0.00000     1.00000
           0           4           7           2
    15.43954     1.89248    -9.51628
    -0.12135     0.99261     0.00000
    -0.99261    -0.12135     0.00000
     0.00000     0.00000     1.00000
           0           4           7           3
    15.43954     1.89248    -3.14088
    -0.12135     0.99261     0.00000
    -0.99261    -0.12135     0.00000
     0.00000     0.00000     1.00000
           0           4           7           4
    15.43954     1.89248     3.23452
    -0.12135     0.99261     0.00000
    -0.99261    -0.12135     0.00000
     0.00000     0.00000     1.00000
           0           4           7           5
    15.43954     1.89248     9.60992
    -0.12135     0.99261     0.00000
    -0.99261    -0.12135     0.00000
     0.00000     0.00000     1.00000
           0           4           7           6
    15.43954     1.89248    15.98532
    -0.12135     0.99261     0.00000
    -0.99261    -0.12135     0.00000
     0.00000     0.00000     1.00000
           0           4           8           1
    15.74702     5.55150   -15.89168
    -0.33233     0.94316     0.00000
    -0.94316    -0.33233     0.00000
     0.00000     0.00000     1.00000
           0           4           8           2
    15.74702     5.55150    -9.51628
    -0.33233     0.94316     0.00000
    -0.94316    -0.33233     0.00000
     0.00000     0.00000     1.00000
           0           4           8           3
    15.74702     5.55150    -3.14088
    -0.33233     0.94316     0.00000
    -0.94316    -0.33233     0.00000
     0.00000     0.00000     1.00000
           0           4           8           4
    15.74702     5.55150     3.23452
    -0.33233     0.94316     0.00000
    -0.94316    -0.33233     0.00000
     0.00000     0.00000     1.00000
           0           4           8           5
    15.74702     5.55150     9.60992
    -0.33233     0.94316     0.00000
    -0.94316    -0.33233     0.00000
     0.00000     0.00000     1.00000
           0           4           8           6
    15.74702     5.55150    15.98532
    -0.33233     0.94316     0.00000
    -0.94316    -0.33233     0.00000
     0.00000     0.00000     1.00000
           0           4           9           1
    15.29321     9.18274   -15.89168
    -0.51474     0.85735     0.00000
    -0.85735    -0.51474     0.00000
     0.00000     0.00000     1.00000
           0           4           9           2
    15.29321     9.18274    -9.51628
    -0.51474     0.85735     0.00000
    -0.85735    -0.51474     0.00000
     0.00000     0.00000     1.00000
           0           4           9           3
    15.29321     9.18274    -3.14088
    -0.51474     0.85735     0.00000
    -0.85735    -0.51474     0.00000
     0.00000     0.00000     1.00000
           0           4           9           4
    15.29321     9.18274     3.23452
    -0.51474     0.85735     0.00000
    -0.85735    -0.51474     0.00000
     0.00000     0.00000     1.00000
           0           4           9           5
    15.29321     9.18274     9.60992
    -0.51474     0.85735     0.00000
    -0.85735    -0.51474     0.00000
     0.00000     0.00000     1.00000
           0           4           9           6
    15.29321     9.18274    15.98532
    -0.51474     0.85735     0.00000
    -0.85735    -0.51474     0.00000
     0.00000     0.00000     1.00000
           0           4          10           1
    11.37435    10.61229   -15.89168
    -0.68225     0.73112     0.00000
    -0.73112    -0.68225     0.00000
     0.00000     0.00000     1.00000
           0           4          10           2
    11.37435    10.61229    -9.51628
    -0.68225     0.73112     0.00000
    -0.73112    -0.68225     0.00000
     0.00000     0.00000     1.00000
           0           4          10           3
    11.37435    10.61229    -3.14088
    -0.68225     0.73112     0.00000
    -0.73112    -0.68225     0.00000
     0.00000     0.00000     1.00000
           0           4          10           4
    11.37435    10.61229     3.23452
    -0.68225     0.73112     0.00000
    -0.73112    -0.68225     0.00000
     0.00000     0.00000     1.00000
           0           4          10           5
    11.37435    10.61229     9.60992
    -0.68225     0.73112     0.00000
    -0.73112    -0.68225     0.00000
     0.00000     0.00000     1.00000
           0           4          10           6
    11.37435    10.61229    15.98532
    -0.68225     0.73112     0.00000
    -0.73112    -0.68225     0.00000
     0.00000     0.00000     1.00000
           0           4          11           1
     9.46965    13.75157   -15.89168
    -0.82373     0.56698     0.00000
    -0.56698    -0.82373     0.00000
     0.00000     0.00000     1.00000
           0           4          11           2
     9.46965    13.75157    -9.51628
    -0.82373     0.56698     0.00000
    -0.56698    -0.82373     0.00000
     0.00000     0.00000     1.00000
           0           4          11           3
     9.46965    13.75157    -3.14088
    -0.82373     0.56698     0.00000
    -0.56698    -0.82373     0.00000
     0.00000     0.00000     1.00000
           0           4          11           4
     9.46965    13.75157     3.23452
    -0.82373     0.56698     0.00000
    -0.56698    -0.82373     0.00000
     0.00000     0.00000     1.00000
           0           4          11           5
     9.46965    13.75157     9.60992
    -0.82373     0.56698     0.00000
    -0.56698    -0.82373     0.00000
     0.00000     0.00000     1.00000
           0           4          11           6
     9.46965    13.75157    15.98532
    -0.82373     0.56698     0.00000
    -0.56698    -0.82373     0.00000
     0.00000     0.00000     1.00000
           0           4          12           1
     6.96579    16.42039   -15.89168
    -0.92071     0.39025     0.00000
    -0.39025    -0.92071     0.00000
     0.00000     0.00000     1.00000
           0           4          12           2
     6.96579    16.42039    -9.51628
    -0.92071     0.39025     0.00000
    -0.39025    -0.92071     0.00000
     0.00000     0.00000     1.00000
           0           4          12           3
     6.96579    16.42039    -3.14088
    -0.92071     0.39025     0.00000
    -0.39025    -0.92071     0.00000
     0.00000     0.00000     1.00000
           0           4          12           4
     6.96579    16.42039     3.23452
    -0.92071     0.39025     0.00000
    -0.39025    -0.92071     0.00000
     0.00000     0.00000     1.00000
           0           4          12           5
     6.96579    16.42039     9.60992
    -0.92071     0.39025     0.00000
    -0.39025    -0.92071     0.00000
     0.00000     0.00000     1.00000
           0           4          12           6
     6.96579    16.42039    15.98532
    -0.92071     0.39025     0.00000
    -0.39025    -0.92071     0.00000
     0.00000     0.00000     1.00000
           0           4          13           1
    -6.97299    16.40056    15.89307
     0.92071     0.39025     0.00000
     0.39025    -0.92071     0.00000
     0.00000    -0.00000    -1.00000
           0           4          13           2
    -6.97299    16.40056     9.51767
     0.92071     0.39025     0.00000
     0.39025    -0.92071     0.00000
     0.00000    -0.00000    -1.00000
           0           4          13           3
    -6.97299    16.40056     3.14227
     0.92071     0.39025     0.00000
     0.39025    -0.92071     0.00000
     0.00000    -0.00000    -1.00000
           0           4          13           4
    -6.97299    16.40056    -3.23313
     0.92071     0.39025     0.00000
     0.39025    -0.92071     0.00000
     0.00000    -0.00000    -1.00000
           0           4          13           5
    -6.97299    16.40056    -9.60853
     0.92071     0.39025     0.00000
     0.39025    -0.92071     0.00000
     0.00000    -0.00000    -1.00000
           0           4          13           6
    -6.97299    16.40056   -15.98393
     0.92071     0.39025     0.00000
     0.39025    -0.92071     0.00000
     0.00000    -0.00000    -1.00000
           0           4          14           1
    -9.47685    13.73174    15.89307
     0.82373     0.56698     0.00000
     0.56698    -0.82373     0.00000
     0.00000    -0.00000    -1.00000
           0           4          14           2
    -9.47685    13.73174     9.51767
     0.82373     0.56698     0.00000
     0.56698    -0.82373     0.00000
     0.00000    -0.00000    -1.00000
           0           4          14           3
    -9.47685    13.73174     3.14227
     0.82373     0.56698     0.00000
     0.56698    -0.82373     0.00000
     0.00000    -0.00000    -1.00000
           0           4          14           4
    -9.47685    13.73174    -3.23313
     0.82373     0.56698     0.00000
     0.56698    -0.82373     0.00000
     0.00000    -0.00000    -1.00000
           0           4          14           5
    -9.47685    13.73174    -9.60853
     0.82373     0.56698     0.00000
     0.56698    -0.82373     0.00000
     0.00000    -0.00000    -1.00000
           0           4          14           6
    -9.47685    13.73174   -15.98393
     0.82373     0.56698     0.00000
     0.56698    -0.82373     0.00000
     0.00000    -0.00000    -1.00000
           0           4          15           1
   -11.38155    10.59246    15.89307
     0.68225     0.73112     0.00000
     0.73112    -0.68225     0.00000
     0.00000    -0.00000    -1.00000
           0           4          15           2
   -11.38155    10.59246     9.51767
     0.68225     0.73112     0.00000
     0.73112    -0.68225     0.00000
     0.00000    -0.00000    -1.00000
           0           4          15           3
   -11.38155    10.59246     3.14227
     0.68225     0.73112     0.00000
     0.73112    -0.68225     0.00000
     0.00000    -0.00000    -1.00000
           0           4          15           4
   -11.38156    10.59246    -3.23313
     0.68225     0.73112     0.00000
     0.73112    -0.68225     0.00000
     0.00000    -0.00000    -1.00000
           0           4          15           5
   -11.38156    10.59246    -9.60853
     0.68225     0.73112     0.00000
     0.73112    -0.68225     0.00000
     0.00000    -0.00000    -1.00000
           0           4          15           6
   -11.38156    10.59246   -15.98393
     0.68225     0.73112     0.00000
     0.73112    -0.68225     0.00000
     0.00000    -0.00000    -1.00000
           0           4          16           1
   -15.30041     9.16291    15.89307
     0.51474     0.85735     0.00000
     0.85735    -0.51474     0.00000
     0.00000    -0.00000    -1.00000
           0           4          16           2
   -15.30041     9.16291     9.51767
     0.51474     0.85735     0.00000
     0.85735    -0.51474     0.00000
     0.00000    -0.00000    -1.00000
           0           4          16           3
   -15.30041     9.16291     3.14227
     0.51474     0.85735     0.00000
     0.85735    -0.51474     0.00000
     0.00000    -0.00000    -1.00000
           0           4          16           4
   -15.30041     9.16291    -3.23313
     0.51474     0.85735     0.00000
     0.85735    -0.51474     0.00000
     0.00000    -0.00000    -1.00000
           0           4          16           5
   -15.30042     9.16291    -9.60853
     0.51474     0.85735     0.00000
     0.85735    -0.51474     0.00000
     0.00000    -0.00000    -1.00000
           0           4          16           6
   -15.30042     9.16291   -15.98393
     0.51474     0.85735     0.00000
     0.85735    -0.51474     0.00000
     0.00000    -0.00000    -1.00000
           0           4          17           1
   -15.75422     5.53167    15.89307
     0.33233     0.94316     0.00000
     0.94316    -0.33233     0.00000
     0.00000    -0.00000    -1.00000
           0           4          17           2
   -15.75422     5.53167     9.51767
     0.33233     0.94316     0.00000
     0.94316    -0.33233     0.00000
     0.00000    -0.00000    -1.00000
           0           4          17           3
   -15.75422     5.53167     3.14227
     0.33233     0.94316     0.00000
     0.94316    -0.33233     0.00000
     0.00000    -0.00000    -1.00000
           0           4          17           4
   -15.75422     5.53167    -3.23313
     0.33233     0.94316     0.00000
     0.94316    -0.33233     0.00000
     0.00000    -0.00000    -1.00000
           0           4          17           5
   -15.75422     5.53167    -9.60853
     0.33233     0.94316     0.00000
     0.94316    -0.33233     0.00000
     0.00000    -0.00000    -1.00000
           0           4          17           6
   -15.75422     5.53167   -15.98393
     0.33233     0.94316     0.00000
     0.94316    -0.33233     0.00000
     0.00000    -0.00000    -1.00000
           0           4          18           1
   -15.44674     1.87265    15.89307
     0.12135     0.99261     0.00000
     0.99261    -0.12135     0.00000
     0.00000    -0.00000    -1.00000
           0           4          18           2
   -15.44674     1.87265     9.51767
     0.12135     0.99261     0.00000
     0.99261    -0.12135     0.00000
     0.00000    -0.00000    -1.00000
           0           4          18           3
   -15.44674     1.87265     3.14227
     0.12135     0.99261     0.00000
     0.99261    -0.12135     0.00000
     0.00000    -0.00000    -1.00000
           0           4          18           4
   -15.44674     1.87265    -3.23313
     0.12135     0.99261     0.00000
     0.99261    -0.12135     0.00000
     0.00000    -0.00000    -1.00000
           0           4          18           5
   -15.44674     1.87265    -9.60853
     0.12135     0.99261     0.00000
     0.99261    -0.12135     0.00000
     0.00000    -0.00000    -1.00000
           0           4          18           6
   -15.44674     1.87265   -15.98393
     0.12135     0.99261     0.00000
     0.99261    -0.12135     0.00000
     0.00000    -0.00000    -1.00000
           0           4          19           1
   -17.77388    -1.58936    15.89307
    -0.08837     0.99609    -0.00000
     0.99609     0.08837    -0.00000
    -0.00000    -0.00000    -1.00000
           0           4          19           2
   -17.77388    -1.58936     9.51767
    -0.08837     0.99609    -0.00000
     0.99609     0.08837    -0.00000
    -0.00000    -0.00000    -1.00000
           0           4          19           3
   -17.77388    -1.58936     3.14227
    -0.08837     0.99609    -0.00000
     0.99609     0.08837    -0.00000
    -0.00000    -0.00000    -1.00000
           0           4          19           4
   -17.77388    -1.58936    -3.23313
    -0.08837     0.99609    -0.00000
     0.99609     0.08837    -0.00000
    -0.00000    -0.00000    -1.00000
           0           4          19           5
   -17.77388    -1.58936    -9.60853
    -0.08837     0.99609    -0.00000
     0.99609     0.08837    -0.00000
    -0.00000    -0.00000    -1.00000
           0           4          19           6
   -17.77388    -1.58936   -15.98393
    -0.08837     0.99609    -0.00000
     0.99609     0.08837    -0.00000
    -0.00000    -0.00000    -1.00000
           0           4          20           1
   -16.00383    -4.79229    15.89307
    -0.28636     0.95812    -0.00000
     0.95812     0.28636    -0.00000
    -0.00000    -0.00000    -1.00000
           0           4          20           2
   -16.00383    -4.79229     9.51767
    -0.28636     0.95812    -0.00000
     0.95812     0.28636    -0.00000
    -0.00000    -0.00000    -1.00000
           0           4          20           3
   -16.00383    -4.79229     3.14227
    -0.28636     0.95812    -0.00000
     0.95812     0.28636    -0.00000
    -0.00000    -0.00000    -1.00000
           0           4          20           4
   -16.00383    -4.79229    -3.23313
    -0.28636     0.95812    -0.00000
     0.95812     0.28636    -0.00000
    -0.00000    -0.00000    -1.00000
           0           4          20           5
   -16.00383    -4.79229    -9.60853
    -0.28636     0.95812    -0.00000
     0.95812     0.28636    -0.00000
    -0.00000    -0.00000    -1.00000
           0           4          20           6
   -16.00383    -4.79229   -15.98393
    -0.28636     0.95812    -0.00000
     0.95812     0.28636    -0.00000
    -0.00000    -0.00000    -1.00000
           0           4          21           1
   -13.60193    -7.56968    15.89307
    -0.48603     0.87394    -0.00000
     0.87394     0.48603    -0.00000
    -0.00000    -0.00000    -1.00000
           0           4          21           2
   -13.60193    -7.56968     9.51767
    -0.48603     0.87394    -0.00000
     0.87394     0.48603    -0.00000
    -0.00000    -0.00000    -1.00000
           0           4          21           3
   -13.60193    -7.56968     3.14227
    -0.48603     0.87394    -0.00000
     0.87394     0.48603    -0.00000
    -0.00000    -0.00000    -1.00000
           0           4          21           4
   -13.60193    -7.56968    -3.23313
    -0.48603     0.87394    -0.00000
     0.87394     0.48603    -0.00000
    -0.00000    -0.00000    -1.00000
           0           4          21           5
   -13.60193    -7.56968    -9.60853
    -0.48603     0.87394    -0.00000
     0.87394     0.48603    -0.00000
    -0.00000    -0.00000    -1.00000
           0           4          21           6
   -13.60193    -7.56968   -15.98393
    -0.48603     0.87394    -0.00000
     0.87394     0.48603    -0.00000
    -0.00000    -0.00000    -1.00000
           0           4          22           1
   -13.44606   -11.73822    15.89307
    -0.65764     0.75333    -0.00000
     0.75333     0.65764    -0.00000
    -0.00000    -0.00000    -1.00000
           0           4          22           2
   -13.44606   -11.73822     9.51767
    -0.65764     0.75333    -0.00000
     0.75333     0.65764    -0.00000
    -0.00000    -0.00000    -1.00000
           0           4          22           3
   -13.44607   -11.73822     3.14227
    -0.65764     0.75333    -0.00000
     0.75333     0.65764    -0.00000
    -0.00000    -0.00000    -1.00000
           0           4          22           4
   -13.44607   -11.73822    -3.23313
    -0.65764     0.75333    -0.00000
     0.75333     0.65764    -0.00000
    -0.00000    -0.00000    -1.00000
           0           4          22           5
   -13.44607   -11.73822    -9.60853
    -0.65764     0.75333    -0.00000
     0.75333     0.65764    -0.00000
    -0.00000    -0.00000    -1.00000
           0           4          22           6
   -13.44607   -11.73822   -15.98393
    -0.65764     0.75333    -0.00000
     0.75333     0.65764    -0.00000
    -0.00000    -0.00000    -1.00000
           0           4          23           1
   -10.13007   -13.28615    15.89307
    -0.79537     0.60613    -0.00000
     0.60613     0.79537    -0.00000
    -0.00000    -0.00000    -1.00000
           0           4          23           2
   -10.13007   -13.28615     9.51767
    -0.79537     0.60613    -0.00000
     0.60613     0.79537    -0.00000
    -0.00000    -0.00000    -1.00000
           0           4          23           3
   -10.13007   -13.28615     3.14227
    -0.79537     0.60613    -0.00000
     0.60613     0.79537    -0.00000
    -0.00000    -0.00000    -1.00000
           0           4          23           4
   -10.13007   -13.28615    -3.23313
    -0.79537     0.60613    -0.00000
     0.60613     0.79537    -0.00000
    -0.00000    -0.00000    -1.00000
           0           4          23           5
   -10.13007   -13.28615    -9.60853
    -0.79537     0.60613    -0.00000
     0.60613     0.79537    -0.00000
    -0.00000    -0.00000    -1.00000
           0           4          23           6
   -10.13007   -13.28615   -15.98393
    -0.79537     0.60613    -0.00000
     0.60613     0.79537    -0.00000
    -0.00000    -0.00000    -1.00000
           0           4          24           1
    -6.55367   -14.11818    15.89307
    -0.90726     0.42056    -0.00000
     0.42056     0.90726    -0.00000
    -0.00000    -0.00000    -1.00000
           0           4          24           2
    -6.55367   -14.11818     9.51767
    -0.90726     0.42056    -0.00000
     0.42056     0.90726    -0.00000
    -0.00000    -0.00000    -1.00000
           0           4          24           3
    -6.55367   -14.11818     3.14227
    -0.90726     0.42056    -0.00000
     0.42056     0.90726    -0.00000
    -0.00000    -0.00000    -1.00000
           0           4          24           4
    -6.55367   -14.11818    -3.23313
    -0.90726     0.42056    -0.00000
     0.42056     0.90726    -0.00000
    -0.00000    -0.00000    -1.00000
           0           4          24           5
    -6.55367   -14.11818    -9.60853
    -0.90726     0.42056    -0.00000
     0.42056     0.90726    -0.00000
    -0.00000    -0.00000    -1.00000
           0           4          24           6
    -6.55367   -14.11818   -15.98393
    -0.90726     0.42056    -0.00000
     0.42056     0.90726    -0.00000
    -0.00000    -0.00000    -1.00000
