 SVX cage parameters:
     2.20000
     0.50000     0.20000
     0.00000
           6
   -40.00000   -26.50000   -26.50000    26.50000    26.50000    40.00000
    53.00000    53.00000    22.14782    22.14782    53.00000    53.00000
     0.00000     0.00000     0.00000
 SVX barrel parameters:
           4
     2.63000     5.19260    11.76500    16.68700     1.14100
     0.00000     0.00000     0.00000     0.00000
           4           4           5           6
     0.69600     0.69600     1.74500     1.74500
     0.01000     0.01000     0.03125     0.03125
     2.83600     2.83600     3.18770     3.18770
     0.01900     0.01900     0.00000     0.00000
     0.02000     0.02000     0.00000     0.00000
    26.70000    13.62600    17.00000    12.00000
   -13.00000   -12.98000     0.00000     0.00000
           2
           5           5
     0.00000   180.00000
           2
          10          10
     0.00000   180.00000
           2
           8           8
     0.00000   180.00000
           2
          12          12
     0.00000   180.00000
 SVX barrel sensor rotation matrices and translation vectors:
           0           1           1           1
     1.58338    -2.10648     8.59144
     0.64812     0.76154    -0.00044
    -0.76154     0.64812     0.00076
     0.00086    -0.00016     1.00000
           0           1           1           2
     1.57848    -2.10559     2.89944
     0.64812     0.76154    -0.00044
    -0.76154     0.64812     0.00076
     0.00086    -0.00016     1.00000
           0           1           1           3
     1.57358    -2.10471    -2.79255
     0.64812     0.76154    -0.00044
    -0.76154     0.64812     0.00076
     0.00086    -0.00016     1.00000
           0           1           1           4
     1.56869    -2.10383    -8.48455
     0.64812     0.76154    -0.00044
    -0.76154     0.64812     0.00076
     0.00086    -0.00016     1.00000
           0           1           2           1
     2.36488    -1.17678     8.59091
     0.23684     0.97155    -0.00005
    -0.97155     0.23684     0.00087
     0.00086    -0.00016     1.00000
           0           1           2           2
     2.35998    -1.17589     2.89892
     0.23684     0.97155    -0.00005
    -0.97155     0.23684     0.00087
     0.00086    -0.00016     1.00000
           0           1           2           3
     2.35508    -1.17501    -2.79308
     0.23684     0.97155    -0.00005
    -0.97155     0.23684     0.00087
     0.00086    -0.00016     1.00000
           0           1           2           4
     2.35019    -1.17413    -8.48508
     0.23684     0.97155    -0.00005
    -0.97155     0.23684     0.00087
     0.00086    -0.00016     1.00000
           0           1           3           1
     2.64531     0.00493     8.59086
    -0.22495     0.97437     0.00034
    -0.97437    -0.22495     0.00080
     0.00086    -0.00016     1.00000
           0           1           3           2
     2.64041     0.00582     2.89886
    -0.22495     0.97437     0.00034
    -0.97437    -0.22495     0.00080
     0.00086    -0.00016     1.00000
           0           1           3           3
     2.63551     0.00670    -2.79314
    -0.22495     0.97437     0.00034
    -0.97437    -0.22495     0.00080
     0.00086    -0.00016     1.00000
           0           1           3           4
     2.63062     0.00758    -8.48514
    -0.22495     0.97437     0.00034
    -0.97437    -0.22495     0.00080
     0.00086    -0.00016     1.00000
           0           1           4           1
     2.36488     1.18664     8.59128
    -0.63877     0.76940     0.00067
    -0.76940    -0.63877     0.00056
     0.00086    -0.00016     1.00000
           0           1           4           2
     2.35998     1.18753     2.89928
    -0.63877     0.76940     0.00067
    -0.76940    -0.63877     0.00056
     0.00086    -0.00016     1.00000
           0           1           4           3
     2.35508     1.18841    -2.79272
    -0.63877     0.76940     0.00067
    -0.76940    -0.63877     0.00056
     0.00086    -0.00016     1.00000
           0           1           4           4
     2.35019     1.18929    -8.48471
    -0.63877     0.76940     0.00067
    -0.76940    -0.63877     0.00056
     0.00086    -0.00016     1.00000
           0           1           5           1
     1.58338     2.11634     8.59210
    -0.91636     0.40035     0.00085
    -0.40035    -0.91636     0.00020
     0.00086    -0.00016     1.00000
           0           1           5           2
     1.57848     2.11723     2.90010
    -0.91636     0.40035     0.00085
    -0.40035    -0.91636     0.00020
     0.00086    -0.00016     1.00000
           0           1           5           3
     1.57358     2.11811    -2.79190
    -0.91636     0.40035     0.00085
    -0.40035    -0.91636     0.00020
     0.00086    -0.00016     1.00000
           0           1           5           4
     1.56869     2.11899    -8.48390
    -0.91636     0.40035     0.00085
    -0.40035    -0.91636     0.00020
     0.00086    -0.00016     1.00000
           0           1           6           1
    -1.59549     2.10544    -8.59783
     0.91636     0.40035    -0.00054
     0.40035    -0.91636    -0.00114
    -0.00095     0.00083    -1.00000
           0           1           6           2
    -1.59006     2.10073    -2.90583
     0.91636     0.40035    -0.00054
     0.40035    -0.91636    -0.00114
    -0.00095     0.00083    -1.00000
           0           1           6           3
    -1.58464     2.09602     2.78616
     0.91636     0.40035    -0.00054
     0.40035    -0.91636    -0.00114
    -0.00095     0.00083    -1.00000
           0           1           6           4
    -1.57922     2.09131     8.47816
     0.91636     0.40035    -0.00054
     0.40035    -0.91636    -0.00114
    -0.00095     0.00083    -1.00000
           0           1           7           1
    -2.37699     1.17574    -8.59785
     0.63877     0.76940     0.00003
     0.76940    -0.63877    -0.00126
    -0.00095     0.00083    -1.00000
           0           1           7           2
    -2.37157     1.17103    -2.90586
     0.63877     0.76940     0.00003
     0.76940    -0.63877    -0.00126
    -0.00095     0.00083    -1.00000
           0           1           7           3
    -2.36614     1.16632     2.78614
     0.63877     0.76940     0.00003
     0.76940    -0.63877    -0.00126
    -0.00095     0.00083    -1.00000
           0           1           7           4
    -2.36072     1.16161     8.47813
     0.63877     0.76940     0.00003
     0.76940    -0.63877    -0.00126
    -0.00095     0.00083    -1.00000
           0           1           8           1
    -2.65742    -0.00597    -8.59856
     0.22495     0.97437     0.00059
     0.97437    -0.22495    -0.00111
    -0.00095     0.00083    -1.00000
           0           1           8           2
    -2.65200    -0.01068    -2.90657
     0.22495     0.97437     0.00059
     0.97437    -0.22495    -0.00111
    -0.00095     0.00083    -1.00000
           0           1           8           3
    -2.64657    -0.01539     2.78543
     0.22495     0.97437     0.00059
     0.97437    -0.22495    -0.00111
    -0.00095     0.00083    -1.00000
           0           1           8           4
    -2.64115    -0.02010     8.47742
     0.22495     0.97437     0.00059
     0.97437    -0.22495    -0.00111
    -0.00095     0.00083    -1.00000
           0           1           9           1
    -2.37699    -1.18768    -8.59981
    -0.23684     0.97155     0.00103
     0.97155     0.23684    -0.00073
    -0.00095     0.00083    -1.00000
           0           1           9           2
    -2.37157    -1.19239    -2.90781
    -0.23684     0.97155     0.00103
     0.97155     0.23684    -0.00073
    -0.00095     0.00083    -1.00000
           0           1           9           3
    -2.36615    -1.19710     2.78418
    -0.23684     0.97155     0.00103
     0.97155     0.23684    -0.00073
    -0.00095     0.00083    -1.00000
           0           1           9           4
    -2.36072    -1.20181     8.47618
    -0.23684     0.97155     0.00103
     0.97155     0.23684    -0.00073
    -0.00095     0.00083    -1.00000
           0           1          10           1
    -1.59549    -2.11738    -8.60132
    -0.64812     0.76154     0.00125
     0.76154     0.64812    -0.00019
    -0.00095     0.00083    -1.00000
           0           1          10           2
    -1.59007    -2.12209    -2.90933
    -0.64812     0.76154     0.00125
     0.76154     0.64812    -0.00019
    -0.00095     0.00083    -1.00000
           0           1          10           3
    -1.58465    -2.12680     2.78267
    -0.64812     0.76154     0.00125
     0.76154     0.64812    -0.00019
    -0.00095     0.00083    -1.00000
           0           1          10           4
    -1.57923    -2.13151     8.47466
    -0.64812     0.76154     0.00125
     0.76154     0.64812    -0.00019
    -0.00095     0.00083    -1.00000
           0           2           1           1
     2.50757    -4.55048     8.59027
     0.74707     0.66475    -0.00054
    -0.66475     0.74707     0.00069
     0.00086    -0.00016     1.00000
           0           2           1           2
     2.50267    -4.54959     2.89827
     0.74707     0.66475    -0.00054
    -0.66475     0.74707     0.00069
     0.00086    -0.00016     1.00000
           0           2           1           3
     2.49777    -4.54871    -2.79373
     0.74707     0.66475    -0.00054
    -0.66475     0.74707     0.00069
     0.00086    -0.00016     1.00000
           0           2           1           4
     2.49288    -4.54783    -8.48573
     0.74707     0.66475    -0.00054
    -0.66475     0.74707     0.00069
     0.00086    -0.00016     1.00000
           0           2           2           1
     3.51060    -3.83513     8.58951
     0.56944     0.82203    -0.00036
    -0.82203     0.56944     0.00080
     0.00086    -0.00016     1.00000
           0           2           2           2
     3.50570    -3.83424     2.89752
     0.56944     0.82203    -0.00036
    -0.82203     0.56944     0.00080
     0.00086    -0.00016     1.00000
           0           2           2           3
     3.50080    -3.83336    -2.79448
     0.56944     0.82203    -0.00036
    -0.82203     0.56944     0.00080
     0.00086    -0.00016     1.00000
           0           2           2           4
     3.49591    -3.83248    -8.48648
     0.56944     0.82203    -0.00036
    -0.82203     0.56944     0.00080
     0.00086    -0.00016     1.00000
           0           2           3           1
     4.31687    -2.90362     8.58897
     0.35975     0.93305    -0.00016
    -0.93305     0.35975     0.00086
     0.00086    -0.00016     1.00000
           0           2           3           2
     4.31197    -2.90273     2.89697
     0.35975     0.93305    -0.00016
    -0.93305     0.35975     0.00086
     0.00086    -0.00016     1.00000
           0           2           3           3
     4.30707    -2.90185    -2.79503
     0.35975     0.93305    -0.00016
    -0.93305     0.35975     0.00086
     0.00086    -0.00016     1.00000
           0           2           3           4
     4.30218    -2.90097    -8.48703
     0.35975     0.93305    -0.00016
    -0.93305     0.35975     0.00086
     0.00086    -0.00016     1.00000
           0           2           4           1
     4.88101    -1.80838     8.58865
     0.12982     0.99154     0.00004
    -0.99154     0.12982     0.00087
     0.00086    -0.00016     1.00000
           0           2           4           2
     4.87611    -1.80749     2.89665
     0.12982     0.99154     0.00004
    -0.99154     0.12982     0.00087
     0.00086    -0.00016     1.00000
           0           2           4           3
     4.87121    -1.80661    -2.79534
     0.12982     0.99154     0.00004
    -0.99154     0.12982     0.00087
     0.00086    -0.00016     1.00000
           0           2           4           4
     4.86632    -1.80573    -8.48734
     0.12982     0.99154     0.00004
    -0.99154     0.12982     0.00087
     0.00086    -0.00016     1.00000
           0           2           5           1
     5.17124    -0.61106     8.58859
    -0.10743     0.99421     0.00025
    -0.99421    -0.10743     0.00084
     0.00086    -0.00016     1.00000
           0           2           5           2
     5.16634    -0.61017     2.89659
    -0.10743     0.99421     0.00025
    -0.99421    -0.10743     0.00084
     0.00086    -0.00016     1.00000
           0           2           5           3
     5.16144    -0.60929    -2.79541
    -0.10743     0.99421     0.00025
    -0.99421    -0.10743     0.00084
     0.00086    -0.00016     1.00000
           0           2           5           4
     5.15655    -0.60841    -8.48741
    -0.10743     0.99421     0.00025
    -0.99421    -0.10743     0.00084
     0.00086    -0.00016     1.00000
           0           2           6           1
     5.17124     0.62092     8.58878
    -0.33862     0.94092     0.00044
    -0.94092    -0.33862     0.00076
     0.00086    -0.00016     1.00000
           0           2           6           2
     5.16634     0.62181     2.89678
    -0.33862     0.94092     0.00044
    -0.94092    -0.33862     0.00076
     0.00086    -0.00016     1.00000
           0           2           6           3
     5.16144     0.62269    -2.79522
    -0.33862     0.94092     0.00044
    -0.94092    -0.33862     0.00076
     0.00086    -0.00016     1.00000
           0           2           6           4
     5.15655     0.62357    -8.48722
    -0.33862     0.94092     0.00044
    -0.94092    -0.33862     0.00076
     0.00086    -0.00016     1.00000
           0           2           7           1
     4.88101     1.81824     8.58921
    -0.55076     0.83467     0.00060
    -0.83467    -0.55076     0.00063
     0.00086    -0.00016     1.00000
           0           2           7           2
     4.87611     1.81913     2.89722
    -0.55076     0.83467     0.00060
    -0.83467    -0.55076     0.00063
     0.00086    -0.00016     1.00000
           0           2           7           3
     4.87121     1.82001    -2.79478
    -0.55076     0.83467     0.00060
    -0.83467    -0.55076     0.00063
     0.00086    -0.00016     1.00000
           0           2           7           4
     4.86632     1.82089    -8.48678
    -0.55076     0.83467     0.00060
    -0.83467    -0.55076     0.00063
     0.00086    -0.00016     1.00000
           0           2           8           1
     4.31687     2.91348     8.58987
    -0.73189     0.68142     0.00074
    -0.68142    -0.73189     0.00047
     0.00086    -0.00016     1.00000
           0           2           8           2
     4.31197     2.91437     2.89787
    -0.73189     0.68142     0.00074
    -0.68142    -0.73189     0.00047
     0.00086    -0.00016     1.00000
           0           2           8           3
     4.30707     2.91525    -2.79413
    -0.73189     0.68142     0.00074
    -0.68142    -0.73189     0.00047
     0.00086    -0.00016     1.00000
           0           2           8           4
     4.30218     2.91613    -8.48612
    -0.73189     0.68142     0.00074
    -0.68142    -0.73189     0.00047
     0.00086    -0.00016     1.00000
           0           2           9           1
     3.51060     3.84499     8.59071
    -0.87182     0.48982     0.00083
    -0.48982    -0.87182     0.00029
     0.00086    -0.00016     1.00000
           0           2           9           2
     3.50570     3.84588     2.89871
    -0.87182     0.48982     0.00083
    -0.48982    -0.87182     0.00029
     0.00086    -0.00016     1.00000
           0           2           9           3
     3.50080     3.84676    -2.79329
    -0.87182     0.48982     0.00083
    -0.48982    -0.87182     0.00029
     0.00086    -0.00016     1.00000
           0           2           9           4
     3.49591     3.84764    -8.48529
    -0.87182     0.48982     0.00083
    -0.48982    -0.87182     0.00029
     0.00086    -0.00016     1.00000
           0           2          10           1
     2.50757     4.56034     8.59168
    -0.96268     0.27065     0.00087
    -0.27065    -0.96268     0.00008
     0.00086    -0.00016     1.00000
           0           2          10           2
     2.50267     4.56123     2.89968
    -0.96268     0.27065     0.00087
    -0.27065    -0.96268     0.00008
     0.00086    -0.00016     1.00000
           0           2          10           3
     2.49777     4.56211    -2.79231
    -0.96268     0.27065     0.00087
    -0.27065    -0.96268     0.00008
     0.00086    -0.00016     1.00000
           0           2          10           4
     2.49288     4.56299    -8.48431
    -0.96268     0.27065     0.00087
    -0.27065    -0.96268     0.00008
     0.00086    -0.00016     1.00000
           0           2          11           1
    -2.51967     4.54944    -8.59493
     0.96268     0.27065    -0.00069
     0.27065    -0.96268    -0.00105
    -0.00095     0.00083    -1.00000
           0           2          11           2
    -2.51425     4.54473    -2.90293
     0.96268     0.27065    -0.00069
     0.27065    -0.96268    -0.00105
    -0.00095     0.00083    -1.00000
           0           2          11           3
    -2.50883     4.54002     2.78907
     0.96268     0.27065    -0.00069
     0.27065    -0.96268    -0.00105
    -0.00095     0.00083    -1.00000
           0           2          11           4
    -2.50341     4.53531     8.48106
     0.96268     0.27065    -0.00069
     0.27065    -0.96268    -0.00105
    -0.00095     0.00083    -1.00000
           0           2          12           1
    -3.52270     3.83409    -8.59456
     0.87182     0.48982    -0.00043
     0.48982    -0.87182    -0.00119
    -0.00095     0.00083    -1.00000
           0           2          12           2
    -3.51728     3.82938    -2.90257
     0.87182     0.48982    -0.00043
     0.48982    -0.87182    -0.00119
    -0.00095     0.00083    -1.00000
           0           2          12           3
    -3.51186     3.82467     2.78943
     0.87182     0.48982    -0.00043
     0.48982    -0.87182    -0.00119
    -0.00095     0.00083    -1.00000
           0           2          12           4
    -3.50644     3.81996     8.48142
     0.87182     0.48982    -0.00043
     0.48982    -0.87182    -0.00119
    -0.00095     0.00083    -1.00000
           0           2          13           1
    -4.32897     2.90258    -8.59457
     0.73189     0.68142    -0.00013
     0.68142    -0.73189    -0.00125
    -0.00095     0.00083    -1.00000
           0           2          13           2
    -4.32355     2.89787    -2.90257
     0.73189     0.68142    -0.00013
     0.68142    -0.73189    -0.00125
    -0.00095     0.00083    -1.00000
           0           2          13           3
    -4.31813     2.89316     2.78943
     0.73189     0.68142    -0.00013
     0.68142    -0.73189    -0.00125
    -0.00095     0.00083    -1.00000
           0           2          13           4
    -4.31271     2.88845     8.48142
     0.73189     0.68142    -0.00013
     0.68142    -0.73189    -0.00125
    -0.00095     0.00083    -1.00000
           0           2          14           1
    -4.89312     1.80734    -8.59493
     0.55076     0.83467     0.00017
     0.83466    -0.55076    -0.00125
    -0.00095     0.00083    -1.00000
           0           2          14           2
    -4.88769     1.80263    -2.90294
     0.55076     0.83467     0.00017
     0.83466    -0.55076    -0.00125
    -0.00095     0.00083    -1.00000
           0           2          14           3
    -4.88227     1.79792     2.78906
     0.55076     0.83467     0.00017
     0.83466    -0.55076    -0.00125
    -0.00095     0.00083    -1.00000
           0           2          14           4
    -4.87685     1.79321     8.48105
     0.55076     0.83467     0.00017
     0.83466    -0.55076    -0.00125
    -0.00095     0.00083    -1.00000
           0           2          15           1
    -5.18335     0.61003    -8.59565
     0.33862     0.94092     0.00046
     0.94092    -0.33862    -0.00118
    -0.00095     0.00083    -1.00000
           0           2          15           2
    -5.17792     0.60532    -2.90365
     0.33862     0.94092     0.00046
     0.94092    -0.33862    -0.00118
    -0.00095     0.00083    -1.00000
           0           2          15           3
    -5.17250     0.60061     2.78834
     0.33862     0.94092     0.00046
     0.94092    -0.33862    -0.00118
    -0.00095     0.00083    -1.00000
           0           2          15           4
    -5.16708     0.59590     8.48034
     0.33862     0.94092     0.00046
     0.94092    -0.33862    -0.00118
    -0.00095     0.00083    -1.00000
           0           2          16           1
    -5.18335    -0.62196    -8.59667
     0.10743     0.99421     0.00072
     0.99421    -0.10743    -0.00104
    -0.00095     0.00083    -1.00000
           0           2          16           2
    -5.17793    -0.62667    -2.90467
     0.10743     0.99421     0.00072
     0.99421    -0.10743    -0.00104
    -0.00095     0.00083    -1.00000
           0           2          16           3
    -5.17250    -0.63138     2.78732
     0.10743     0.99421     0.00072
     0.99421    -0.10743    -0.00104
    -0.00095     0.00083    -1.00000
           0           2          16           4
    -5.16708    -0.63609     8.47932
     0.10743     0.99421     0.00072
     0.99421    -0.10743    -0.00104
    -0.00095     0.00083    -1.00000
           0           2          17           1
    -4.89312    -1.81927    -8.59793
    -0.12982     0.99154     0.00094
     0.99154     0.12982    -0.00084
    -0.00095     0.00083    -1.00000
           0           2          17           2
    -4.88770    -1.82398    -2.90594
    -0.12982     0.99154     0.00094
     0.99154     0.12982    -0.00084
    -0.00095     0.00083    -1.00000
           0           2          17           3
    -4.88228    -1.82869     2.78606
    -0.12982     0.99154     0.00094
     0.99154     0.12982    -0.00084
    -0.00095     0.00083    -1.00000
           0           2          17           4
    -4.87685    -1.83340     8.47805
    -0.12982     0.99154     0.00094
     0.99154     0.12982    -0.00084
    -0.00095     0.00083    -1.00000
           0           2          18           1
    -4.32899    -2.91451    -8.59938
    -0.35975     0.93305     0.00111
     0.93305     0.35975    -0.00059
    -0.00095     0.00083    -1.00000
           0           2          18           2
    -4.32357    -2.91922    -2.90738
    -0.35975     0.93305     0.00111
     0.93305     0.35975    -0.00059
    -0.00095     0.00083    -1.00000
           0           2          18           3
    -4.31814    -2.92393     2.78461
    -0.35975     0.93305     0.00111
     0.93305     0.35975    -0.00059
    -0.00095     0.00083    -1.00000
           0           2          18           4
    -4.31272    -2.92864     8.47661
    -0.35975     0.93305     0.00111
     0.93305     0.35975    -0.00059
    -0.00095     0.00083    -1.00000
           0           2          19           1
    -3.52271    -3.84603    -8.60092
    -0.56944     0.82203     0.00122
     0.82203     0.56944    -0.00031
    -0.00095     0.00083    -1.00000
           0           2          19           2
    -3.51729    -3.85074    -2.90892
    -0.56944     0.82203     0.00122
     0.82203     0.56944    -0.00031
    -0.00095     0.00083    -1.00000
           0           2          19           3
    -3.51187    -3.85545     2.78307
    -0.56944     0.82203     0.00122
     0.82203     0.56944    -0.00031
    -0.00095     0.00083    -1.00000
           0           2          19           4
    -3.50645    -3.86016     8.47507
    -0.56944     0.82203     0.00122
     0.82203     0.56944    -0.00031
    -0.00095     0.00083    -1.00000
           0           2          20           1
    -2.51968    -4.56138    -8.60246
    -0.74707     0.66475     0.00126
     0.66475     0.74707    -0.00002
    -0.00095     0.00083    -1.00000
           0           2          20           2
    -2.51426    -4.56609    -2.91047
    -0.74707     0.66475     0.00126
     0.66475     0.74707    -0.00002
    -0.00095     0.00083    -1.00000
           0           2          20           3
    -2.50884    -4.57080     2.78153
    -0.74707     0.66475     0.00126
     0.66475     0.74707    -0.00002
    -0.00095     0.00083    -1.00000
           0           2          20           4
    -2.50342    -4.57551     8.47352
    -0.74707     0.66475     0.00126
     0.66475     0.74707    -0.00002
    -0.00095     0.00083    -1.00000
           0           3           1           1
     5.64894   -10.32617    12.79947
    -0.87807    -0.47854     0.00068
    -0.47854     0.87807     0.00055
    -0.00086     0.00016    -1.00000
           0           3           1           2
     5.64345   -10.32518     6.42407
    -0.87807    -0.47854     0.00068
    -0.47854     0.87807     0.00055
    -0.00086     0.00016    -1.00000
           0           3           1           3
     5.63797   -10.32419     0.04867
    -0.87807    -0.47854     0.00068
    -0.47854     0.87807     0.00055
    -0.00086     0.00016    -1.00000
           0           3           1           4
     5.63249   -10.32320    -6.32672
    -0.87807    -0.47854     0.00068
    -0.47854     0.87807     0.00055
    -0.00086     0.00016    -1.00000
           0           3           1           5
     5.62700   -10.32221   -12.70212
    -0.87807    -0.47854     0.00068
    -0.47854     0.87807     0.00055
    -0.00086     0.00016    -1.00000
           0           3           2           1
     7.56960    -7.12855    12.79831
    -0.68671    -0.72693     0.00048
    -0.72693     0.68671     0.00073
    -0.00086     0.00016    -1.00000
           0           3           2           2
     7.56411    -7.12756     6.42292
    -0.68671    -0.72693     0.00048
    -0.72693     0.68671     0.00073
    -0.00086     0.00016    -1.00000
           0           3           2           3
     7.55863    -7.12657     0.04752
    -0.68671    -0.72693     0.00048
    -0.72693     0.68671     0.00073
    -0.00086     0.00016    -1.00000
           0           3           2           4
     7.55314    -7.12558    -6.32788
    -0.68671    -0.72693     0.00048
    -0.72693     0.68671     0.00073
    -0.00086     0.00016    -1.00000
           0           3           2           5
     7.54766    -7.12459   -12.70328
    -0.68671    -0.72693     0.00048
    -0.72693     0.68671     0.00073
    -0.00086     0.00016    -1.00000
           0           3           3           1
    11.54592    -5.67020    12.79512
    -0.44166    -0.89718     0.00024
    -0.89718     0.44166     0.00084
    -0.00086     0.00016    -1.00000
           0           3           3           2
    11.54043    -5.66921     6.41972
    -0.44166    -0.89718     0.00024
    -0.89718     0.44166     0.00084
    -0.00086     0.00016    -1.00000
           0           3           3           3
    11.53494    -5.66822     0.04432
    -0.44166    -0.89718     0.00024
    -0.89718     0.44166     0.00084
    -0.00086     0.00016    -1.00000
           0           3           3           4
    11.52945    -5.66723    -6.33107
    -0.44166    -0.89718     0.00024
    -0.89718     0.44166     0.00084
    -0.00086     0.00016    -1.00000
           0           3           3           5
    11.52397    -5.66624   -12.70647
    -0.44166    -0.89718     0.00024
    -0.89718     0.44166     0.00084
    -0.00086     0.00016    -1.00000
           0           3           4           1
    11.59981    -2.06902    12.79563
    -0.17623    -0.98435    -0.00000
    -0.98435     0.17623     0.00087
    -0.00086     0.00016    -1.00000
           0           3           4           2
    11.59432    -2.06803     6.42023
    -0.17623    -0.98435    -0.00000
    -0.98435     0.17623     0.00087
    -0.00086     0.00016    -1.00000
           0           3           4           3
    11.58884    -2.06704     0.04484
    -0.17623    -0.98435    -0.00000
    -0.98435     0.17623     0.00087
    -0.00086     0.00016    -1.00000
           0           3           4           4
    11.58335    -2.06605    -6.33056
    -0.17623    -0.98435    -0.00000
    -0.98435     0.17623     0.00087
    -0.00086     0.00016    -1.00000
           0           3           4           5
    11.57787    -2.06506   -12.70596
    -0.17623    -0.98435    -0.00000
    -0.98435     0.17623     0.00087
    -0.00086     0.00016    -1.00000
           0           3           5           1
    10.30760     1.43012    12.79729
     0.13727    -0.99053    -0.00027
    -0.99053    -0.13727     0.00083
    -0.00086     0.00016    -1.00000
           0           3           5           2
    10.30211     1.43111     6.42189
     0.13727    -0.99053    -0.00027
    -0.99053    -0.13727     0.00083
    -0.00086     0.00016    -1.00000
           0           3           5           3
    10.29663     1.43210     0.04649
     0.13727    -0.99053    -0.00027
    -0.99053    -0.13727     0.00083
    -0.00086     0.00016    -1.00000
           0           3           5           4
    10.29114     1.43309    -6.32891
     0.13727    -0.99053    -0.00027
    -0.99053    -0.13727     0.00083
    -0.00086     0.00016    -1.00000
           0           3           5           5
    10.28566     1.43408   -12.70430
     0.13727    -0.99053    -0.00027
    -0.99053    -0.13727     0.00083
    -0.00086     0.00016    -1.00000
           0           3           6           1
    11.65843     5.44424    12.79675
     0.42341    -0.90594    -0.00050
    -0.90594    -0.42341     0.00071
    -0.00086     0.00016    -1.00000
           0           3           6           2
    11.65294     5.44523     6.42135
     0.42341    -0.90594    -0.00050
    -0.90594    -0.42341     0.00071
    -0.00086     0.00016    -1.00000
           0           3           6           3
    11.64746     5.44622     0.04595
     0.42341    -0.90594    -0.00050
    -0.90594    -0.42341     0.00071
    -0.00086     0.00016    -1.00000
           0           3           6           4
    11.64197     5.44721    -6.32944
     0.42341    -0.90594    -0.00050
    -0.90594    -0.42341     0.00071
    -0.00086     0.00016    -1.00000
           0           3           6           5
    11.63649     5.44820   -12.70484
     0.42341    -0.90594    -0.00050
    -0.90594    -0.42341     0.00071
    -0.00086     0.00016    -1.00000
           0           3           7           1
     8.88325     7.73985    12.79949
     0.65751    -0.75345    -0.00068
    -0.75345    -0.65751     0.00055
    -0.00086     0.00016    -1.00000
           0           3           7           2
     8.87776     7.74084     6.42409
     0.65751    -0.75345    -0.00068
    -0.75345    -0.65751     0.00055
    -0.00086     0.00016    -1.00000
           0           3           7           3
     8.87228     7.74183     0.04870
     0.65751    -0.75345    -0.00068
    -0.75345    -0.65751     0.00055
    -0.00086     0.00016    -1.00000
           0           3           7           4
     8.86680     7.74282    -6.32670
     0.65751    -0.75345    -0.00068
    -0.75345    -0.65751     0.00055
    -0.00086     0.00016    -1.00000
           0           3           7           5
     8.86131     7.74381   -12.70210
     0.65751    -0.75345    -0.00068
    -0.75345    -0.65751     0.00055
    -0.00086     0.00016    -1.00000
           0           3           8           1
     5.34530     8.92165    12.80272
     0.85851    -0.51279    -0.00082
    -0.51279    -0.85851     0.00031
    -0.00086     0.00016    -1.00000
           0           3           8           2
     5.33982     8.92264     6.42732
     0.85851    -0.51279    -0.00082
    -0.51279    -0.85851     0.00031
    -0.00086     0.00016    -1.00000
           0           3           8           3
     5.33433     8.92363     0.05192
     0.85851    -0.51279    -0.00082
    -0.51279    -0.85851     0.00031
    -0.00086     0.00016    -1.00000
           0           3           8           4
     5.32885     8.92462    -6.32347
     0.85851    -0.51279    -0.00082
    -0.51279    -0.85851     0.00031
    -0.00086     0.00016    -1.00000
           0           3           8           5
     5.32336     8.92561   -12.69887
     0.85851    -0.51279    -0.00082
    -0.51279    -0.85851     0.00031
    -0.00086     0.00016    -1.00000
           0           3           9           1
    -5.35779     8.91488   -12.80141
    -0.85851    -0.51279     0.00039
     0.51279    -0.85851    -0.00120
     0.00095    -0.00083     1.00000
           0           3           9           2
    -5.35172     8.90961    -6.42602
    -0.85851    -0.51279     0.00039
     0.51279    -0.85851    -0.00120
     0.00095    -0.00083     1.00000
           0           3           9           3
    -5.34565     8.90433    -0.05062
    -0.85851    -0.51279     0.00039
     0.51279    -0.85851    -0.00120
     0.00095    -0.00083     1.00000
           0           3           9           4
    -5.33957     8.89906     6.32477
    -0.85851    -0.51279     0.00039
     0.51279    -0.85851    -0.00120
     0.00095    -0.00083     1.00000
           0           3           9           5
    -5.33350     8.89378    12.70017
    -0.85851    -0.51279     0.00039
     0.51279    -0.85851    -0.00120
     0.00095    -0.00083     1.00000
           0           3          10           1
    -8.89574     7.73308   -12.79902
    -0.65751    -0.75345     0.00000
     0.75345    -0.65751    -0.00126
     0.00095    -0.00083     1.00000
           0           3          10           2
    -8.88967     7.72781    -6.42363
    -0.65751    -0.75345     0.00000
     0.75345    -0.65751    -0.00126
     0.00095    -0.00083     1.00000
           0           3          10           3
    -8.88360     7.72253    -0.04823
    -0.65751    -0.75345     0.00000
     0.75345    -0.65751    -0.00126
     0.00095    -0.00083     1.00000
           0           3          10           4
    -8.87752     7.71726     6.32716
    -0.65751    -0.75345     0.00000
     0.75345    -0.65751    -0.00126
     0.00095    -0.00083     1.00000
           0           3          10           5
    -8.87145     7.71198    12.70256
    -0.65751    -0.75345     0.00000
     0.75345    -0.65751    -0.00126
     0.00095    -0.00083     1.00000
           0           3          11           1
   -11.67092     5.43747   -12.79828
    -0.42341    -0.90594    -0.00035
     0.90594    -0.42341    -0.00121
     0.00095    -0.00083     1.00000
           0           3          11           2
   -11.66485     5.43220    -6.42288
    -0.42341    -0.90594    -0.00035
     0.90594    -0.42341    -0.00121
     0.00095    -0.00083     1.00000
           0           3          11           3
   -11.65878     5.42692    -0.04749
    -0.42341    -0.90594    -0.00035
     0.90594    -0.42341    -0.00121
     0.00095    -0.00083     1.00000
           0           3          11           4
   -11.65270     5.42165     6.32791
    -0.42341    -0.90594    -0.00035
     0.90594    -0.42341    -0.00121
     0.00095    -0.00083     1.00000
           0           3          11           5
   -11.64663     5.41637    12.70330
    -0.42341    -0.90594    -0.00035
     0.90594    -0.42341    -0.00121
     0.00095    -0.00083     1.00000
           0           3          12           1
   -10.32010     1.42335   -12.80289
    -0.13727    -0.99053    -0.00069
     0.99053    -0.13727    -0.00106
     0.00095    -0.00083     1.00000
           0           3          12           2
   -10.31402     1.41808    -6.42749
    -0.13727    -0.99053    -0.00069
     0.99053    -0.13727    -0.00106
     0.00095    -0.00083     1.00000
           0           3          12           3
   -10.30795     1.41280    -0.05210
    -0.13727    -0.99053    -0.00069
     0.99053    -0.13727    -0.00106
     0.00095    -0.00083     1.00000
           0           3          12           4
   -10.30188     1.40753     6.32330
    -0.13727    -0.99053    -0.00069
     0.99053    -0.13727    -0.00106
     0.00095    -0.00083     1.00000
           0           3          12           5
   -10.29581     1.40225    12.69869
    -0.13727    -0.99053    -0.00069
     0.99053    -0.13727    -0.00106
     0.00095    -0.00083     1.00000
           0           3          13           1
   -11.61231    -2.07579   -12.80455
     0.17623    -0.98435    -0.00098
     0.98435     0.17623    -0.00079
     0.00095    -0.00083     1.00000
           0           3          13           2
   -11.60624    -2.08106    -6.42916
     0.17623    -0.98435    -0.00098
     0.98435     0.17623    -0.00079
     0.00095    -0.00083     1.00000
           0           3          13           3
   -11.60016    -2.08634    -0.05376
     0.17623    -0.98435    -0.00098
     0.98435     0.17623    -0.00079
     0.00095    -0.00083     1.00000
           0           3          13           4
   -11.59409    -2.09161     6.32163
     0.17623    -0.98435    -0.00098
     0.98435     0.17623    -0.00079
     0.00095    -0.00083     1.00000
           0           3          13           5
   -11.58802    -2.09688    12.69703
     0.17623    -0.98435    -0.00098
     0.98435     0.17623    -0.00079
     0.00095    -0.00083     1.00000
           0           3          14           1
   -11.55841    -5.67696   -12.80758
     0.44166    -0.89718    -0.00116
     0.89718     0.44166    -0.00049
     0.00095    -0.00083     1.00000
           0           3          14           2
   -11.55234    -5.68224    -6.43219
     0.44166    -0.89718    -0.00116
     0.89718     0.44166    -0.00049
     0.00095    -0.00083     1.00000
           0           3          14           3
   -11.54627    -5.68751    -0.05679
     0.44166    -0.89718    -0.00116
     0.89718     0.44166    -0.00049
     0.00095    -0.00083     1.00000
           0           3          14           4
   -11.54019    -5.69279     6.31860
     0.44166    -0.89718    -0.00116
     0.89718     0.44166    -0.00049
     0.00095    -0.00083     1.00000
           0           3          14           5
   -11.53412    -5.69806    12.69400
     0.44166    -0.89718    -0.00116
     0.89718     0.44166    -0.00049
     0.00095    -0.00083     1.00000
           0           3          15           1
    -7.58209    -7.13531   -12.81258
     0.68671    -0.72693    -0.00126
     0.72693     0.68671    -0.00012
     0.00095    -0.00083     1.00000
           0           3          15           2
    -7.57602    -7.14059    -6.43718
     0.68671    -0.72693    -0.00126
     0.72693     0.68671    -0.00012
     0.00095    -0.00083     1.00000
           0           3          15           3
    -7.56995    -7.14586    -0.06179
     0.68671    -0.72693    -0.00126
     0.72693     0.68671    -0.00012
     0.00095    -0.00083     1.00000
           0           3          15           4
    -7.56388    -7.15114     6.31361
     0.68671    -0.72693    -0.00126
     0.72693     0.68671    -0.00012
     0.00095    -0.00083     1.00000
           0           3          15           5
    -7.55780    -7.15641    12.68900
     0.68671    -0.72693    -0.00126
     0.72693     0.68671    -0.00012
     0.00095    -0.00083     1.00000
           0           3          16           1
    -5.66144   -10.33293   -12.81705
     0.87807    -0.47854    -0.00123
     0.47854     0.87807     0.00027
     0.00095    -0.00083     1.00000
           0           3          16           2
    -5.65536   -10.33821    -6.44166
     0.87807    -0.47854    -0.00123
     0.47854     0.87807     0.00027
     0.00095    -0.00083     1.00000
           0           3          16           3
    -5.64929   -10.34348    -0.06626
     0.87807    -0.47854    -0.00123
     0.47854     0.87807     0.00027
     0.00095    -0.00083     1.00000
           0           3          16           4
    -5.64322   -10.34876     6.30913
     0.87807    -0.47854    -0.00123
     0.47854     0.87807     0.00027
     0.00095    -0.00083     1.00000
           0           3          16           5
    -5.63715   -10.35403    12.68453
     0.87807    -0.47854    -0.00123
     0.47854     0.87807     0.00027
     0.00095    -0.00083     1.00000
           0           4           1           1
     6.53229   -14.09560   -15.89119
     0.90726     0.42056    -0.00072
    -0.42056     0.90726     0.00050
     0.00086    -0.00016     1.00000
           0           4           1           2
     6.53777   -14.09659    -9.51579
     0.90726     0.42056    -0.00072
    -0.42056     0.90726     0.00050
     0.00086    -0.00016     1.00000
           0           4           1           3
     6.54326   -14.09758    -3.14039
     0.90726     0.42056    -0.00072
    -0.42056     0.90726     0.00050
     0.00086    -0.00016     1.00000
           0           4           1           4
     6.54874   -14.09857     3.23501
     0.90726     0.42056    -0.00072
    -0.42056     0.90726     0.00050
     0.00086    -0.00016     1.00000
           0           4           1           5
     6.55423   -14.09956     9.61040
     0.90726     0.42056    -0.00072
    -0.42056     0.90726     0.00050
     0.00086    -0.00016     1.00000
           0           4           1           6
     6.55971   -14.10055    15.98580
     0.90726     0.42056    -0.00072
    -0.42056     0.90726     0.00050
     0.00086    -0.00016     1.00000
           0           4           2           1
    10.10870   -13.26357   -15.89413
     0.79537     0.60613    -0.00059
    -0.60613     0.79537     0.00064
     0.00086    -0.00016     1.00000
           0           4           2           2
    10.11418   -13.26456    -9.51874
     0.79537     0.60613    -0.00059
    -0.60613     0.79537     0.00064
     0.00086    -0.00016     1.00000
           0           4           2           3
    10.11967   -13.26555    -3.14334
     0.79537     0.60613    -0.00059
    -0.60613     0.79537     0.00064
     0.00086    -0.00016     1.00000
           0           4           2           4
    10.12515   -13.26654     3.23206
     0.79537     0.60613    -0.00059
    -0.60613     0.79537     0.00064
     0.00086    -0.00016     1.00000
           0           4           2           5
    10.13063   -13.26753     9.60746
     0.79537     0.60613    -0.00059
    -0.60613     0.79537     0.00064
     0.00086    -0.00016     1.00000
           0           4           2           6
    10.13612   -13.26852    15.98285
     0.79537     0.60613    -0.00059
    -0.60613     0.79537     0.00064
     0.00086    -0.00016     1.00000
           0           4           3           1
    13.42469   -11.71564   -15.89675
     0.65764     0.75333    -0.00045
    -0.75333     0.65764     0.00075
     0.00086    -0.00016     1.00000
           0           4           3           2
    13.43017   -11.71663    -9.52135
     0.65764     0.75333    -0.00045
    -0.75333     0.65764     0.00075
     0.00086    -0.00016     1.00000
           0           4           3           3
    13.43565   -11.71762    -3.14595
     0.65764     0.75333    -0.00045
    -0.75333     0.65764     0.00075
     0.00086    -0.00016     1.00000
           0           4           3           4
    13.44114   -11.71861     3.22945
     0.65764     0.75333    -0.00045
    -0.75333     0.65764     0.00075
     0.00086    -0.00016     1.00000
           0           4           3           5
    13.44662   -11.71960     9.60484
     0.65764     0.75333    -0.00045
    -0.75333     0.65764     0.00075
     0.00086    -0.00016     1.00000
           0           4           3           6
    13.45211   -11.72059    15.98024
     0.65764     0.75333    -0.00045
    -0.75333     0.65764     0.00075
     0.00086    -0.00016     1.00000
           0           4           4           1
    13.58055    -7.54710   -15.89623
     0.48603     0.87394    -0.00028
    -0.87394     0.48603     0.00083
     0.00086    -0.00016     1.00000
           0           4           4           2
    13.58603    -7.54809    -9.52084
     0.48603     0.87394    -0.00028
    -0.87394     0.48603     0.00083
     0.00086    -0.00016     1.00000
           0           4           4           3
    13.59151    -7.54908    -3.14544
     0.48603     0.87394    -0.00028
    -0.87394     0.48603     0.00083
     0.00086    -0.00016     1.00000
           0           4           4           4
    13.59700    -7.55007     3.22996
     0.48603     0.87394    -0.00028
    -0.87394     0.48603     0.00083
     0.00086    -0.00016     1.00000
           0           4           4           5
    13.60248    -7.55106     9.60536
     0.48603     0.87394    -0.00028
    -0.87394     0.48603     0.00083
     0.00086    -0.00016     1.00000
           0           4           4           6
    13.60797    -7.55205    15.98075
     0.48603     0.87394    -0.00028
    -0.87394     0.48603     0.00083
     0.00086    -0.00016     1.00000
           0           4           5           1
    15.98245    -4.76971   -15.89787
     0.28636     0.95812    -0.00010
    -0.95812     0.28636     0.00087
     0.00086    -0.00016     1.00000
           0           4           5           2
    15.98793    -4.77070    -9.52247
     0.28636     0.95812    -0.00010
    -0.95812     0.28636     0.00087
     0.00086    -0.00016     1.00000
           0           4           5           3
    15.99341    -4.77169    -3.14707
     0.28636     0.95812    -0.00010
    -0.95812     0.28636     0.00087
     0.00086    -0.00016     1.00000
           0           4           5           4
    15.99890    -4.77268     3.22832
     0.28636     0.95812    -0.00010
    -0.95812     0.28636     0.00087
     0.00086    -0.00016     1.00000
           0           4           5           5
    16.00438    -4.77367     9.60372
     0.28636     0.95812    -0.00010
    -0.95812     0.28636     0.00087
     0.00086    -0.00016     1.00000
           0           4           5           6
    16.00987    -4.77466    15.97912
     0.28636     0.95812    -0.00010
    -0.95812     0.28636     0.00087
     0.00086    -0.00016     1.00000
           0           4           6           1
    17.75249    -1.56678   -15.89889
     0.08837     0.99609     0.00008
    -0.99609     0.08837     0.00087
     0.00086    -0.00016     1.00000
           0           4           6           2
    17.75798    -1.56777    -9.52350
     0.08837     0.99609     0.00008
    -0.99609     0.08837     0.00087
     0.00086    -0.00016     1.00000
           0           4           6           3
    17.76346    -1.56876    -3.14810
     0.08837     0.99609     0.00008
    -0.99609     0.08837     0.00087
     0.00086    -0.00016     1.00000
           0           4           6           4
    17.76895    -1.56975     3.22730
     0.08837     0.99609     0.00008
    -0.99609     0.08837     0.00087
     0.00086    -0.00016     1.00000
           0           4           6           5
    17.77443    -1.57074     9.60270
     0.08837     0.99609     0.00008
    -0.99609     0.08837     0.00087
     0.00086    -0.00016     1.00000
           0           4           6           6
    17.77992    -1.57173    15.97809
     0.08837     0.99609     0.00008
    -0.99609     0.08837     0.00087
     0.00086    -0.00016     1.00000
           0           4           7           1
    15.42536     1.89523   -15.89635
    -0.12135     0.99261     0.00026
    -0.99261    -0.12135     0.00084
     0.00086    -0.00016     1.00000
           0           4           7           2
    15.43084     1.89424    -9.52096
    -0.12135     0.99261     0.00026
    -0.99261    -0.12135     0.00084
     0.00086    -0.00016     1.00000
           0           4           7           3
    15.43633     1.89325    -3.14556
    -0.12135     0.99261     0.00026
    -0.99261    -0.12135     0.00084
     0.00086    -0.00016     1.00000
           0           4           7           4
    15.44181     1.89226     3.22984
    -0.12135     0.99261     0.00026
    -0.99261    -0.12135     0.00084
     0.00086    -0.00016     1.00000
           0           4           7           5
    15.44730     1.89127     9.60524
    -0.12135     0.99261     0.00026
    -0.99261    -0.12135     0.00084
     0.00086    -0.00016     1.00000
           0           4           7           6
    15.45278     1.89028    15.98063
    -0.12135     0.99261     0.00026
    -0.99261    -0.12135     0.00084
     0.00086    -0.00016     1.00000
           0           4           8           1
    15.73284     5.55425   -15.89605
    -0.33233     0.94316     0.00043
    -0.94316    -0.33233     0.00076
     0.00086    -0.00016     1.00000
           0           4           8           2
    15.73832     5.55326    -9.52065
    -0.33233     0.94316     0.00043
    -0.94316    -0.33233     0.00076
     0.00086    -0.00016     1.00000
           0           4           8           3
    15.74381     5.55227    -3.14526
    -0.33233     0.94316     0.00043
    -0.94316    -0.33233     0.00076
     0.00086    -0.00016     1.00000
           0           4           8           4
    15.74929     5.55128     3.23014
    -0.33233     0.94316     0.00043
    -0.94316    -0.33233     0.00076
     0.00086    -0.00016     1.00000
           0           4           8           5
    15.75478     5.55029     9.60554
    -0.33233     0.94316     0.00043
    -0.94316    -0.33233     0.00076
     0.00086    -0.00016     1.00000
           0           4           8           6
    15.76026     5.54930    15.98094
    -0.33233     0.94316     0.00043
    -0.94316    -0.33233     0.00076
     0.00086    -0.00016     1.00000
           0           4           9           1
    15.27903     9.18549   -15.89510
    -0.51474     0.85735     0.00058
    -0.85735    -0.51474     0.00066
     0.00086    -0.00016     1.00000
           0           4           9           2
    15.28451     9.18450    -9.51970
    -0.51474     0.85735     0.00058
    -0.85735    -0.51474     0.00066
     0.00086    -0.00016     1.00000
           0           4           9           3
    15.29000     9.18351    -3.14430
    -0.51474     0.85735     0.00058
    -0.85735    -0.51474     0.00066
     0.00086    -0.00016     1.00000
           0           4           9           4
    15.29548     9.18252     3.23110
    -0.51474     0.85735     0.00058
    -0.85735    -0.51474     0.00066
     0.00086    -0.00016     1.00000
           0           4           9           5
    15.30097     9.18153     9.60649
    -0.51474     0.85735     0.00058
    -0.85735    -0.51474     0.00066
     0.00086    -0.00016     1.00000
           0           4           9           6
    15.30645     9.18054    15.98189
    -0.51474     0.85735     0.00058
    -0.85735    -0.51474     0.00066
     0.00086    -0.00016     1.00000
           0           4          10           1
    11.36017    10.61504   -15.89150
    -0.68225     0.73112     0.00070
    -0.73112    -0.68225     0.00052
     0.00086    -0.00016     1.00000
           0           4          10           2
    11.36565    10.61405    -9.51611
    -0.68225     0.73112     0.00070
    -0.73112    -0.68225     0.00052
     0.00086    -0.00016     1.00000
           0           4          10           3
    11.37114    10.61306    -3.14071
    -0.68225     0.73112     0.00070
    -0.73112    -0.68225     0.00052
     0.00086    -0.00016     1.00000
           0           4          10           4
    11.37662    10.61207     3.23469
    -0.68225     0.73112     0.00070
    -0.73112    -0.68225     0.00052
     0.00086    -0.00016     1.00000
           0           4          10           5
    11.38211    10.61108     9.61009
    -0.68225     0.73112     0.00070
    -0.73112    -0.68225     0.00052
     0.00086    -0.00016     1.00000
           0           4          10           6
    11.38759    10.61009    15.98549
    -0.68225     0.73112     0.00070
    -0.73112    -0.68225     0.00052
     0.00086    -0.00016     1.00000
           0           4          11           1
     9.45547    13.75432   -15.88938
    -0.82373     0.56698     0.00080
    -0.56698    -0.82373     0.00036
     0.00086    -0.00016     1.00000
           0           4          11           2
     9.46095    13.75333    -9.51398
    -0.82373     0.56698     0.00080
    -0.56698    -0.82373     0.00036
     0.00086    -0.00016     1.00000
           0           4          11           3
     9.46644    13.75234    -3.13858
    -0.82373     0.56698     0.00080
    -0.56698    -0.82373     0.00036
     0.00086    -0.00016     1.00000
           0           4          11           4
     9.47192    13.75135     3.23682
    -0.82373     0.56698     0.00080
    -0.56698    -0.82373     0.00036
     0.00086    -0.00016     1.00000
           0           4          11           5
     9.47741    13.75036     9.61221
    -0.82373     0.56698     0.00080
    -0.56698    -0.82373     0.00036
     0.00086    -0.00016     1.00000
           0           4          11           6
     9.48289    13.74937    15.98761
    -0.82373     0.56698     0.00080
    -0.56698    -0.82373     0.00036
     0.00086    -0.00016     1.00000
           0           4          12           1
     6.95161    16.42314   -15.88681
    -0.92071     0.39025     0.00085
    -0.39025    -0.92071     0.00019
     0.00086    -0.00016     1.00000
           0           4          12           2
     6.95710    16.42215    -9.51141
    -0.92071     0.39025     0.00085
    -0.39025    -0.92071     0.00019
     0.00086    -0.00016     1.00000
           0           4          12           3
     6.96258    16.42116    -3.13601
    -0.92071     0.39025     0.00085
    -0.39025    -0.92071     0.00019
     0.00086    -0.00016     1.00000
           0           4          12           4
     6.96806    16.42017     3.23938
    -0.92071     0.39025     0.00085
    -0.39025    -0.92071     0.00019
     0.00086    -0.00016     1.00000
           0           4          12           5
     6.97355    16.41918     9.61478
    -0.92071     0.39025     0.00085
    -0.39025    -0.92071     0.00019
     0.00086    -0.00016     1.00000
           0           4          12           6
     6.97903    16.41819    15.99018
    -0.92071     0.39025     0.00085
    -0.39025    -0.92071     0.00019
     0.00086    -0.00016     1.00000
           0           4          13           1
    -6.96145    16.38818    15.89562
     0.92071     0.39025    -0.00055
     0.39025    -0.92071    -0.00113
    -0.00095     0.00083    -1.00000
           0           4          13           2
    -6.96752    16.39346     9.52022
     0.92071     0.39025    -0.00055
     0.39025    -0.92071    -0.00113
    -0.00095     0.00083    -1.00000
           0           4          13           3
    -6.97359    16.39873     3.14483
     0.92071     0.39025    -0.00055
     0.39025    -0.92071    -0.00113
    -0.00095     0.00083    -1.00000
           0           4          13           4
    -6.97967    16.40401    -3.23057
     0.92071     0.39025    -0.00055
     0.39025    -0.92071    -0.00113
    -0.00095     0.00083    -1.00000
           0           4          13           5
    -6.98574    16.40928    -9.60596
     0.92071     0.39025    -0.00055
     0.39025    -0.92071    -0.00113
    -0.00095     0.00083    -1.00000
           0           4          13           6
    -6.99181    16.41455   -15.98136
     0.92071     0.39025    -0.00055
     0.39025    -0.92071    -0.00113
    -0.00095     0.00083    -1.00000
           0           4          14           1
    -9.46531    13.71936    15.89580
     0.82373     0.56698    -0.00032
     0.56698    -0.82373    -0.00122
    -0.00095     0.00083    -1.00000
           0           4          14           2
    -9.47138    13.72464     9.52040
     0.82373     0.56698    -0.00032
     0.56698    -0.82373    -0.00122
    -0.00095     0.00083    -1.00000
           0           4          14           3
    -9.47746    13.72991     3.14501
     0.82373     0.56698    -0.00032
     0.56698    -0.82373    -0.00122
    -0.00095     0.00083    -1.00000
           0           4          14           4
    -9.48353    13.73519    -3.23039
     0.82373     0.56698    -0.00032
     0.56698    -0.82373    -0.00122
    -0.00095     0.00083    -1.00000
           0           4          14           5
    -9.48960    13.74046    -9.60578
     0.82373     0.56698    -0.00032
     0.56698    -0.82373    -0.00122
    -0.00095     0.00083    -1.00000
           0           4          14           6
    -9.49567    13.74574   -15.98118
     0.82373     0.56698    -0.00032
     0.56698    -0.82373    -0.00122
    -0.00095     0.00083    -1.00000
           0           4          15           1
   -11.37001    10.58008    15.89501
     0.68225     0.73112    -0.00004
     0.73112    -0.68225    -0.00126
    -0.00095     0.00083    -1.00000
           0           4          15           2
   -11.37609    10.58536     9.51962
     0.68225     0.73112    -0.00004
     0.73112    -0.68225    -0.00126
    -0.00095     0.00083    -1.00000
           0           4          15           3
   -11.38216    10.59063     3.14422
     0.68225     0.73112    -0.00004
     0.73112    -0.68225    -0.00126
    -0.00095     0.00083    -1.00000
           0           4          15           4
   -11.38824    10.59591    -3.23117
     0.68225     0.73112    -0.00004
     0.73112    -0.68225    -0.00126
    -0.00095     0.00083    -1.00000
           0           4          15           5
   -11.39431    10.60118    -9.60657
     0.68225     0.73112    -0.00004
     0.73112    -0.68225    -0.00126
    -0.00095     0.00083    -1.00000
           0           4          15           6
   -11.40038    10.60646   -15.98196
     0.68225     0.73112    -0.00004
     0.73112    -0.68225    -0.00126
    -0.00095     0.00083    -1.00000
           0           4          16           1
   -15.28887     9.15053    15.89756
     0.51474     0.85735     0.00022
     0.85735    -0.51474    -0.00124
    -0.00095     0.00083    -1.00000
           0           4          16           2
   -15.29494     9.15581     9.52217
     0.51474     0.85735     0.00022
     0.85735    -0.51474    -0.00124
    -0.00095     0.00083    -1.00000
           0           4          16           3
   -15.30102     9.16108     3.14677
     0.51474     0.85735     0.00022
     0.85735    -0.51474    -0.00124
    -0.00095     0.00083    -1.00000
           0           4          16           4
   -15.30709     9.16636    -3.22862
     0.51474     0.85735     0.00022
     0.85735    -0.51474    -0.00124
    -0.00095     0.00083    -1.00000
           0           4          16           5
   -15.31317     9.17163    -9.60402
     0.51474     0.85735     0.00022
     0.85735    -0.51474    -0.00124
    -0.00095     0.00083    -1.00000
           0           4          16           6
   -15.31924     9.17691   -15.97941
     0.51474     0.85735     0.00022
     0.85735    -0.51474    -0.00124
    -0.00095     0.00083    -1.00000
           0           4          17           1
   -15.74268     5.51929    15.89499
     0.33233     0.94316     0.00046
     0.94316    -0.33233    -0.00117
    -0.00095     0.00083    -1.00000
           0           4          17           2
   -15.74876     5.52457     9.51960
     0.33233     0.94316     0.00046
     0.94316    -0.33233    -0.00117
    -0.00095     0.00083    -1.00000
           0           4          17           3
   -15.75483     5.52984     3.14420
     0.33233     0.94316     0.00046
     0.94316    -0.33233    -0.00117
    -0.00095     0.00083    -1.00000
           0           4          17           4
   -15.76090     5.53512    -3.23119
     0.33233     0.94316     0.00046
     0.94316    -0.33233    -0.00117
    -0.00095     0.00083    -1.00000
           0           4          17           5
   -15.76697     5.54039    -9.60659
     0.33233     0.94316     0.00046
     0.94316    -0.33233    -0.00117
    -0.00095     0.00083    -1.00000
           0           4          17           6
   -15.77305     5.54567   -15.98199
     0.33233     0.94316     0.00046
     0.94316    -0.33233    -0.00117
    -0.00095     0.00083    -1.00000
           0           4          18           1
   -15.43521     1.86028    15.89167
     0.12135     0.99261     0.00071
     0.99261    -0.12135    -0.00105
    -0.00095     0.00083    -1.00000
           0           4          18           2
   -15.44128     1.86555     9.51628
     0.12135     0.99261     0.00071
     0.99261    -0.12135    -0.00105
    -0.00095     0.00083    -1.00000
           0           4          18           3
   -15.44735     1.87083     3.14088
     0.12135     0.99261     0.00071
     0.99261    -0.12135    -0.00105
    -0.00095     0.00083    -1.00000
           0           4          18           4
   -15.45342     1.87610    -3.23451
     0.12135     0.99261     0.00071
     0.99261    -0.12135    -0.00105
    -0.00095     0.00083    -1.00000
           0           4          18           5
   -15.45950     1.88138    -9.60991
     0.12135     0.99261     0.00071
     0.99261    -0.12135    -0.00105
    -0.00095     0.00083    -1.00000
           0           4          18           6
   -15.46557     1.88665   -15.98530
     0.12135     0.99261     0.00071
     0.99261    -0.12135    -0.00105
    -0.00095     0.00083    -1.00000
           0           4          19           1
   -17.76235    -1.60173    15.89102
    -0.08837     0.99609     0.00091
     0.99609     0.08837    -0.00088
    -0.00095     0.00083    -1.00000
           0           4          19           2
   -17.76842    -1.59646     9.51563
    -0.08837     0.99609     0.00091
     0.99609     0.08837    -0.00088
    -0.00095     0.00083    -1.00000
           0           4          19           3
   -17.77449    -1.59118     3.14023
    -0.08837     0.99609     0.00091
     0.99609     0.08837    -0.00088
    -0.00095     0.00083    -1.00000
           0           4          19           4
   -17.78057    -1.58591    -3.23516
    -0.08837     0.99609     0.00091
     0.99609     0.08837    -0.00088
    -0.00095     0.00083    -1.00000
           0           4          19           5
   -17.78664    -1.58063    -9.61056
    -0.08837     0.99609     0.00091
     0.99609     0.08837    -0.00088
    -0.00095     0.00083    -1.00000
           0           4          19           6
   -17.79271    -1.57536   -15.98595
    -0.08837     0.99609     0.00091
     0.99609     0.08837    -0.00088
    -0.00095     0.00083    -1.00000
           0           4          20           1
   -15.99230    -4.80466    15.88669
    -0.28636     0.95812     0.00107
     0.95812     0.28636    -0.00068
    -0.00095     0.00083    -1.00000
           0           4          20           2
   -15.99837    -4.79939     9.51129
    -0.28636     0.95812     0.00107
     0.95812     0.28636    -0.00068
    -0.00095     0.00083    -1.00000
           0           4          20           3
   -16.00445    -4.79411     3.13590
    -0.28636     0.95812     0.00107
     0.95812     0.28636    -0.00068
    -0.00095     0.00083    -1.00000
           0           4          20           4
   -16.01052    -4.78884    -3.23950
    -0.28636     0.95812     0.00107
     0.95812     0.28636    -0.00068
    -0.00095     0.00083    -1.00000
           0           4          20           5
   -16.01659    -4.78356    -9.61489
    -0.28636     0.95812     0.00107
     0.95812     0.28636    -0.00068
    -0.00095     0.00083    -1.00000
           0           4          20           6
   -16.02266    -4.77829   -15.99029
    -0.28636     0.95812     0.00107
     0.95812     0.28636    -0.00068
    -0.00095     0.00083    -1.00000
           0           4          21           1
   -13.59041    -7.58205    15.88210
    -0.48603     0.87394     0.00119
     0.87394     0.48603    -0.00043
    -0.00095     0.00083    -1.00000
           0           4          21           2
   -13.59648    -7.57678     9.50671
    -0.48603     0.87394     0.00119
     0.87394     0.48603    -0.00043
    -0.00095     0.00083    -1.00000
           0           4          21           3
   -13.60255    -7.57150     3.13131
    -0.48603     0.87394     0.00119
     0.87394     0.48603    -0.00043
    -0.00095     0.00083    -1.00000
           0           4          21           4
   -13.60862    -7.56623    -3.24408
    -0.48603     0.87394     0.00119
     0.87394     0.48603    -0.00043
    -0.00095     0.00083    -1.00000
           0           4          21           5
   -13.61469    -7.56095    -9.61948
    -0.48603     0.87394     0.00119
     0.87394     0.48603    -0.00043
    -0.00095     0.00083    -1.00000
           0           4          21           6
   -13.62077    -7.55568   -15.99487
    -0.48603     0.87394     0.00119
     0.87394     0.48603    -0.00043
    -0.00095     0.00083    -1.00000
           0           4          22           1
   -13.43454   -11.75059    15.87850
    -0.65764     0.75333     0.00125
     0.75333     0.65764    -0.00017
    -0.00095     0.00083    -1.00000
           0           4          22           2
   -13.44061   -11.74531     9.50311
    -0.65764     0.75333     0.00125
     0.75333     0.65764    -0.00017
    -0.00095     0.00083    -1.00000
           0           4          22           3
   -13.44669   -11.74004     3.12771
    -0.65764     0.75333     0.00125
     0.75333     0.65764    -0.00017
    -0.00095     0.00083    -1.00000
           0           4          22           4
   -13.45277   -11.73476    -3.24768
    -0.65764     0.75333     0.00125
     0.75333     0.65764    -0.00017
    -0.00095     0.00083    -1.00000
           0           4          22           5
   -13.45884   -11.72949    -9.62308
    -0.65764     0.75333     0.00125
     0.75333     0.65764    -0.00017
    -0.00095     0.00083    -1.00000
           0           4          22           6
   -13.46491   -11.72421   -15.99847
    -0.65764     0.75333     0.00125
     0.75333     0.65764    -0.00017
    -0.00095     0.00083    -1.00000
           0           4          23           1
   -10.11855   -13.29852    15.87406
    -0.79537     0.60613     0.00126
     0.60613     0.79537     0.00008
    -0.00095     0.00083    -1.00000
           0           4          23           2
   -10.12462   -13.29324     9.49867
    -0.79537     0.60613     0.00126
     0.60613     0.79537     0.00008
    -0.00095     0.00083    -1.00000
           0           4          23           3
   -10.13070   -13.28797     3.12327
    -0.79537     0.60613     0.00126
     0.60613     0.79537     0.00008
    -0.00095     0.00083    -1.00000
           0           4          23           4
   -10.13677   -13.28269    -3.25212
    -0.79537     0.60613     0.00126
     0.60613     0.79537     0.00008
    -0.00095     0.00083    -1.00000
           0           4          23           5
   -10.14284   -13.27742    -9.62751
    -0.79537     0.60613     0.00126
     0.60613     0.79537     0.00008
    -0.00095     0.00083    -1.00000
           0           4          23           6
   -10.14891   -13.27214   -16.00291
    -0.79537     0.60613     0.00126
     0.60613     0.79537     0.00008
    -0.00095     0.00083    -1.00000
           0           4          24           1
    -6.54215   -14.13055    15.86997
    -0.90726     0.42056     0.00121
     0.42056     0.90726     0.00035
    -0.00095     0.00083    -1.00000
           0           4          24           2
    -6.54823   -14.12527     9.49457
    -0.90726     0.42056     0.00121
     0.42056     0.90726     0.00035
    -0.00095     0.00083    -1.00000
           0           4          24           3
    -6.55430   -14.12000     3.11918
    -0.90726     0.42056     0.00121
     0.42056     0.90726     0.00035
    -0.00095     0.00083    -1.00000
           0           4          24           4
    -6.56037   -14.11472    -3.25622
    -0.90726     0.42056     0.00121
     0.42056     0.90726     0.00035
    -0.00095     0.00083    -1.00000
           0           4          24           5
    -6.56644   -14.10945    -9.63161
    -0.90726     0.42056     0.00121
     0.42056     0.90726     0.00035
    -0.00095     0.00083    -1.00000
           0           4          24           6
    -6.57252   -14.10417   -16.00701
    -0.90726     0.42056     0.00121
     0.42056     0.90726     0.00035
    -0.00095     0.00083    -1.00000
